2 0.977271 0.662287 0.038453 0.049276
2 0.905681 0.661483 0.035197 0.050053
2 0.877196 0.473400 0.025424 0.038866
2 0.853128 0.475753 0.024241 0.034795
2 0.367991 0.659153 0.033829 0.044796
2 0.903225 0.475956 0.024953 0.033389
2 0.692544 0.602775 0.025542 0.047464
2 0.909298 0.600603 0.028589 0.046482
2 0.593441 0.663333 0.028084 0.043141
2 0.945936 0.598213 0.032367 0.049330
2 0.880724 0.600159 0.027615 0.044194
2 0.979660 0.599199 0.034240 0.047892
2 0.790938 0.661124 0.026911 0.047398
2 0.800529 0.529759 0.023264 0.041876
2 0.601970 0.541508 0.020402 0.031943
2 0.255103 0.537913 0.028392 0.032603
2 0.589631 0.490222 0.020379 0.030752
2 0.650956 0.486567 0.018578 0.029865
2 0.333632 0.605983 0.028786 0.039727
2 0.940618 0.664632 0.035759 0.046066
2 0.570042 0.489892 0.020762 0.032908
2 0.609251 0.488941 0.018397 0.029597
2 0.972210 0.528703 0.028062 0.039004
2 0.556788 0.601836 0.025397 0.039950
2 0.659693 0.661576 0.023220 0.044035
2 0.579892 0.538176 0.021944 0.039649
2 0.870379 0.575045 0.026515 0.041424
2 0.457753 0.495140 0.020095 0.028829
2 0.623799 0.538168 0.019312 0.038738
2 0.759866 0.663851 0.026175 0.045333
2 0.491450 0.584296 0.027012 0.034087
2 0.549687 0.491040 0.018833 0.030624
2 0.823579 0.516602 0.023168 0.032740
2 0.531751 0.491218 0.018122 0.028391
2 0.380867 0.605325 0.027936 0.039865
2 0.474797 0.493745 0.017236 0.028169
2 0.722642 0.602748 0.025099 0.042202
2 0.664290 0.598958 0.024532 0.045489
2 0.864061 0.664395 0.034055 0.046911
2 0.283516 0.557774 0.025829 0.029142
2 0.542120 0.527567 0.020671 0.029288
2 0.295252 0.586295 0.028221 0.034641
2 0.672359 0.485254 0.019593 0.032657
2 0.520859 0.524547 0.021566 0.031901
2 0.615096 0.579363 0.023083 0.039119
2 0.930661 0.475353 0.023588 0.030164
2 0.470134 0.545785 0.022497 0.030731
2 0.377581 0.580077 0.024387 0.028356
2 0.939206 0.528535 0.028324 0.040879
2 0.858333 0.535688 0.025161 0.038890
2 0.488913 0.542713 0.021938 0.036135
2 0.581067 0.598567 0.024147 0.044128
2 0.510812 0.546647 0.021632 0.033387
2 0.355165 0.584526 0.025179 0.034612
2 0.901908 0.571509 0.026733 0.042654
2 0.494049 0.493787 0.021706 0.029988
2 0.635136 0.602704 0.027806 0.045566
2 0.886628 0.534178 0.023649 0.040911
2 0.607406 0.522487 0.018781 0.028880
2 0.630108 0.488811 0.018494 0.027145
2 0.428572 0.544406 0.022051 0.034757
2 0.467365 0.584226 0.024880 0.030507
2 0.405901 0.585592 0.026762 0.034808
2 0.715953 0.484581 0.018154 0.030724
2 0.752504 0.578248 0.023158 0.038132
2 0.829549 0.477911 0.020545 0.034883
2 0.759820 0.482660 0.020698 0.030644
2 0.447262 0.546087 0.019646 0.030007
2 0.812242 0.592584 0.028393 0.051878
2 0.737715 0.482384 0.018379 0.031519
2 0.838644 0.572484 0.026095 0.040308
2 0.807884 0.480010 0.021402 0.035956
2 0.444237 0.584328 0.026611 0.033101
2 0.783684 0.483286 0.021421 0.033167
2 0.648492 0.537439 0.020541 0.037913
2 0.513356 0.491677 0.020098 0.029822
2 0.968375 0.570805 0.033410 0.043218
2 0.099065 0.522156 0.024115 0.031029
2 0.307630 0.550670 0.023710 0.031380
2 0.562227 0.663818 0.026272 0.040615
2 0.224974 0.506844 0.020356 0.030168
2 0.438802 0.494629 0.020118 0.027798
2 0.408633 0.542471 0.023415 0.039918
2 0.724664 0.529817 0.023164 0.045006
2 0.480080 0.524700 0.020900 0.022069
2 0.933262 0.570749 0.029985 0.039989
2 0.117500 0.521876 0.022579 0.028493
2 0.845089 0.599361 0.024089 0.038295
2 0.832105 0.664839 0.024860 0.045588
2 0.527047 0.601473 0.020087 0.033943
2 0.232671 0.544323 0.025346 0.026606
2 0.907592 0.530180 0.028182 0.041273
2 0.326871 0.550710 0.021828 0.031770
2 0.561048 0.583054 0.025831 0.034518
2 0.400161 0.580839 0.024834 0.032089
2 0.782324 0.600752 0.024860 0.045846
2 0.541737 0.582164 0.025545 0.037178
2 0.675048 0.525186 0.021692 0.034578
2 0.289491 0.502862 0.026505 0.035205
2 0.648829 0.528357 0.020220 0.032747
2 0.623787 0.530755 0.019435 0.032008
2 0.035067 0.553111 0.032579 0.022170
2 0.849468 0.513415 0.020867 0.033432
2 0.690801 0.665856 0.023756 0.035177
2 0.348735 0.547267 0.024370 0.036930
2 0.194963 0.510379 0.017631 0.027911
2 0.774354 0.529190 0.023619 0.048422
2 0.697506 0.576001 0.022819 0.040734
2 0.162985 0.515724 0.021845 0.028170
2 0.420926 0.496275 0.018653 0.026835
2 0.556494 0.540459 0.019582 0.036497
2 0.749901 0.534266 0.022303 0.040855
2 0.699600 0.525493 0.021211 0.043698
2 0.498196 0.526891 0.017770 0.025163
2 0.640818 0.583257 0.027655 0.035736
2 0.407281 0.605610 0.027538 0.033923
2 0.992267 0.524090 0.015466 0.041651
2 0.192554 0.512159 0.026551 0.029978
2 0.382481 0.531781 0.021476 0.030558
2 0.694429 0.484826 0.018874 0.033359
2 0.161324 0.546477 0.025488 0.024622
2 0.584510 0.527841 0.023846 0.029459
2 0.861268 0.530720 0.022291 0.034873
2 0.066684 0.487542 0.024407 0.028526
2 0.199446 0.544417 0.023524 0.025222
2 0.810847 0.578028 0.027684 0.041696
2 0.884233 0.529358 0.027587 0.040787
2 0.380217 0.582873 0.024191 0.029909
2 0.724233 0.659996 0.025363 0.041101
2 0.460966 0.525251 0.020597 0.024701
2 0.643540 0.578087 0.024587 0.038442
2 0.242911 0.507448 0.019000 0.028567
2 0.113536 0.549743 0.022011 0.021377
2 0.875323 0.513979 0.023782 0.034216
2 0.905641 0.589646 0.027393 0.033985
2 0.500489 0.525181 0.018399 0.031743
2 0.940643 0.586019 0.034450 0.037920
2 0.695467 0.589921 0.026432 0.033246
2 0.559223 0.590203 0.025136 0.039509
2 0.432926 0.546642 0.017588 0.030474
2 0.145908 0.520215 0.023532 0.027377
2 0.268906 0.505098 0.022607 0.031035
2 0.723162 0.576545 0.023469 0.041755
2 0.061715 0.549516 0.029713 0.024639
2 0.182810 0.510539 0.013375 0.029663
2 0.672654 0.536538 0.020543 0.038670
2 0.667897 0.569986 0.022147 0.030798
2 0.781536 0.571473 0.023454 0.031305
2 0.557191 0.531951 0.018014 0.036372
2 0.137886 0.548579 0.030884 0.022218
2 0.185177 0.546471 0.032765 0.024145
2 0.273875 0.603707 0.023187 0.043125
2 0.221420 0.541672 0.025798 0.026492
2 0.892539 0.600391 0.014266 0.044648
2 0.398484 0.530685 0.020136 0.029730
2 0.236895 0.507769 0.025532 0.029593
2 0.208200 0.508321 0.016704 0.029651
2 0.181926 0.541397 0.025702 0.028211
2 0.323149 0.548815 0.024163 0.034586
2 0.344760 0.550363 0.027766 0.031414
2 0.990176 0.584858 0.018866 0.061079
2 0.010176 0.552135 0.020327 0.020151
2 0.992017 0.573455 0.015966 0.041731
2 0.163367 0.512876 0.017553 0.030831
2 0.097346 0.551454 0.022373 0.021646
2 0.862856 0.518562 0.020316 0.037466
2 0.151197 0.517353 0.028368 0.029993
2 0.404462 0.530788 0.022927 0.028893
2 0.935550 0.521903 0.029408 0.049738
2 0.090869 0.523199 0.027945 0.028782
2 0.461942 0.582351 0.019701 0.033278
2 0.535821 0.525687 0.018896 0.034079
2 0.274614 0.594046 0.021631 0.042150
2 0.698102 0.536796 0.020045 0.035657
2 0.089984 0.552125 0.029757 0.020415
2 0.963413 0.509548 0.035610 0.032540
2 0.880891 0.591756 0.024591 0.049873
2 0.425265 0.536059 0.020826 0.039838
2 0.933102 0.509541 0.027282 0.030890
2 0.419802 0.529587 0.021020 0.026375
2 0.256281 0.507290 0.017600 0.029052
2 0.815935 0.525318 0.018878 0.039885
2 0.361844 0.530497 0.021990 0.030210
2 0.102799 0.548720 0.032918 0.025799
2 0.774709 0.518503 0.020702 0.035245
2 0.337073 0.588384 0.029255 0.031918
2 0.101598 0.484106 0.024856 0.029559
2 0.839855 0.560362 0.022715 0.037568
2 0.112349 0.547015 0.020879 0.028033
2 0.937151 0.548529 0.030644 0.096914
2 0.084506 0.523909 0.019524 0.030144
2 0.474914 0.663575 0.024153 0.035534
2 0.718749 0.530029 0.021897 0.043956
2 0.957442 0.509201 0.029803 0.031078
2 0.386212 0.532311 0.024340 0.027724
2 0.904779 0.507228 0.025422 0.027922
