2 0.025366 0.411690 0.026280 0.035002
2 0.352283 0.574841 0.029012 0.044706
2 0.028160 0.610449 0.037870 0.050161
2 0.051289 0.411580 0.024794 0.033530
2 0.176263 0.409662 0.019598 0.031837
2 0.102848 0.411093 0.023018 0.033951
2 0.385532 0.518512 0.025989 0.042542
2 0.691303 0.544692 0.032277 0.038375
2 0.012244 0.469210 0.024487 0.042282
2 0.127612 0.410986 0.022960 0.035245
2 0.406477 0.570197 0.031538 0.042759
2 0.152251 0.410674 0.021270 0.035524
2 0.357369 0.521249 0.023006 0.041220
2 0.627488 0.503530 0.033263 0.039543
2 0.082545 0.538017 0.030782 0.050938
2 0.711546 0.543322 0.024825 0.038814
2 0.435983 0.518360 0.023796 0.041536
2 0.338725 0.460768 0.021681 0.038895
2 0.354389 0.407796 0.020643 0.029930
2 0.439354 0.575722 0.028728 0.041119
2 0.262086 0.457692 0.022917 0.041333
2 0.379952 0.573470 0.024781 0.040330
2 0.332092 0.521955 0.024696 0.040579
2 0.183820 0.458358 0.023427 0.048410
2 0.644246 0.548384 0.030752 0.041041
2 0.332351 0.405077 0.020292 0.035076
2 0.198892 0.408667 0.019460 0.033038
2 0.219284 0.591565 0.025248 0.045001
2 0.465428 0.567344 0.029108 0.040180
2 0.116504 0.532870 0.028045 0.047489
2 0.057301 0.514255 0.027911 0.045380
2 0.076523 0.412217 0.022164 0.030783
2 0.593206 0.549963 0.036884 0.044872
2 0.213015 0.505543 0.023499 0.038263
2 0.312050 0.406575 0.022760 0.034410
2 0.128654 0.464484 0.024933 0.043008
2 0.069003 0.466791 0.023957 0.042846
2 0.270368 0.511404 0.026911 0.053260
2 0.149197 0.533942 0.026650 0.049669
2 0.410690 0.517442 0.024293 0.040182
2 0.583255 0.505341 0.028582 0.036759
2 0.495670 0.567569 0.028225 0.036475
2 0.039885 0.471003 0.023719 0.036836
2 0.013616 0.538778 0.027040 0.051577
2 0.316980 0.582920 0.030414 0.043021
2 0.210659 0.460539 0.022581 0.045014
2 0.283648 0.445438 0.022329 0.031447
2 0.314625 0.463387 0.022977 0.036272
2 0.379964 0.451992 0.024687 0.044636
2 0.461829 0.515213 0.024640 0.041277
2 0.235803 0.459306 0.023663 0.042985
2 0.290424 0.408270 0.019818 0.033523
2 0.221339 0.409716 0.020044 0.031863
2 0.357838 0.460085 0.021759 0.036188
2 0.181677 0.533391 0.026185 0.044595
2 0.043862 0.465536 0.027711 0.035260
2 0.099855 0.466272 0.023989 0.040992
2 0.245236 0.411795 0.021808 0.032456
2 0.557260 0.507439 0.027851 0.037269
2 0.449008 0.489833 0.023751 0.038423
2 0.269677 0.409408 0.020651 0.033113
2 0.145863 0.601686 0.025594 0.040845
2 0.376272 0.408413 0.019906 0.029942
2 0.110687 0.599370 0.027130 0.048169
2 0.156678 0.463022 0.023310 0.040792
2 0.425169 0.490154 0.022918 0.036050
2 0.486185 0.512181 0.023809 0.038597
2 0.583465 0.498857 0.027535 0.042858
2 0.406562 0.455922 0.019917 0.033618
2 0.250003 0.585624 0.026210 0.042779
2 0.613858 0.449478 0.027844 0.035735
2 0.686718 0.499159 0.026891 0.036903
2 0.183370 0.594714 0.025572 0.046167
2 0.351785 0.492795 0.022717 0.032036
2 0.426735 0.454641 0.023247 0.034651
2 0.632269 0.449113 0.023102 0.034362
2 0.377331 0.493612 0.027322 0.038924
2 0.296457 0.498242 0.023512 0.037557
2 0.651500 0.502360 0.026294 0.035765
2 0.403170 0.488050 0.026325 0.033331
2 0.586078 0.483815 0.027714 0.030449
2 0.548227 0.408495 0.020294 0.025349
2 0.308108 0.441645 0.021160 0.031009
2 0.537253 0.450767 0.026554 0.032813
2 0.006157 0.409891 0.012119 0.040034
2 0.666499 0.448719 0.026146 0.032455
2 0.309839 0.455801 0.021802 0.038394
2 0.182572 0.519480 0.025474 0.039123
2 0.565144 0.453929 0.030096 0.035040
2 0.564408 0.486888 0.030185 0.028234
2 0.592079 0.449067 0.024555 0.035676
2 0.645527 0.483423 0.027808 0.028375
2 0.287305 0.584264 0.023985 0.038015
2 0.450580 0.452498 0.027907 0.042949
2 0.609586 0.481601 0.022179 0.028570
2 0.632886 0.407611 0.028625 0.029832
2 0.541772 0.484812 0.030592 0.033939
2 0.242374 0.525782 0.026975 0.048114
2 0.724792 0.495143 0.029658 0.040173
2 0.532216 0.406165 0.021567 0.030157
2 0.514356 0.453346 0.024782 0.033850
2 0.665453 0.499124 0.025501 0.034825
2 0.156028 0.507578 0.025680 0.043519
2 0.559093 0.495012 0.027557 0.039321
2 0.324387 0.499444 0.022457 0.037235
2 0.026279 0.454291 0.018495 0.034865
2 0.700121 0.446636 0.024776 0.031020
2 0.183319 0.505860 0.023831 0.036044
2 0.473687 0.486857 0.025426 0.036057
2 0.711875 0.493644 0.032749 0.037957
2 0.609866 0.409157 0.019974 0.027373
2 0.646716 0.490569 0.028994 0.033680
2 0.618590 0.548770 0.029649 0.039026
2 0.089775 0.514807 0.033391 0.037666
2 0.716471 0.444984 0.025581 0.032083
2 0.636770 0.410327 0.034728 0.032504
2 0.121608 0.504737 0.025718 0.037830
2 0.684170 0.447714 0.022192 0.029387
2 0.045024 0.451826 0.028941 0.032601
2 0.611454 0.506922 0.026209 0.038686
2 0.015212 0.458097 0.029362 0.031501
2 0.665313 0.487797 0.028063 0.033637
2 0.404619 0.452409 0.023962 0.040500
2 0.604301 0.505114 0.023551 0.038602
2 0.261554 0.451693 0.021214 0.041232
2 0.241645 0.504677 0.025162 0.040412
2 0.540505 0.438522 0.025769 0.030694
2 0.744525 0.538845 0.020249 0.032496
2 0.704875 0.497612 0.028798 0.038012
2 0.157759 0.443687 0.021984 0.028214
2 0.514045 0.406851 0.025035 0.030189
2 0.331503 0.442563 0.022461 0.028120
2 0.596641 0.409347 0.019851 0.026830
2 0.659412 0.408744 0.026512 0.032903
2 0.669786 0.501269 0.024507 0.035022
2 0.582952 0.406629 0.025359 0.030368
2 0.573195 0.448678 0.023207 0.039131
2 0.566395 0.407861 0.020189 0.026350
2 0.648835 0.447457 0.023376 0.036320
2 0.586153 0.410014 0.029671 0.031890
2 0.131398 0.446733 0.022862 0.030553
2 0.335907 0.453878 0.024650 0.047683
2 0.420041 0.444053 0.021484 0.025774
2 0.662561 0.447317 0.028664 0.035717
2 0.649582 0.480108 0.029432 0.030250
2 0.606998 0.491592 0.026997 0.042823
2 0.470407 0.489548 0.023170 0.033155
2 0.617111 0.408722 0.020432 0.029666
2 0.022930 0.449923 0.022549 0.036037
2 0.511629 0.439877 0.024017 0.031806
2 0.235522 0.447553 0.022263 0.033576
2 0.355498 0.438812 0.022764 0.027769
2 0.369194 0.500760 0.015128 0.036006
2 0.347747 0.511215 0.017251 0.033159
2 0.301681 0.525639 0.024289 0.039408
2 0.735794 0.491304 0.040791 0.036447
2 0.443013 0.451951 0.027500 0.040623
2 0.561391 0.445655 0.023904 0.042660
2 0.678229 0.479888 0.017464 0.027814
2 0.742027 0.495584 0.031287 0.036866
2 0.394788 0.441510 0.019334 0.026578
2 0.586216 0.446170 0.022962 0.041512
