2 0.972453 0.626244 0.036851 0.041866
2 0.752858 0.441915 0.022023 0.033432
2 0.702568 0.493492 0.022035 0.040404
2 0.775062 0.440273 0.022601 0.035614
2 0.933177 0.622399 0.038093 0.045757
2 0.898738 0.628163 0.037531 0.047768
2 0.893315 0.563526 0.030880 0.044829
2 0.378251 0.542338 0.025102 0.033254
2 0.403077 0.542186 0.028159 0.032883
2 0.859155 0.619380 0.036197 0.046999
2 0.354162 0.542100 0.025715 0.034875
2 0.801430 0.562282 0.025523 0.042335
2 0.758313 0.622405 0.031090 0.043253
2 0.832981 0.560182 0.029945 0.048183
2 0.466603 0.561895 0.024826 0.038355
2 0.677559 0.495651 0.021197 0.038957
2 0.795725 0.618272 0.032014 0.048778
2 0.826646 0.621145 0.029778 0.042479
2 0.958334 0.560583 0.032865 0.045864
2 0.797909 0.441176 0.020699 0.031319
2 0.928012 0.561173 0.033045 0.048410
2 0.664545 0.446785 0.019498 0.031185
2 0.503295 0.620921 0.027890 0.042871
2 0.687082 0.447322 0.020948 0.031701
2 0.775040 0.561714 0.025300 0.040954
2 0.491545 0.558483 0.025176 0.043466
2 0.261921 0.540691 0.026050 0.036813
2 0.524827 0.538304 0.023427 0.039638
2 0.710277 0.444478 0.020261 0.033980
2 0.502513 0.451103 0.020426 0.030104
2 0.454816 0.487502 0.021126 0.029641
2 0.654417 0.496263 0.020854 0.038924
2 0.452158 0.538972 0.026394 0.036570
2 0.521258 0.450741 0.018030 0.028260
2 0.862463 0.562207 0.028194 0.046646
2 0.369552 0.452933 0.021368 0.027943
2 0.883039 0.490860 0.027081 0.041117
2 0.730755 0.443743 0.019121 0.033508
2 0.691409 0.618783 0.024963 0.042130
2 0.540416 0.451114 0.018061 0.026193
2 0.534422 0.497332 0.018666 0.037247
2 0.463351 0.451136 0.018654 0.030367
2 0.482657 0.450237 0.020433 0.032104
2 0.858215 0.494036 0.025770 0.037568
2 0.656615 0.538422 0.021214 0.037102
2 0.211995 0.504209 0.024053 0.034780
2 0.643826 0.446387 0.016815 0.031916
2 0.187677 0.514877 0.028932 0.039189
2 0.473967 0.540048 0.023609 0.035535
2 0.515597 0.497850 0.021289 0.036594
2 0.567324 0.619291 0.022506 0.040860
2 0.827883 0.491216 0.025535 0.043446
2 0.349059 0.452751 0.018597 0.027284
2 0.724411 0.480525 0.022317 0.032816
2 0.445271 0.451012 0.018604 0.029999
2 0.631054 0.492133 0.020327 0.044681
2 0.623022 0.447712 0.017764 0.029896
2 0.491265 0.496662 0.019206 0.038712
2 0.274729 0.617115 0.033923 0.042010
2 0.828259 0.538180 0.027523 0.038251
2 0.123139 0.459057 0.023002 0.031476
2 0.661562 0.621436 0.023538 0.041766
2 0.513807 0.502781 0.020208 0.028277
2 0.238128 0.563153 0.030852 0.042156
2 0.596047 0.621221 0.022155 0.035658
2 0.289987 0.489030 0.022092 0.030464
2 0.823038 0.442862 0.020636 0.027464
2 0.434258 0.485136 0.021730 0.034887
2 0.582916 0.491617 0.021724 0.036550
2 0.602723 0.448119 0.019122 0.032801
2 0.558417 0.497652 0.019575 0.036517
2 0.544641 0.562753 0.026329 0.042611
2 0.439353 0.560701 0.021772 0.034735
2 0.560819 0.449614 0.017267 0.029629
2 0.406762 0.452447 0.022442 0.029435
2 0.426982 0.450922 0.020709 0.032136
2 0.469584 0.498633 0.017690 0.036210
2 0.192020 0.455913 0.027940 0.035898
2 0.387074 0.451708 0.016747 0.028893
2 0.801800 0.497216 0.025276 0.037514
2 0.599806 0.561567 0.023991 0.044101
2 0.711920 0.548579 0.026733 0.056426
2 0.156592 0.491722 0.028366 0.032575
2 0.392783 0.483600 0.024121 0.025502
2 0.582400 0.447958 0.019827 0.030326
2 0.728053 0.620861 0.022232 0.041925
2 0.781317 0.497271 0.021090 0.039665
2 0.766918 0.536249 0.025291 0.038058
2 0.170483 0.457615 0.022712 0.031938
2 0.330508 0.454023 0.019897 0.026574
2 0.423463 0.505786 0.022835 0.031671
2 0.335795 0.494558 0.026065 0.036949
2 0.628243 0.562406 0.024323 0.039317
2 0.683727 0.561035 0.023437 0.041117
2 0.755730 0.499258 0.023014 0.037888
2 0.606420 0.497335 0.019322 0.034951
2 0.286630 0.561231 0.030523 0.042299
2 0.380211 0.504235 0.022514 0.029071
2 0.853523 0.533076 0.029736 0.039408
2 0.629159 0.621428 0.024755 0.043222
2 0.231709 0.507677 0.023213 0.031743
2 0.533374 0.450297 0.017111 0.028108
2 0.742728 0.561948 0.024573 0.041163
2 0.908691 0.535320 0.029272 0.039105
2 0.738203 0.533053 0.023251 0.035583
2 0.606586 0.491195 0.020696 0.037210
2 0.701745 0.484261 0.020683 0.039335
2 0.370522 0.490517 0.023547 0.032273
2 0.917128 0.492312 0.027049 0.045979
2 0.371141 0.485916 0.020120 0.027794
2 0.311624 0.491630 0.023401 0.030821
2 0.402212 0.503540 0.022285 0.031637
2 0.406990 0.491924 0.023195 0.034954
2 0.285013 0.538548 0.025803 0.031309
2 0.409161 0.486467 0.020862 0.029687
2 0.473245 0.621066 0.027018 0.040738
2 0.824012 0.533860 0.027713 0.040084
2 0.254501 0.504457 0.027478 0.037053
2 0.317165 0.494888 0.025082 0.036429
2 0.076839 0.462193 0.014569 0.030704
2 0.550077 0.537757 0.023723 0.037732
2 0.092549 0.462673 0.016851 0.029044
2 0.749096 0.476565 0.020252 0.032454
2 0.141334 0.460758 0.022611 0.028941
2 0.505446 0.489174 0.014293 0.031935
2 0.317008 0.504686 0.026844 0.030726
2 0.338489 0.502189 0.023066 0.036660
2 0.307794 0.537422 0.026123 0.027623
2 0.943761 0.533418 0.032562 0.038059
2 0.104949 0.461459 0.020486 0.028323
2 0.518341 0.486973 0.022581 0.026487
2 0.316010 0.557719 0.028487 0.042349
2 0.795021 0.534200 0.025475 0.035726
2 0.380050 0.490923 0.023769 0.037492
2 0.309376 0.488501 0.025601 0.030511
2 0.421481 0.492051 0.021121 0.037283
2 0.628592 0.534486 0.020242 0.031034
2 0.035578 0.469061 0.024984 0.032195
2 0.571710 0.560904 0.024428 0.042800
2 0.991915 0.490349 0.016171 0.043644
2 0.911910 0.491242 0.034741 0.045256
2 0.227239 0.486686 0.022993 0.025769
2 0.880588 0.534707 0.027959 0.039862
2 0.194078 0.542273 0.035093 0.035301
2 0.797484 0.552825 0.025600 0.047436
2 0.680763 0.493170 0.020922 0.037898
2 0.991450 0.482219 0.017099 0.043397
2 0.985229 0.472144 0.028651 0.031724
2 0.175582 0.561353 0.024505 0.046213
2 0.250141 0.497221 0.031283 0.038608
2 0.773616 0.477355 0.023120 0.036216
2 0.510123 0.450301 0.015182 0.026517
2 0.357804 0.506505 0.021073 0.027042
2 0.575949 0.531267 0.020629 0.028904
2 0.075812 0.489018 0.026597 0.021719
2 0.850634 0.477537 0.032300 0.034221
2 0.135940 0.492282 0.023660 0.028607
2 0.678082 0.482559 0.018376 0.031207
2 0.072703 0.463161 0.021509 0.030887
2 0.932511 0.562094 0.030241 0.043057
2 0.114750 0.459583 0.025704 0.032028
2 0.312995 0.546546 0.030478 0.043745
2 0.154877 0.461230 0.020016 0.027566
2 0.093699 0.499562 0.030112 0.025691
2 0.574306 0.536948 0.022722 0.038442
2 0.115036 0.487019 0.025319 0.027383
2 0.499588 0.449718 0.018812 0.031252
2 0.602314 0.537023 0.023721 0.037698
2 0.893625 0.538891 0.033549 0.044536
2 0.467362 0.554838 0.027116 0.030839
2 0.582080 0.497116 0.020474 0.038142
2 0.266134 0.490023 0.025739 0.031043
2 0.034885 0.486049 0.026882 0.020560
2 0.525511 0.449625 0.017803 0.029240
2 0.518943 0.480881 0.017524 0.026868
2 0.757640 0.508657 0.023561 0.032253
2 0.683572 0.537435 0.022967 0.037467
2 0.951099 0.537673 0.030509 0.036510
2 0.857257 0.530393 0.031135 0.050601
2 0.089855 0.460252 0.027990 0.031697
2 0.413479 0.483543 0.017546 0.033287
2 0.772047 0.554931 0.026260 0.047315
2 0.053201 0.501259 0.027146 0.022723
2 0.769835 0.553216 0.027613 0.034076
2 0.606811 0.479836 0.018069 0.027708
2 0.271147 0.488165 0.022204 0.032192
2 0.491628 0.501419 0.024547 0.036324
2 0.870512 0.550596 0.018335 0.041577
2 0.358234 0.498134 0.021534 0.040144
2 0.085177 0.463436 0.020163 0.029442
2 0.054849 0.464278 0.021957 0.031959
2 0.798850 0.474759 0.024717 0.036585
2 0.824736 0.479604 0.025010 0.034450
2 0.765982 0.491507 0.017913 0.044115
2 0.130722 0.501706 0.029063 0.021640
2 0.600450 0.554248 0.023160 0.048516
2 0.524435 0.550717 0.022886 0.047386
2 0.776109 0.489736 0.026764 0.045458
2 0.798216 0.450426 0.023433 0.042433
2 0.046917 0.466531 0.023823 0.031328
2 0.007375 0.472503 0.014634 0.032756
2 0.710346 0.537023 0.023955 0.038964
2 0.053327 0.496875 0.026183 0.027921
2 0.751528 0.489471 0.026518 0.045073
2 0.418721 0.507416 0.023250 0.028973
2 0.031613 0.490205 0.031679 0.030186
2 0.008395 0.486493 0.016791 0.025764
