2 0.844641 0.559445 0.041102 0.050849
2 0.907569 0.556639 0.039454 0.045646
2 0.289019 0.494037 0.021988 0.038210
2 0.045260 0.641928 0.041954 0.051508
2 0.697780 0.523530 0.027570 0.042854
2 0.553411 0.594080 0.029177 0.042511
2 0.277272 0.443311 0.020702 0.034669
2 0.703748 0.578369 0.031902 0.042900
2 0.642412 0.528779 0.024684 0.041714
2 0.025956 0.558113 0.032815 0.040811
2 0.563657 0.420711 0.020232 0.034268
2 0.617287 0.530219 0.025654 0.042785
2 0.669038 0.529101 0.025493 0.041071
2 0.613565 0.585829 0.027268 0.041114
2 0.986188 0.545379 0.027623 0.040050
2 0.214564 0.447499 0.020779 0.033226
2 0.641429 0.581030 0.029878 0.040986
2 0.313284 0.494924 0.021386 0.034200
2 0.298398 0.443432 0.020421 0.032016
2 0.723009 0.520788 0.026344 0.041807
2 0.236035 0.446698 0.021210 0.031546
2 0.264452 0.496268 0.020893 0.038451
2 0.586832 0.587155 0.027662 0.044924
2 0.588836 0.532689 0.023672 0.041971
2 0.499034 0.473901 0.021058 0.041420
2 0.291227 0.556221 0.025948 0.043532
2 0.191967 0.547309 0.030947 0.036686
2 0.335312 0.491686 0.019827 0.039185
2 0.886110 0.507164 0.040353 0.045312
2 0.476664 0.477700 0.020276 0.040290
2 0.248579 0.484016 0.022650 0.032158
2 0.153846 0.488411 0.024403 0.034328
2 0.306482 0.619424 0.030637 0.043598
2 0.674925 0.586859 0.030454 0.044295
2 0.371703 0.609869 0.022564 0.042489
2 0.832344 0.512091 0.032590 0.039694
2 0.543847 0.422818 0.019634 0.033938
2 0.492554 0.596977 0.024784 0.044435
2 0.256779 0.445435 0.019789 0.031755
2 0.164976 0.507935 0.024743 0.032229
2 0.566112 0.534197 0.023901 0.042497
2 0.583443 0.421393 0.018632 0.029219
2 0.150894 0.452891 0.024183 0.033390
2 0.177492 0.484735 0.025158 0.032600
2 0.263508 0.561130 0.025003 0.037200
2 0.138055 0.550707 0.029693 0.035407
2 0.403185 0.548468 0.023803 0.045221
2 0.129130 0.453453 0.024939 0.032625
2 0.376309 0.547775 0.023277 0.043217
2 0.347579 0.553729 0.027182 0.045534
2 0.570594 0.475312 0.020805 0.037914
2 0.319706 0.441157 0.019415 0.030521
2 0.432371 0.478816 0.020193 0.042616
2 0.611417 0.465170 0.023912 0.041479
2 0.340565 0.441245 0.018318 0.027145
2 0.139498 0.510125 0.023016 0.031560
2 0.523244 0.425570 0.019410 0.033216
2 0.164302 0.548595 0.026394 0.036122
2 0.958208 0.500308 0.034306 0.040316
2 0.359960 0.488499 0.020676 0.037557
2 0.225003 0.481938 0.022641 0.036587
2 0.484225 0.540844 0.024377 0.044671
2 0.326523 0.533726 0.024615 0.041881
2 0.525884 0.593674 0.020529 0.039101
2 0.188827 0.506481 0.022806 0.032183
2 0.362133 0.437893 0.018244 0.031804
2 0.934929 0.502026 0.031121 0.039279
2 0.532801 0.513167 0.022622 0.033038
2 0.682706 0.460673 0.030438 0.043957
2 0.982314 0.498380 0.035118 0.041165
2 0.519425 0.461866 0.021130 0.029538
2 0.083217 0.550082 0.027145 0.032560
2 0.457869 0.521972 0.021027 0.036687
2 0.092270 0.511441 0.028726 0.039383
2 0.735006 0.579121 0.029558 0.038526
2 0.589501 0.475201 0.024080 0.033261
2 0.859503 0.512960 0.027851 0.037404
2 0.803157 0.513034 0.029806 0.041338
2 0.403504 0.435416 0.017938 0.032655
2 0.967614 0.551767 0.039773 0.042714
2 0.059333 0.579518 0.032853 0.044419
2 0.213862 0.506162 0.024107 0.034429
2 0.547488 0.478607 0.023057 0.034546
2 0.455034 0.480992 0.019612 0.037925
2 0.272494 0.622674 0.027008 0.044049
2 0.431499 0.521589 0.021425 0.031527
2 0.200178 0.486386 0.022667 0.035816
2 0.192244 0.451037 0.022594 0.032288
2 0.505381 0.428162 0.018456 0.032986
2 0.463594 0.431571 0.019457 0.031340
2 0.484330 0.431652 0.018997 0.031133
2 0.431171 0.547772 0.023597 0.041172
2 0.637232 0.507681 0.025887 0.044640
2 0.464638 0.602332 0.024102 0.042179
2 0.636034 0.460383 0.022651 0.028531
2 0.116870 0.509686 0.025783 0.039231
2 0.875921 0.557162 0.035991 0.048138
2 0.055301 0.552419 0.028962 0.031266
2 0.092919 0.574791 0.033177 0.047149
2 0.753291 0.458533 0.026074 0.034805
2 0.015962 0.515577 0.031728 0.045395
2 0.561372 0.518591 0.022069 0.032956
2 0.867095 0.446858 0.034130 0.043118
2 0.382522 0.436339 0.018845 0.033677
2 0.542537 0.455929 0.020299 0.028158
2 0.171864 0.450928 0.021041 0.031295
2 0.383785 0.485047 0.020840 0.035764
2 0.908265 0.501934 0.036654 0.044262
2 0.407989 0.482301 0.020274 0.036842
2 0.423739 0.434014 0.017350 0.030694
2 0.271135 0.536914 0.024342 0.037216
2 0.611137 0.506277 0.025719 0.038499
2 0.862385 0.483580 0.033524 0.032247
2 0.510261 0.534003 0.025214 0.043515
2 0.407246 0.522111 0.022327 0.032073
2 0.932387 0.445556 0.030568 0.031095
2 0.543005 0.460093 0.022277 0.030644
2 0.248628 0.538184 0.027675 0.040132
2 0.657784 0.503164 0.023735 0.037814
2 0.432584 0.603882 0.024860 0.039402
2 0.955019 0.443971 0.026793 0.030041
2 0.509707 0.524235 0.026361 0.041484
2 0.762047 0.436622 0.022127 0.028678
2 0.813504 0.455153 0.037329 0.037336
2 0.913677 0.450489 0.028147 0.029904
2 0.636947 0.465762 0.023686 0.035698
2 0.586114 0.522514 0.023027 0.035128
2 0.682022 0.502492 0.026068 0.037345
2 0.890310 0.447284 0.029529 0.038385
2 0.059887 0.497134 0.029195 0.035090
2 0.564678 0.462433 0.023106 0.040199
2 0.834722 0.486813 0.031912 0.034289
2 0.110686 0.491503 0.030047 0.030177
2 0.315736 0.492315 0.023265 0.032340
2 0.538112 0.542329 0.023811 0.040236
2 0.482310 0.522289 0.023638 0.036112
2 0.771656 0.406910 0.024062 0.031931
2 0.812146 0.489034 0.034298 0.031132
2 0.401640 0.613202 0.023311 0.035314
2 0.658383 0.462222 0.025153 0.039499
2 0.661502 0.504686 0.024441 0.040795
2 0.791557 0.407243 0.022626 0.029534
2 0.564025 0.458917 0.021574 0.028176
2 0.318060 0.474590 0.021157 0.028870
2 0.583294 0.506476 0.023353 0.030333
2 0.443454 0.432002 0.016011 0.032259
2 0.083064 0.490417 0.026915 0.031660
2 0.633859 0.503340 0.026694 0.038782
2 0.498438 0.465147 0.019051 0.032180
2 0.784119 0.438918 0.025244 0.033051
2 0.783982 0.489616 0.031212 0.040460
2 0.782958 0.448761 0.028873 0.036285
2 0.235136 0.562091 0.025586 0.039338
2 0.633398 0.461042 0.025600 0.036817
2 0.636199 0.473832 0.026558 0.037366
2 0.886277 0.481956 0.032477 0.030512
2 0.585017 0.458031 0.020794 0.029557
2 0.842153 0.449128 0.027446 0.037245
2 0.909637 0.483550 0.034521 0.027160
2 0.008360 0.585895 0.016720 0.042808
2 0.709004 0.496834 0.027931 0.033975
2 0.775770 0.456131 0.021697 0.032286
2 0.207163 0.484739 0.022064 0.033519
2 0.742523 0.438700 0.024319 0.030618
2 0.558912 0.512776 0.021984 0.036940
2 0.106517 0.457060 0.022706 0.029350
2 0.940315 0.557035 0.032741 0.036032
2 0.895253 0.503866 0.033781 0.044145
2 0.562155 0.455145 0.020114 0.031899
2 0.476497 0.465624 0.018720 0.030206
2 0.606100 0.421154 0.018947 0.027125
2 0.380131 0.521992 0.022884 0.030612
2 0.900505 0.402221 0.027986 0.032706
2 0.862888 0.404478 0.024896 0.029465
2 0.921076 0.399908 0.033035 0.035601
2 0.267000 0.557593 0.025998 0.033755
2 0.088408 0.558814 0.034991 0.050029
2 0.933572 0.490185 0.032670 0.035030
2 0.845912 0.405001 0.023655 0.029240
2 0.508206 0.516491 0.023059 0.035870
2 0.917348 0.445824 0.027714 0.036700
2 0.884134 0.403411 0.027115 0.030242
2 0.985267 0.437975 0.029466 0.035910
2 0.587623 0.466674 0.024237 0.047662
2 0.682355 0.477395 0.031828 0.073379
2 0.893352 0.401980 0.040835 0.031168
2 0.865766 0.405965 0.030693 0.034602
2 0.239388 0.560041 0.031294 0.036890
2 0.355162 0.529321 0.022956 0.036371
2 0.887196 0.405577 0.031855 0.037725
2 0.360947 0.481929 0.020607 0.044148
2 0.386653 0.475906 0.022465 0.037869
2 0.812374 0.409214 0.030426 0.028763
2 0.294258 0.480892 0.022460 0.030332
2 0.035360 0.498507 0.026142 0.034289
2 0.818134 0.452744 0.033011 0.043133
2 0.536656 0.536231 0.024012 0.040719
2 0.751301 0.405867 0.029159 0.036589
2 0.113919 0.500537 0.028951 0.045641
2 0.810120 0.405807 0.023144 0.030687
2 0.909840 0.414129 0.029768 0.036044
2 0.743262 0.444022 0.025435 0.032355
2 0.810205 0.450836 0.030748 0.049436
2 0.981755 0.472644 0.035472 0.035274
2 0.659054 0.483370 0.026510 0.062602
2 0.838467 0.406291 0.037513 0.036104
2 0.165320 0.451266 0.021577 0.031727
2 0.814417 0.404598 0.031309 0.032047
2 0.933519 0.422624 0.028645 0.026726
2 0.088759 0.491164 0.031051 0.037138
2 0.715505 0.522213 0.024069 0.040407
2 0.952517 0.479124 0.024146 0.030971
2 0.356524 0.524326 0.023330 0.031144
2 0.826843 0.403078 0.026268 0.031350
2 0.913075 0.479043 0.033977 0.029132
2 0.175109 0.635021 0.028157 0.033030
2 0.668061 0.501625 0.023775 0.039741
2 0.989725 0.433987 0.020551 0.032505
2 0.063640 0.458221 0.027275 0.035093
2 0.380335 0.551063 0.026977 0.038048
2 0.932022 0.418530 0.030872 0.028951
2 0.234329 0.557558 0.031281 0.036038
2 0.976390 0.440393 0.030208 0.035488
