2 0.695175 0.592235 0.029026 0.034755
2 0.645278 0.588880 0.025502 0.035247
2 0.900063 0.494226 0.023164 0.036368
2 0.875394 0.494821 0.021831 0.033922
2 0.926820 0.493926 0.022172 0.036206
2 0.833522 0.593460 0.025874 0.044172
2 0.954156 0.493736 0.022334 0.034423
2 0.568597 0.660278 0.033247 0.043535
2 0.980950 0.491513 0.021937 0.035969
2 0.764671 0.615693 0.022928 0.041691
2 0.924938 0.622625 0.029828 0.052338
2 0.534876 0.605375 0.027983 0.038204
2 0.818247 0.551463 0.023184 0.038325
2 0.792907 0.548989 0.024108 0.041394
2 0.751448 0.535421 0.022918 0.032314
2 0.793415 0.614114 0.027253 0.043947
2 0.964314 0.544818 0.028320 0.052459
2 0.962468 0.625197 0.031227 0.047365
2 0.856535 0.621288 0.028857 0.048776
2 0.850168 0.496284 0.021784 0.032064
2 0.669347 0.590092 0.024908 0.035984
2 0.808508 0.682594 0.031681 0.044832
2 0.767444 0.549579 0.021140 0.039786
2 0.462691 0.535760 0.025520 0.030080
2 0.749763 0.590480 0.027731 0.039859
2 0.843725 0.549200 0.022813 0.040755
2 0.826489 0.496531 0.022218 0.032823
2 0.890426 0.618064 0.028926 0.048860
2 0.804201 0.496966 0.022506 0.032818
2 0.921577 0.691177 0.024484 0.026988
2 0.580683 0.607557 0.027427 0.038484
2 0.962132 0.595699 0.028577 0.039697
2 0.579190 0.594538 0.026953 0.046319
2 0.932464 0.593759 0.028538 0.040854
2 0.773842 0.591603 0.023411 0.040090
2 0.932915 0.545149 0.026952 0.046435
2 0.696742 0.499723 0.021869 0.030282
2 0.739000 0.498078 0.021197 0.031968
2 0.577344 0.581735 0.024768 0.029745
2 0.659015 0.500142 0.022787 0.029728
2 0.964485 0.687590 0.027915 0.042072
2 0.726628 0.533251 0.024177 0.036565
2 0.555505 0.585076 0.023494 0.034630
2 0.483429 0.552340 0.022944 0.032578
2 0.902714 0.544691 0.026555 0.050681
2 0.759633 0.497626 0.019292 0.031252
2 0.671880 0.549519 0.023571 0.034944
2 0.866334 0.592469 0.031070 0.033671
2 0.782059 0.495868 0.021902 0.035876
2 0.872496 0.549488 0.023829 0.040584
2 0.510590 0.549161 0.022536 0.033790
2 0.628362 0.545359 0.023681 0.041568
2 0.677810 0.498492 0.017984 0.029216
2 0.719152 0.497609 0.022083 0.032479
2 0.735648 0.612865 0.023927 0.037673
2 0.407099 0.507134 0.018035 0.029628
2 0.608460 0.546184 0.024769 0.039071
2 0.607263 0.607514 0.027641 0.042027
2 0.605672 0.587414 0.027652 0.034044
2 0.598924 0.582080 0.023135 0.031672
2 0.715881 0.555715 0.023507 0.032532
2 0.991953 0.550766 0.016094 0.044421
2 0.660287 0.535900 0.021685 0.033842
2 0.434514 0.506103 0.020960 0.029480
2 0.340102 0.517555 0.022618 0.026881
2 0.991310 0.598450 0.017381 0.042118
2 0.498375 0.583158 0.026668 0.033030
2 0.773910 0.680951 0.030268 0.041712
2 0.368845 0.517176 0.025545 0.026233
2 0.895267 0.590960 0.028804 0.035345
2 0.647651 0.547333 0.020946 0.035672
2 0.440721 0.539679 0.026237 0.026878
2 0.601607 0.587360 0.025558 0.037063
2 0.639163 0.498702 0.021281 0.030538
2 0.723702 0.543530 0.027615 0.042476
2 0.323658 0.518713 0.020592 0.027568
2 0.475021 0.504802 0.019324 0.030548
2 0.493739 0.503941 0.025007 0.033656
2 0.548032 0.546896 0.025150 0.037573
2 0.527656 0.551850 0.019654 0.029310
2 0.694072 0.552358 0.026132 0.032756
2 0.682314 0.530584 0.021107 0.027149
2 0.884606 0.685097 0.026932 0.048157
2 0.581149 0.534301 0.021368 0.028715
2 0.753255 0.591003 0.030296 0.034635
2 0.677881 0.539938 0.023624 0.037377
2 0.581320 0.583831 0.027157 0.030198
2 0.701856 0.536392 0.024652 0.035705
2 0.863983 0.593026 0.027332 0.043540
2 0.822634 0.536785 0.023355 0.031130
2 0.412239 0.540592 0.023984 0.022841
2 0.454258 0.506621 0.022583 0.028664
2 0.420648 0.506272 0.015108 0.029910
2 0.661918 0.531874 0.022549 0.032012
2 0.393814 0.508122 0.018017 0.029887
2 0.798048 0.538945 0.023436 0.033996
2 0.620327 0.501622 0.018524 0.027107
2 0.613889 0.544644 0.031260 0.042485
2 0.446965 0.506468 0.024267 0.028882
2 0.270383 0.542935 0.025354 0.021290
2 0.859035 0.614356 0.030415 0.050175
2 0.332665 0.541486 0.029093 0.023559
2 0.704935 0.533128 0.019661 0.033875
2 0.389998 0.511610 0.022332 0.028725
2 0.478418 0.589015 0.021961 0.038473
2 0.312892 0.520531 0.018013 0.025287
2 0.333421 0.516526 0.029403 0.029471
2 0.544037 0.551435 0.030778 0.029734
2 0.824413 0.532048 0.022774 0.034964
2 0.921534 0.694156 0.026935 0.035701
2 0.242087 0.542388 0.032846 0.023858
2 0.377858 0.539272 0.022441 0.025948
2 0.678125 0.672912 0.026218 0.035742
2 0.933574 0.532403 0.024444 0.037013
2 0.396668 0.539499 0.020005 0.024657
2 0.309577 0.543437 0.013575 0.019863
2 0.687575 0.532124 0.025291 0.032343
2 0.904967 0.533717 0.022535 0.034934
2 0.535374 0.588931 0.025509 0.030316
2 0.292793 0.542855 0.028422 0.021241
2 0.233756 0.542358 0.029482 0.023855
2 0.382273 0.510085 0.016497 0.029506
2 0.597746 0.532666 0.021050 0.029897
2 0.366577 0.517681 0.020501 0.031580
2 0.833428 0.598646 0.028165 0.058163
2 0.593227 0.534470 0.022238 0.027966
2 0.361030 0.540648 0.030917 0.024502
2 0.903302 0.591388 0.037157 0.048443
2 0.459813 0.505220 0.024934 0.031746
2 0.778195 0.591941 0.028518 0.036683
2 0.931135 0.491093 0.028617 0.033638
2 0.275363 0.542744 0.027794 0.021695
2 0.562073 0.533357 0.020160 0.031266
2 0.298092 0.488466 0.019618 0.031066
2 0.479013 0.582222 0.019138 0.035025
2 0.326403 0.482947 0.022632 0.029324
2 0.219960 0.495016 0.022784 0.023613
