2 0.880819 0.530191 0.038635 0.046085
2 0.593248 0.564566 0.027484 0.040328
2 0.020875 0.633606 0.041001 0.050593
2 0.621137 0.559622 0.030423 0.043942
2 0.290068 0.479344 0.020387 0.034700
2 0.566084 0.565760 0.027583 0.042589
2 0.589173 0.444115 0.024044 0.039613
2 0.276028 0.428155 0.021334 0.032464
2 0.478471 0.455404 0.019822 0.039877
2 0.101644 0.441530 0.024082 0.031061
2 0.266461 0.478845 0.022046 0.041018
2 0.141239 0.494511 0.025076 0.034001
2 0.224762 0.469556 0.022306 0.032436
2 0.675055 0.501177 0.026694 0.042506
2 0.327243 0.538723 0.026814 0.045831
2 0.113616 0.538586 0.030592 0.038523
2 0.820507 0.532987 0.041027 0.048430
2 0.655016 0.565135 0.033676 0.045366
2 0.596515 0.509329 0.026529 0.042954
2 0.313131 0.475345 0.020145 0.037175
2 0.681731 0.555241 0.032644 0.041072
2 0.647257 0.505220 0.026634 0.039779
2 0.164641 0.492685 0.022963 0.034703
2 0.169491 0.534993 0.031105 0.037958
2 0.569478 0.513189 0.023858 0.038599
2 0.807962 0.485182 0.032816 0.040479
2 0.269400 0.541582 0.024852 0.044499
2 0.254197 0.428226 0.021609 0.034722
2 0.338863 0.420975 0.017765 0.030122
2 0.114465 0.496961 0.022732 0.032983
2 0.124989 0.440517 0.025949 0.032938
2 0.498160 0.442998 0.021544 0.030026
2 0.305410 0.519304 0.024302 0.043250
2 0.545851 0.514659 0.022833 0.039343
2 0.410208 0.460313 0.021891 0.044751
2 0.201226 0.468377 0.025120 0.036725
2 0.190443 0.433711 0.021909 0.033368
2 0.907192 0.475590 0.032599 0.040008
2 0.296671 0.425586 0.019838 0.030676
2 0.242014 0.481255 0.019967 0.038736
2 0.540991 0.401287 0.020991 0.034487
2 0.613573 0.445294 0.023465 0.036533
2 0.455266 0.462356 0.020651 0.035659
2 0.140810 0.536516 0.027904 0.037902
2 0.472833 0.577742 0.023413 0.043478
2 0.382698 0.532405 0.023546 0.045813
2 0.961259 0.517822 0.034129 0.042088
2 0.354724 0.532080 0.024622 0.045305
2 0.860103 0.481922 0.037484 0.041195
2 0.433657 0.462643 0.021205 0.038101
2 0.728541 0.435045 0.024235 0.037738
2 0.211571 0.431879 0.021099 0.032590
2 0.562156 0.402449 0.019412 0.028771
2 0.700321 0.498457 0.026960 0.040505
2 0.930850 0.472857 0.033786 0.042454
2 0.939153 0.522555 0.037905 0.043467
2 0.226111 0.525365 0.028032 0.038192
2 0.034703 0.567691 0.033456 0.050444
2 0.190841 0.493589 0.025225 0.035863
2 0.534537 0.573186 0.027307 0.043054
2 0.359749 0.419303 0.019007 0.033013
2 0.445936 0.584587 0.024883 0.040922
2 0.338489 0.473711 0.020787 0.034346
2 0.526635 0.459132 0.023371 0.034565
2 0.563231 0.485811 0.022529 0.033036
2 0.967743 0.410632 0.033720 0.035225
2 0.500938 0.407272 0.022434 0.033420
2 0.352419 0.594065 0.023773 0.043063
2 0.286575 0.604676 0.031756 0.045552
2 0.621783 0.506997 0.025603 0.042849
2 0.152165 0.471861 0.023745 0.028894
2 0.955382 0.470436 0.037753 0.041450
2 0.713163 0.554984 0.031020 0.037575
2 0.780047 0.487968 0.031330 0.039610
2 0.635695 0.441121 0.025820 0.040400
2 0.488682 0.509423 0.025654 0.049487
2 0.078616 0.444378 0.021881 0.028921
2 0.363490 0.464168 0.021158 0.042888
2 0.521731 0.403692 0.019947 0.033763
2 0.232200 0.430386 0.019872 0.032120
2 0.657651 0.482485 0.024296 0.034693
2 0.594854 0.499080 0.025992 0.034745
2 0.386914 0.460900 0.019934 0.045525
2 0.242358 0.547438 0.026161 0.039051
2 0.010768 0.488476 0.021537 0.037808
2 0.462331 0.413384 0.019686 0.030599
2 0.438226 0.503690 0.021943 0.036714
2 0.167277 0.436964 0.024050 0.033850
2 0.249098 0.521822 0.024134 0.034011
2 0.884147 0.478637 0.033078 0.036768
2 0.032490 0.488001 0.026271 0.030653
2 0.613703 0.483454 0.029677 0.035040
2 0.318042 0.424772 0.018275 0.026896
2 0.332006 0.514821 0.024673 0.033475
2 0.440530 0.413723 0.019373 0.031756
2 0.057177 0.538287 0.030087 0.033706
2 0.587864 0.486335 0.025855 0.033008
2 0.517647 0.516166 0.022258 0.036808
2 0.410857 0.530818 0.023897 0.043083
2 0.662195 0.440176 0.029175 0.043571
2 0.636716 0.481647 0.025134 0.033791
2 0.028339 0.544227 0.031300 0.034875
2 0.538617 0.491848 0.022477 0.036737
2 0.401915 0.417087 0.017076 0.030761
2 0.834336 0.485425 0.028206 0.035794
2 0.382206 0.596712 0.022818 0.038142
2 0.618572 0.500564 0.026196 0.040048
2 0.483314 0.409503 0.018996 0.031916
2 0.981322 0.466514 0.036318 0.040752
2 0.840717 0.421664 0.031971 0.041448
2 0.506908 0.569644 0.020930 0.031918
2 0.912027 0.527669 0.032900 0.039673
2 0.091857 0.497765 0.026186 0.039397
2 0.212182 0.549012 0.022993 0.038489
2 0.253059 0.607450 0.028141 0.045765
2 0.067981 0.499016 0.029774 0.041208
2 0.068190 0.563540 0.033434 0.048249
2 0.519826 0.438215 0.019511 0.029901
2 0.564602 0.449759 0.025829 0.039693
2 0.862921 0.422180 0.029833 0.036464
2 0.414638 0.587520 0.023882 0.042341
2 0.130334 0.475526 0.028075 0.033864
2 0.512126 0.490839 0.021268 0.035240
2 0.660432 0.479314 0.024667 0.034363
2 0.816917 0.425271 0.025526 0.035509
2 0.146326 0.436903 0.020438 0.032530
2 0.463031 0.519047 0.022170 0.042919
2 0.382092 0.418629 0.018967 0.031931
2 0.761506 0.416084 0.025943 0.027740
2 0.356637 0.524336 0.023809 0.035950
2 0.856655 0.378258 0.024245 0.027406
2 0.088215 0.491346 0.027482 0.039779
2 0.338432 0.460672 0.019292 0.035965
2 0.584146 0.401881 0.020342 0.028151
2 0.747557 0.383623 0.024279 0.033307
2 0.789891 0.426874 0.033975 0.035570
2 0.420891 0.414088 0.016916 0.032099
2 0.872856 0.376312 0.023201 0.028503
2 0.030612 0.549962 0.030125 0.030701
2 0.358095 0.503843 0.022355 0.027177
2 0.175055 0.474590 0.023074 0.040893
2 0.904048 0.418709 0.028745 0.031911
2 0.008126 0.549995 0.015990 0.040284
2 0.137714 0.491795 0.028730 0.029919
2 0.838136 0.456924 0.032452 0.030854
2 0.883152 0.375373 0.021766 0.029755
2 0.177415 0.470517 0.025114 0.036872
2 0.295938 0.459469 0.019120 0.027262
2 0.884160 0.421599 0.026214 0.030428
2 0.757775 0.423600 0.025612 0.038341
2 0.059918 0.490171 0.027941 0.035968
2 0.859265 0.452944 0.030152 0.029068
2 0.786192 0.439277 0.033306 0.033084
2 0.736387 0.412609 0.026613 0.025358
2 0.384354 0.524947 0.023285 0.040806
2 0.687545 0.472741 0.027021 0.034430
2 0.759801 0.462930 0.031111 0.036703
2 0.884284 0.451560 0.031449 0.028255
2 0.386030 0.504529 0.021332 0.033773
2 0.549825 0.453597 0.019767 0.039754
2 0.926077 0.415462 0.025380 0.033724
2 0.544099 0.440264 0.024603 0.032444
2 0.851395 0.529708 0.034806 0.047163
2 0.893352 0.374779 0.031593 0.032839
2 0.954852 0.454430 0.034678 0.033750
2 0.794570 0.429949 0.027902 0.038661
2 0.767142 0.383890 0.022833 0.030086
2 0.063339 0.549301 0.035836 0.038079
2 0.835560 0.379291 0.022441 0.028837
2 0.410489 0.503802 0.021469 0.033468
2 0.813307 0.459892 0.030306 0.032204
2 0.932883 0.456851 0.033741 0.037430
2 0.905908 0.450311 0.031260 0.030988
2 0.887277 0.424471 0.024790 0.028044
2 0.807139 0.476540 0.032853 0.042181
2 0.730677 0.385427 0.025306 0.031449
2 0.747894 0.428563 0.022716 0.038452
2 0.230245 0.545469 0.020608 0.035837
2 0.385759 0.471035 0.020264 0.030927
2 0.083186 0.495194 0.031969 0.045154
2 0.821194 0.379519 0.022774 0.028785
2 0.065968 0.553809 0.036037 0.037182
2 0.785457 0.383417 0.023321 0.030020
2 0.981642 0.457878 0.036717 0.043684
2 0.486980 0.502782 0.025219 0.043624
2 0.116722 0.441027 0.028095 0.030639
2 0.810354 0.464309 0.028964 0.035122
2 0.292832 0.426150 0.020436 0.031244
2 0.525508 0.447479 0.025674 0.049022
2 0.786059 0.431925 0.031451 0.039547
2 0.933918 0.414534 0.034354 0.033508
2 0.455609 0.449317 0.019465 0.034120
2 0.799174 0.377281 0.022521 0.027817
2 0.757743 0.382483 0.021823 0.032576
2 0.882037 0.460658 0.034182 0.040988
2 0.688729 0.480164 0.028940 0.028173
2 0.264490 0.542860 0.022627 0.039061
2 0.752014 0.434194 0.022661 0.032963
2 0.816345 0.380923 0.027501 0.031929
2 0.274681 0.463341 0.018654 0.031770
2 0.533949 0.456465 0.022941 0.037679
2 0.947250 0.413558 0.032190 0.033627
2 0.981596 0.444318 0.035851 0.036739
2 0.894838 0.453797 0.032252 0.033966
2 0.040412 0.486114 0.023384 0.032028
2 0.802036 0.378064 0.028076 0.033792
2 0.154007 0.622982 0.027367 0.035140
2 0.137037 0.437843 0.019623 0.031999
2 0.786146 0.465140 0.026496 0.033172
2 0.485900 0.495788 0.028426 0.038693
2 0.624955 0.565037 0.027479 0.041147
2 0.035411 0.446517 0.027615 0.034929
2 0.800082 0.407442 0.028752 0.030105
2 0.509052 0.560153 0.022995 0.033044
2 0.441764 0.461391 0.018411 0.040157
2 0.534391 0.565495 0.024938 0.040759
2 0.053935 0.481913 0.031071 0.036383
2 0.081912 0.480133 0.027768 0.031660
2 0.903750 0.412641 0.028520 0.038402
2 0.514804 0.507308 0.025404 0.040911
2 0.307033 0.462785 0.025098 0.032137
2 0.732557 0.436666 0.030802 0.028024
2 0.658159 0.434689 0.036730 0.051615
2 0.587156 0.438772 0.023374 0.038537
2 0.520249 0.448663 0.023109 0.042298
