2 0.737367 0.621024 0.027621 0.045995
2 0.824004 0.621466 0.029894 0.045143
2 0.427097 0.562475 0.020178 0.034540
2 0.707621 0.622661 0.025367 0.042816
2 0.261340 0.607618 0.028912 0.036319
2 0.830337 0.680522 0.034070 0.045849
2 0.046639 0.555664 0.032279 0.035818
2 0.702688 0.504768 0.019714 0.029795
2 0.702585 0.679479 0.029363 0.044925
2 0.732376 0.680819 0.029279 0.042442
2 0.979232 0.617411 0.038269 0.043913
2 0.793359 0.624680 0.027360 0.045780
2 0.289505 0.566328 0.022354 0.033110
2 0.396607 0.511005 0.020754 0.032064
2 0.312182 0.606686 0.030213 0.034241
2 0.337690 0.512214 0.022283 0.032612
2 0.762731 0.678566 0.032532 0.046115
2 0.944167 0.617621 0.034945 0.043955
2 0.613099 0.556302 0.021927 0.037583
2 0.161910 0.606834 0.028640 0.037391
2 0.316402 0.513448 0.023416 0.031511
2 0.764796 0.620791 0.026159 0.044325
2 0.633506 0.541653 0.021213 0.030865
2 0.798550 0.687032 0.033602 0.044821
2 0.963944 0.552162 0.030758 0.037349
2 0.851845 0.619696 0.027971 0.042810
2 0.173681 0.688946 0.036843 0.046043
2 0.576442 0.508923 0.019037 0.030864
2 0.405699 0.560202 0.021443 0.038221
2 0.589073 0.558869 0.020431 0.036997
2 0.376342 0.511744 0.019959 0.029116
2 0.682110 0.622131 0.022929 0.040887
2 0.512785 0.623408 0.023422 0.044606
2 0.416248 0.687521 0.029585 0.042587
2 0.922269 0.591030 0.033604 0.043109
2 0.285707 0.606811 0.024870 0.035788
2 0.660243 0.503738 0.021115 0.034458
2 0.310110 0.564974 0.023405 0.035702
2 0.886954 0.555001 0.025987 0.035583
2 0.639768 0.506002 0.019708 0.033645
2 0.597496 0.510041 0.018973 0.029418
2 0.680475 0.541480 0.022225 0.031414
2 0.416513 0.512480 0.020751 0.030206
2 0.357648 0.511781 0.020465 0.030581
2 0.448712 0.560441 0.019166 0.038597
2 0.937058 0.551528 0.028066 0.037454
2 0.566527 0.559841 0.020246 0.036584
2 0.277897 0.514255 0.023726 0.030535
2 0.265391 0.567463 0.022622 0.029105
2 0.667120 0.682932 0.030219 0.043711
2 0.806993 0.597809 0.027209 0.036660
2 0.436134 0.511486 0.020731 0.028656
2 0.130627 0.570516 0.025081 0.035104
2 0.556469 0.507855 0.016505 0.031474
2 0.731425 0.551034 0.025874 0.046041
2 0.297783 0.512011 0.018858 0.028228
2 0.759727 0.554779 0.024865 0.038653
2 0.681154 0.503099 0.020411 0.035478
2 0.365188 0.603848 0.027984 0.040038
2 0.476262 0.509821 0.018665 0.030314
2 0.865906 0.683793 0.034697 0.039542
2 0.619904 0.506519 0.019378 0.033492
2 0.725900 0.505696 0.020147 0.028113
2 0.379658 0.627675 0.027585 0.040405
2 0.439574 0.601425 0.023736 0.040403
2 0.382604 0.562618 0.020844 0.034271
2 0.984722 0.673069 0.030180 0.056502
2 0.656898 0.538545 0.020438 0.029338
2 0.907685 0.501889 0.026783 0.032797
2 0.495893 0.509481 0.019305 0.033034
2 0.472993 0.560890 0.020599 0.035708
2 0.284006 0.553231 0.024483 0.034560
2 0.602639 0.680636 0.025067 0.042923
2 0.832911 0.544193 0.024214 0.027003
2 0.516573 0.509228 0.018575 0.033225
2 0.782909 0.554126 0.026671 0.036142
2 0.837350 0.592537 0.030682 0.035395
2 0.367435 0.548654 0.022196 0.030109
2 0.931249 0.502583 0.023493 0.030786
2 0.486625 0.622059 0.024001 0.044342
2 0.758545 0.593080 0.029585 0.036517
2 0.541219 0.624826 0.024475 0.039774
2 0.783540 0.594167 0.025647 0.037613
2 0.652417 0.622075 0.023566 0.037100
2 0.496029 0.559347 0.021599 0.037578
2 0.108761 0.568947 0.027346 0.037597
2 0.894166 0.548208 0.024193 0.035450
2 0.335009 0.567266 0.021526 0.036457
2 0.136200 0.631570 0.032546 0.045560
2 0.664481 0.562712 0.023935 0.034964
2 0.090697 0.607440 0.036345 0.038570
2 0.480889 0.684996 0.023071 0.042726
2 0.809187 0.552440 0.033922 0.042903
2 0.456074 0.511323 0.018305 0.026762
2 0.896882 0.531274 0.023401 0.028736
2 0.458850 0.627416 0.025762 0.042485
2 0.536154 0.509365 0.015404 0.030019
2 0.646023 0.594664 0.022822 0.038519
2 0.700964 0.594384 0.024955 0.036086
2 0.568773 0.600680 0.021802 0.035084
2 0.543572 0.555731 0.023311 0.040050
2 0.244561 0.561754 0.024077 0.043751
2 0.622533 0.611640 0.025508 0.052948
2 0.193735 0.551395 0.026110 0.029887
2 0.350803 0.626012 0.023656 0.036984
2 0.345664 0.546645 0.023542 0.035589
2 0.955554 0.593245 0.033901 0.036299
2 0.011726 0.521136 0.023452 0.033700
2 0.730448 0.593828 0.027990 0.037663
2 0.982407 0.592490 0.034500 0.040492
2 0.032079 0.521056 0.025846 0.029016
2 0.257337 0.514066 0.022504 0.029439
2 0.185368 0.604125 0.025180 0.029589
2 0.281927 0.548770 0.022991 0.028568
2 0.066150 0.517636 0.024135 0.032112
2 0.638273 0.678214 0.020911 0.032545
2 0.386031 0.604734 0.023535 0.039564
2 0.883889 0.543116 0.024000 0.033870
2 0.337865 0.563965 0.024153 0.035194
2 0.189992 0.629389 0.032001 0.044025
2 0.986516 0.549793 0.026434 0.039860
2 0.573943 0.684045 0.023284 0.043242
2 0.919636 0.535775 0.025873 0.034586
2 0.088367 0.516980 0.031327 0.036664
2 0.216705 0.552432 0.027745 0.029330
2 0.017475 0.562545 0.033808 0.031374
2 0.510234 0.686653 0.022035 0.036347
2 0.342735 0.550566 0.027872 0.035579
2 0.913456 0.554656 0.026129 0.032262
2 0.222279 0.564819 0.027014 0.037814
2 0.308018 0.552006 0.024221 0.029672
2 0.898292 0.542241 0.025929 0.040610
2 0.519593 0.558271 0.021348 0.036052
2 0.155266 0.569301 0.029093 0.040462
2 0.215451 0.610784 0.033845 0.043916
2 0.589010 0.544776 0.019347 0.031742
2 0.704912 0.540144 0.023904 0.032622
2 0.128191 0.537806 0.028448 0.042519
2 0.659450 0.555203 0.021906 0.029367
2 0.384615 0.687734 0.026653 0.041629
2 0.300996 0.546484 0.021091 0.029116
2 0.595370 0.619695 0.023067 0.044908
2 0.432550 0.555967 0.021504 0.034495
2 0.465493 0.598788 0.020757 0.033104
2 0.210417 0.603472 0.027394 0.029292
2 0.542193 0.684742 0.025184 0.039349
2 0.236628 0.516737 0.023319 0.028396
2 0.874411 0.533480 0.025091 0.034966
2 0.706790 0.559562 0.024242 0.037774
2 0.971321 0.499460 0.028537 0.035117
2 0.952369 0.502011 0.024932 0.032771
2 0.046528 0.521777 0.022553 0.030513
2 0.067606 0.630576 0.027288 0.047972
2 0.620858 0.598793 0.025427 0.036813
2 0.672843 0.597983 0.021579 0.037051
2 0.541535 0.610774 0.022902 0.049506
2 0.461493 0.618305 0.025819 0.056803
2 0.218265 0.624998 0.031680 0.048721
2 0.323435 0.545830 0.018020 0.029912
2 0.433748 0.545087 0.018652 0.028959
2 0.016279 0.556464 0.032354 0.027814
2 0.977158 0.500013 0.029133 0.034504
2 0.800213 0.544046 0.023696 0.032562
2 0.219870 0.572999 0.028557 0.032852
2 0.922219 0.499323 0.033864 0.032513
2 0.518409 0.596644 0.023486 0.038652
2 0.885306 0.502075 0.026283 0.033839
2 0.970521 0.590420 0.025965 0.035980
2 0.266608 0.560054 0.025362 0.037569
2 0.748347 0.539024 0.024107 0.027687
2 0.542028 0.596711 0.024322 0.038545
2 0.969779 0.506002 0.029371 0.038966
2 0.922032 0.531483 0.025410 0.029862
2 0.381585 0.618544 0.026753 0.029394
2 0.187184 0.587836 0.029998 0.036121
2 0.292227 0.691081 0.026000 0.037125
2 0.062178 0.519487 0.029079 0.033616
2 0.520059 0.542380 0.018321 0.028759
2 0.151912 0.565150 0.032037 0.043080
2 0.770041 0.541925 0.016841 0.025699
2 0.530976 0.486424 0.025496 0.024362
2 0.165089 0.553056 0.030604 0.034296
2 0.910394 0.507989 0.031898 0.031518
2 0.492455 0.596584 0.025780 0.040239
2 0.717745 0.605545 0.013667 0.028264
2 0.497453 0.551193 0.021569 0.042564
2 0.699257 0.607541 0.020931 0.029560
2 0.698806 0.540494 0.017557 0.033438
2 0.473977 0.538275 0.019429 0.027025
2 0.594026 0.598546 0.020905 0.037245
2 0.170818 0.549233 0.025775 0.034709
2 0.990653 0.505854 0.018695 0.034994
2 0.728206 0.541022 0.024653 0.032881
2 0.506549 0.508993 0.031031 0.034315
2 0.414564 0.547916 0.016074 0.033167
2 0.971789 0.530270 0.027186 0.030254
2 0.618419 0.595218 0.028632 0.038734
2 0.668994 0.592291 0.025924 0.041296
2 0.498618 0.545545 0.021231 0.032098
2 0.488941 0.597735 0.022154 0.036405
2 0.931420 0.503646 0.030330 0.026410
2 0.217046 0.617708 0.033356 0.050153
2 0.468004 0.558989 0.022975 0.036714
2 0.211232 0.551302 0.023034 0.030995
2 0.625849 0.619495 0.027258 0.038066
2 0.890897 0.518418 0.031424 0.027506
