2 0.644578 0.588252 0.027906 0.034804
2 0.739434 0.545080 0.022576 0.040731
2 0.750549 0.494583 0.021597 0.031905
2 0.777867 0.589221 0.025851 0.043737
2 0.891799 0.490346 0.021143 0.032929
2 0.754233 0.675423 0.031307 0.046385
2 0.841749 0.491399 0.022696 0.034018
2 0.520231 0.657841 0.031357 0.042776
2 0.916306 0.488254 0.021091 0.035829
2 0.764018 0.546993 0.021303 0.036731
2 0.972029 0.489349 0.025065 0.036170
2 0.728037 0.493263 0.021389 0.035287
2 0.980423 0.686413 0.031620 0.050298
2 0.595905 0.586526 0.025069 0.035506
2 0.787857 0.545227 0.021557 0.039119
2 0.866853 0.490401 0.021291 0.036195
2 0.714477 0.546511 0.021888 0.037487
2 0.818099 0.491113 0.019501 0.032391
2 0.699260 0.531239 0.021616 0.032878
2 0.934040 0.592181 0.025631 0.041534
2 0.646442 0.497188 0.023027 0.031201
2 0.799609 0.615334 0.027838 0.049598
2 0.665703 0.551304 0.022137 0.035446
2 0.772503 0.493674 0.020940 0.030459
2 0.831685 0.611589 0.027530 0.046231
2 0.944040 0.687977 0.030674 0.048544
2 0.989556 0.540629 0.020887 0.048827
2 0.622126 0.548319 0.022503 0.032619
2 0.676562 0.530044 0.022815 0.035735
2 0.739928 0.609522 0.026008 0.042993
2 0.827490 0.677536 0.027046 0.046022
2 0.532364 0.604551 0.027104 0.039643
2 0.960857 0.543589 0.026470 0.044965
2 0.807720 0.588130 0.025600 0.032966
2 0.642580 0.548501 0.023378 0.033484
2 0.943024 0.488805 0.023386 0.036219
2 0.815441 0.546323 0.022286 0.037960
2 0.712655 0.611381 0.024865 0.039350
2 0.579656 0.542994 0.022294 0.041740
2 0.901362 0.540726 0.027551 0.049402
2 0.834529 0.585554 0.025588 0.035031
2 0.869612 0.587875 0.027890 0.038542
2 0.721522 0.674186 0.030367 0.043665
2 0.668281 0.495610 0.021149 0.031749
2 0.414631 0.534950 0.026436 0.031441
2 0.706783 0.495325 0.018705 0.030799
2 0.968341 0.589082 0.026537 0.036522
2 0.930973 0.545238 0.025797 0.043880
2 0.619251 0.586871 0.023551 0.033872
2 0.687223 0.495188 0.020897 0.031268
2 0.627125 0.495981 0.018246 0.027711
2 0.609486 0.497543 0.021020 0.029894
2 0.463737 0.546013 0.022436 0.033643
2 0.899029 0.617245 0.028240 0.044624
2 0.794750 0.493425 0.020959 0.029475
2 0.721133 0.588581 0.024588 0.039899
2 0.436650 0.554513 0.023885 0.031734
2 0.487140 0.603640 0.028172 0.038762
2 0.698093 0.587255 0.026716 0.041047
2 0.556854 0.585710 0.025600 0.032721
2 0.864432 0.615475 0.025215 0.050492
2 0.970363 0.619364 0.028273 0.049198
2 0.558486 0.603043 0.026925 0.041012
2 0.507920 0.583866 0.024287 0.032074
2 0.842845 0.544258 0.023747 0.042392
2 0.530421 0.580344 0.023198 0.028431
2 0.662630 0.545628 0.019705 0.037818
2 0.683225 0.609298 0.022860 0.036449
2 0.862428 0.687030 0.025702 0.037390
2 0.557430 0.596063 0.026267 0.044109
2 0.559216 0.541657 0.022893 0.041822
2 0.289339 0.518025 0.022379 0.027633
2 0.272064 0.518898 0.020398 0.027419
2 0.597737 0.547043 0.019150 0.032152
2 0.621866 0.496857 0.020967 0.028297
2 0.600384 0.543872 0.022516 0.038596
2 0.551139 0.580861 0.023973 0.031960
2 0.448431 0.581974 0.024415 0.033371
2 0.590037 0.497100 0.019148 0.028045
2 0.317946 0.517511 0.025275 0.025517
2 0.386639 0.505520 0.019746 0.028821
2 0.833762 0.593024 0.026332 0.049728
2 0.445816 0.501888 0.024613 0.034382
2 0.533874 0.533156 0.022902 0.028715
2 0.485192 0.592103 0.026581 0.030722
2 0.499589 0.546270 0.026781 0.037025
2 0.358896 0.506922 0.017717 0.029035
2 0.654749 0.531215 0.019560 0.032856
2 0.901513 0.685514 0.028300 0.045433
2 0.479985 0.550334 0.018733 0.029419
2 0.632344 0.527503 0.019923 0.024370
2 0.430441 0.587052 0.020084 0.038803
2 0.991848 0.595695 0.016304 0.044359
2 0.363546 0.540547 0.024451 0.023058
2 0.771149 0.529679 0.019839 0.030861
2 0.216531 0.544394 0.028586 0.019813
2 0.393541 0.539543 0.023580 0.026396
2 0.184526 0.544580 0.031472 0.021605
2 0.844336 0.529723 0.023656 0.032847
2 0.871301 0.546600 0.023452 0.038537
2 0.899089 0.591184 0.024131 0.042025
2 0.280602 0.543374 0.026324 0.020605
2 0.369864 0.506516 0.017379 0.028840
2 0.611870 0.530037 0.020798 0.029644
2 0.961094 0.531693 0.025002 0.040989
2 0.545536 0.588534 0.022069 0.029299
2 0.403597 0.505452 0.020919 0.027061
2 0.571939 0.499975 0.020030 0.026313
2 0.627810 0.671711 0.025908 0.031717
2 0.872675 0.522955 0.022301 0.029016
2 0.264404 0.520132 0.021615 0.025443
2 0.328944 0.540019 0.021908 0.025788
2 0.426117 0.503767 0.021201 0.029966
2 0.336547 0.511564 0.016637 0.027574
2 0.345635 0.507850 0.016282 0.029751
2 0.391055 0.541908 0.026800 0.022117
2 0.537994 0.531989 0.021841 0.029437
2 0.237404 0.544232 0.030243 0.020187
2 0.747771 0.530726 0.019368 0.029847
2 0.993904 0.485435 0.012192 0.037385
2 0.167421 0.494170 0.022602 0.022222
2 0.767299 0.493024 0.019917 0.031150
2 0.308181 0.541759 0.027611 0.022724
2 0.246686 0.487067 0.020523 0.027329
2 0.641391 0.532036 0.025703 0.034477
2 0.587385 0.498601 0.018267 0.027200
2 0.156910 0.538310 0.016007 0.026657
2 0.257812 0.544657 0.016010 0.019096
2 0.384770 0.540134 0.019463 0.023869
2 0.816952 0.525326 0.022383 0.029655
2 0.803074 0.589781 0.026166 0.041241
2 0.347258 0.539570 0.021068 0.025175
2 0.774040 0.587180 0.030388 0.036302
2 0.441472 0.585946 0.026696 0.033996
2 0.104801 0.507744 0.022074 0.021254
2 0.556724 0.532910 0.021612 0.031184
2 0.315256 0.519265 0.021426 0.032346
2 0.332399 0.510025 0.015552 0.028157
2 0.632848 0.585714 0.010376 0.033815
2 0.451560 0.584438 0.029297 0.030894
2 0.153512 0.492410 0.016929 0.024501
2 0.739405 0.589392 0.027063 0.038188
