2 0.775832 0.557688 0.027815 0.043104
2 0.131287 0.627108 0.038132 0.047571
2 0.921238 0.554065 0.034809 0.041734
2 0.376600 0.451164 0.019661 0.030251
2 0.638727 0.444405 0.020925 0.035890
2 0.658020 0.614524 0.029610 0.044747
2 0.326869 0.488831 0.022019 0.031258
2 0.780746 0.615440 0.032666 0.044217
2 0.692219 0.559124 0.026152 0.045279
2 0.219583 0.546054 0.028918 0.036523
2 0.969814 0.609510 0.041273 0.054961
2 0.980031 0.555547 0.039374 0.046509
2 0.715062 0.614571 0.031670 0.044039
2 0.396291 0.451387 0.019012 0.028932
2 0.934175 0.607358 0.046837 0.053134
2 0.802873 0.557031 0.025582 0.041774
2 0.148268 0.489652 0.025402 0.033128
2 0.663316 0.560924 0.023756 0.039410
2 0.688050 0.494716 0.022916 0.036024
2 0.338720 0.564625 0.024073 0.040060
2 0.376933 0.624444 0.029681 0.043104
2 0.117020 0.545554 0.029436 0.038198
2 0.399637 0.541140 0.023744 0.041617
2 0.638863 0.560480 0.023917 0.039266
2 0.718775 0.560148 0.024894 0.041812
2 0.234661 0.452313 0.024106 0.030426
2 0.061363 0.506478 0.027409 0.036529
2 0.618932 0.444942 0.019540 0.033541
2 0.091544 0.569980 0.034826 0.041907
2 0.889302 0.555125 0.031611 0.042521
2 0.525953 0.497235 0.020713 0.038097
2 0.686962 0.616212 0.026522 0.040214
2 0.750574 0.621081 0.031653 0.042409
2 0.335264 0.451338 0.018606 0.030267
2 0.713210 0.495388 0.023112 0.035276
2 0.415872 0.452379 0.018577 0.026739
2 0.533425 0.619986 0.024171 0.041187
2 0.856411 0.442487 0.023781 0.031890
2 0.274830 0.452613 0.024596 0.031654
2 0.571806 0.494346 0.021085 0.040940
2 0.324913 0.542573 0.027157 0.036944
2 0.504147 0.494475 0.020028 0.041566
2 0.620593 0.500692 0.023149 0.035809
2 0.528189 0.538210 0.021387 0.037732
2 0.214441 0.450992 0.024292 0.030033
2 0.659499 0.446216 0.019082 0.029291
2 0.950962 0.558281 0.029473 0.040657
2 0.316262 0.451327 0.019863 0.030623
2 0.345313 0.626099 0.028671 0.042041
2 0.364816 0.562259 0.025296 0.040934
2 0.355742 0.450321 0.021386 0.032503
2 0.435777 0.451069 0.017514 0.029367
2 0.877739 0.444005 0.025306 0.029866
2 0.270934 0.545920 0.028181 0.035544
2 0.597769 0.446847 0.018594 0.032804
2 0.409033 0.495758 0.018162 0.032111
2 0.579395 0.543502 0.024265 0.047221
2 0.013292 0.455551 0.026585 0.036290
2 0.662862 0.497536 0.023886 0.036316
2 0.037320 0.454266 0.032447 0.038040
2 0.388353 0.503959 0.020704 0.030062
2 0.934188 0.491072 0.029012 0.036624
2 0.108958 0.507576 0.028108 0.038542
2 0.365851 0.497426 0.021136 0.040734
2 0.389765 0.493670 0.020843 0.039078
2 0.644533 0.498707 0.020421 0.036733
2 0.591402 0.482066 0.020621 0.031568
2 0.191895 0.453173 0.019965 0.028018
2 0.746595 0.561203 0.024797 0.041320
2 0.477221 0.450485 0.017946 0.031037
2 0.244686 0.545691 0.025453 0.035621
2 0.765898 0.536921 0.021456 0.037234
2 0.254973 0.451570 0.020055 0.030311
2 0.304544 0.485922 0.023640 0.035933
2 0.258413 0.484812 0.020933 0.029498
2 0.083910 0.511054 0.026379 0.029099
2 0.814377 0.617332 0.032854 0.038826
2 0.457317 0.494932 0.020548 0.042462
2 0.578835 0.448134 0.018437 0.032712
2 0.440726 0.620683 0.023515 0.042101
2 0.237798 0.485693 0.024720 0.033313
2 0.548432 0.492803 0.021064 0.045867
2 0.561123 0.615962 0.023896 0.040477
2 0.497047 0.450401 0.017740 0.029967
2 0.759533 0.534435 0.026200 0.037723
2 0.419631 0.563542 0.026559 0.043529
2 0.480514 0.497108 0.018666 0.036165
2 0.296086 0.451197 0.021101 0.032928
2 0.837436 0.495474 0.025077 0.037630
2 0.624203 0.619236 0.028380 0.043196
2 0.125383 0.489614 0.026439 0.033520
2 0.348011 0.541313 0.022380 0.038160
2 0.961100 0.491246 0.033389 0.039410
2 0.536267 0.449256 0.018923 0.029485
2 0.470234 0.625615 0.021873 0.036380
2 0.736840 0.492668 0.024938 0.039637
2 0.146107 0.566705 0.030192 0.045922
2 0.767017 0.494915 0.023458 0.041600
2 0.869198 0.530035 0.031703 0.040407
2 0.200740 0.506064 0.024983 0.035016
2 0.446444 0.560281 0.023906 0.042267
2 0.342016 0.498534 0.019087 0.042152
2 0.293435 0.508640 0.025363 0.034200
2 0.985390 0.491566 0.029219 0.046159
2 0.714968 0.544060 0.027494 0.047611
2 0.433292 0.498758 0.019541 0.036788
2 0.235363 0.488234 0.022016 0.031085
2 0.433878 0.489829 0.017294 0.026550
2 0.246390 0.506269 0.023496 0.030839
2 0.632361 0.536217 0.025006 0.037060
2 0.557176 0.450219 0.019729 0.029726
2 0.457213 0.449980 0.019640 0.029761
2 0.501618 0.621288 0.024167 0.042695
2 0.311077 0.563284 0.023545 0.036075
2 0.501353 0.562552 0.022675 0.039730
2 0.018766 0.567610 0.028350 0.044537
2 0.898455 0.441917 0.024230 0.033039
2 0.604920 0.534398 0.023378 0.038780
2 0.037121 0.532364 0.039646 0.054453
2 0.516199 0.449480 0.016028 0.029609
2 0.788969 0.533470 0.030941 0.034479
2 0.281839 0.486426 0.021224 0.032237
2 0.616588 0.480646 0.023813 0.025627
2 0.104484 0.499647 0.029901 0.044389
2 0.710964 0.492010 0.027157 0.034104
2 0.553839 0.540133 0.021602 0.042201
2 0.869323 0.476444 0.026351 0.035589
2 0.554326 0.560114 0.022861 0.041359
2 0.710530 0.532374 0.027942 0.038403
2 0.606929 0.559128 0.023402 0.034166
2 0.581572 0.555433 0.022604 0.043736
2 0.613424 0.478845 0.019466 0.029321
2 0.959264 0.445387 0.026920 0.030416
2 0.634843 0.489224 0.021603 0.031579
2 0.392458 0.486130 0.022731 0.026044
2 0.825899 0.473020 0.024660 0.032056
2 0.300575 0.487087 0.025730 0.038415
2 0.736224 0.533644 0.022157 0.038108
2 0.268904 0.506879 0.021743 0.032659
2 0.594709 0.616450 0.023540 0.039940
2 0.638428 0.488936 0.026015 0.034588
2 0.501511 0.534760 0.020441 0.032496
2 0.188851 0.497226 0.034671 0.041551
2 0.682931 0.535173 0.026811 0.036954
2 0.888435 0.545401 0.031423 0.046836
2 0.424903 0.540500 0.023435 0.040204
2 0.180276 0.499034 0.031285 0.045135
2 0.867995 0.485974 0.030860 0.038426
2 0.142933 0.544411 0.028728 0.032671
2 0.473658 0.562857 0.023651 0.045561
2 0.329961 0.494173 0.023182 0.034981
2 0.657045 0.532176 0.021947 0.032301
2 0.939075 0.445183 0.024154 0.029079
2 0.222382 0.506229 0.021127 0.030457
2 0.847022 0.471476 0.022551 0.029503
2 0.175933 0.557158 0.034043 0.049874
2 0.982262 0.445318 0.032818 0.030622
2 0.910017 0.493946 0.029676 0.038005
2 0.683795 0.446378 0.020833 0.027237
2 0.637135 0.478560 0.022418 0.031367
2 0.306889 0.451191 0.021339 0.032980
2 0.917036 0.441191 0.028042 0.036596
2 0.859912 0.492639 0.022756 0.034429
2 0.895697 0.491613 0.031752 0.043060
2 0.448253 0.543381 0.022855 0.044981
2 0.170546 0.489072 0.025083 0.031028
2 0.144900 0.551222 0.029963 0.034584
2 0.388609 0.451014 0.015369 0.028194
2 0.169252 0.542102 0.028541 0.031972
2 0.270746 0.494725 0.028507 0.045653
2 0.763227 0.528727 0.027327 0.046520
2 0.898961 0.536331 0.030365 0.036070
2 0.990911 0.608485 0.018177 0.044475
2 0.903907 0.495530 0.039931 0.039102
2 0.915690 0.472353 0.033478 0.031304
2 0.834721 0.442549 0.024723 0.033686
2 0.635403 0.553832 0.024613 0.044390
2 0.100230 0.488166 0.024838 0.028277
2 0.449492 0.536426 0.022438 0.036044
2 0.982672 0.522369 0.034656 0.039038
2 0.960912 0.472944 0.029927 0.029419
2 0.851625 0.478254 0.030116 0.042102
2 0.548471 0.499468 0.020243 0.033925
2 0.897433 0.531842 0.027141 0.032367
2 0.199605 0.499489 0.026923 0.047170
2 0.341485 0.503458 0.022635 0.033194
2 0.934059 0.556293 0.036940 0.040454
2 0.985213 0.482212 0.028322 0.036663
2 0.315928 0.558543 0.029684 0.031697
2 0.660203 0.552843 0.023968 0.046513
2 0.392177 0.481403 0.018405 0.026899
2 0.478059 0.536326 0.022682 0.036507
2 0.127627 0.544979 0.042118 0.038406
2 0.659200 0.525553 0.023591 0.047786
2 0.078738 0.487778 0.025611 0.027867
2 0.409710 0.499710 0.020598 0.040472
2 0.954164 0.529490 0.031666 0.032039
2 0.891918 0.473169 0.024812 0.028014
2 0.107933 0.488548 0.035129 0.033808
2 0.686170 0.530621 0.027551 0.048715
2 0.154732 0.451278 0.026056 0.033775
2 0.571555 0.485759 0.019561 0.037524
2 0.300053 0.450196 0.018243 0.032681
2 0.924865 0.531373 0.028271 0.034895
2 0.947164 0.553185 0.034369 0.046268
2 0.548416 0.483776 0.018232 0.030615
2 0.337259 0.549562 0.028606 0.039680
2 0.007147 0.492115 0.014082 0.026311
2 0.251894 0.629638 0.026316 0.034861
2 0.658537 0.477880 0.021015 0.026349
2 0.171893 0.546659 0.031059 0.034694
2 0.958572 0.524809 0.033381 0.034995
2 0.684105 0.478472 0.023469 0.026621
2 0.243942 0.485873 0.016368 0.034902
2 0.705514 0.478466 0.029907 0.027618
2 0.978254 0.525954 0.029524 0.032095
2 0.612244 0.483796 0.017995 0.032888
2 0.685790 0.484239 0.022878 0.037145
2 0.480819 0.483648 0.017396 0.031397
2 0.205398 0.494843 0.022731 0.039462
2 0.539711 0.495149 0.015988 0.040364
2 0.222336 0.497155 0.022898 0.045420
2 0.553659 0.534354 0.020024 0.034525
2 0.475722 0.540512 0.022671 0.041601
2 0.436298 0.496540 0.022426 0.041450
2 0.661460 0.479247 0.022853 0.029500
2 0.036403 0.521233 0.036682 0.041535
