2 0.506636 0.574659 0.027040 0.043951
2 0.163522 0.438344 0.021317 0.033029
2 0.097642 0.544765 0.032831 0.038082
2 0.536543 0.518543 0.025639 0.042534
2 0.066621 0.503792 0.026417 0.034366
2 0.119906 0.439227 0.022903 0.035249
2 0.239696 0.526715 0.024241 0.043539
2 0.339901 0.425605 0.017868 0.030553
2 0.810007 0.539838 0.035936 0.045005
2 0.753665 0.542930 0.040177 0.046759
2 0.619067 0.562869 0.031997 0.041442
2 0.095266 0.443523 0.025703 0.034570
2 0.509407 0.522050 0.023997 0.040199
2 0.700132 0.396716 0.022678 0.029028
2 0.142335 0.439026 0.022101 0.032273
2 0.219735 0.616312 0.030296 0.045204
2 0.789494 0.492156 0.036752 0.042502
2 0.438186 0.452411 0.020762 0.031666
2 0.681641 0.396379 0.023340 0.031005
2 0.155624 0.478889 0.023443 0.033008
2 0.592326 0.573489 0.031256 0.042624
2 0.486480 0.524095 0.023657 0.039895
2 0.533790 0.573981 0.027900 0.039881
2 0.275091 0.428957 0.019646 0.032577
2 0.291091 0.542569 0.024647 0.042624
2 0.401762 0.423148 0.019632 0.030277
2 0.174003 0.490790 0.022235 0.038303
2 0.883699 0.528628 0.030474 0.041208
2 0.418895 0.465072 0.020269 0.040872
2 0.359992 0.422837 0.016822 0.030777
2 0.320123 0.542863 0.023253 0.045547
2 0.072677 0.443881 0.022034 0.029572
2 0.501625 0.412327 0.020071 0.030040
2 0.066722 0.546259 0.030135 0.036501
2 0.262454 0.548496 0.027057 0.049161
2 0.637066 0.508286 0.025565 0.039209
2 0.586027 0.516802 0.024373 0.040977
2 0.612594 0.511151 0.025666 0.039764
2 0.049058 0.447303 0.026271 0.033870
2 0.186021 0.435502 0.021733 0.036090
2 0.131266 0.477460 0.025636 0.039294
2 0.712847 0.499504 0.027415 0.038682
2 0.427676 0.515595 0.026991 0.048085
2 0.296646 0.427614 0.019324 0.034358
2 0.481554 0.411781 0.020370 0.035397
2 0.888067 0.423765 0.030922 0.034426
2 0.038141 0.506538 0.025697 0.032159
2 0.200029 0.485466 0.024412 0.043064
2 0.465576 0.466324 0.024517 0.037043
2 0.348964 0.540505 0.024478 0.042959
2 0.384885 0.594359 0.024160 0.042541
2 0.781045 0.541195 0.035946 0.048312
2 0.561276 0.517922 0.024123 0.039145
2 0.274714 0.481221 0.021273 0.037639
2 0.488532 0.463937 0.021668 0.036923
2 0.203215 0.551033 0.026940 0.043492
2 0.740607 0.496583 0.031292 0.038312
2 0.462262 0.413497 0.019102 0.033333
2 0.529895 0.454720 0.020918 0.040695
2 0.037428 0.549027 0.031904 0.039720
2 0.474453 0.582438 0.028982 0.042001
2 0.649941 0.561660 0.029454 0.040640
2 0.318881 0.426245 0.018631 0.033295
2 0.664105 0.446205 0.023418 0.036000
2 0.381117 0.422392 0.018322 0.030249
2 0.299868 0.474851 0.022498 0.045453
2 0.480356 0.502342 0.025410 0.037429
2 0.208606 0.435098 0.021538 0.032586
2 0.013444 0.503221 0.026888 0.045566
2 0.053987 0.484181 0.026853 0.034695
2 0.867764 0.530476 0.041385 0.042052
2 0.452103 0.501195 0.021875 0.035621
2 0.143563 0.560609 0.028387 0.038658
2 0.559976 0.568561 0.029075 0.037415
2 0.523240 0.411639 0.019103 0.026292
2 0.506729 0.464146 0.023092 0.034872
2 0.423478 0.418248 0.019793 0.031751
2 0.598121 0.487855 0.023869 0.036919
2 0.855065 0.483324 0.030540 0.039610
2 0.412671 0.586362 0.024950 0.041636
2 0.372436 0.471049 0.021384 0.041127
2 0.252831 0.432721 0.018467 0.027809
2 0.174542 0.556808 0.027626 0.040730
2 0.813252 0.488159 0.031107 0.038294
2 0.403127 0.532428 0.022819 0.043433
2 0.230943 0.433845 0.021547 0.030804
2 0.092938 0.499929 0.026254 0.038255
2 0.552488 0.487149 0.026507 0.031844
2 0.024016 0.447418 0.025555 0.032803
2 0.319627 0.603300 0.021116 0.033620
2 0.288431 0.604784 0.025041 0.043952
2 0.395208 0.470470 0.021104 0.037887
2 0.694915 0.477353 0.029561 0.039256
2 0.443065 0.417241 0.019368 0.031342
2 0.575309 0.487714 0.022632 0.035220
2 0.376470 0.513130 0.020960 0.037426
2 0.268969 0.523982 0.024505 0.039190
2 0.461855 0.456440 0.021204 0.031806
2 0.395392 0.462023 0.021687 0.036272
2 0.224423 0.487768 0.021396 0.035389
2 0.663380 0.398351 0.023153 0.031300
2 0.291891 0.533370 0.024467 0.045285
2 0.248055 0.482459 0.020499 0.039698
2 0.079637 0.480368 0.025371 0.031845
2 0.185882 0.620261 0.030635 0.042455
2 0.830338 0.430245 0.028462 0.035146
2 0.324793 0.477515 0.019955 0.036060
2 0.554067 0.454793 0.020732 0.036207
2 0.792883 0.391636 0.036244 0.030513
2 0.686299 0.446478 0.024191 0.029187
2 0.348932 0.469700 0.023115 0.043813
2 0.622893 0.483318 0.027502 0.036048
2 0.923692 0.524172 0.024452 0.035558
2 0.485630 0.458330 0.023285 0.032929
2 0.880293 0.481970 0.031895 0.035007
2 0.574748 0.452798 0.022721 0.035761
2 0.119276 0.502178 0.026513 0.035836
2 0.718142 0.445277 0.032421 0.036804
2 0.081527 0.483770 0.024608 0.028684
2 0.174162 0.483109 0.022093 0.041883
2 0.716252 0.487767 0.030662 0.036192
2 0.801759 0.540506 0.045453 0.046238
2 0.734197 0.390865 0.024801 0.031803
2 0.627936 0.485526 0.025295 0.031582
2 0.446769 0.584967 0.023715 0.040873
2 0.526920 0.493718 0.024360 0.038014
2 0.458063 0.528370 0.023236 0.037776
2 0.294654 0.517651 0.026551 0.032092
2 0.833395 0.486413 0.030180 0.033284
2 0.177485 0.545306 0.026536 0.045539
2 0.502816 0.494283 0.022841 0.029483
2 0.850189 0.430351 0.022993 0.031677
2 0.455330 0.522527 0.024201 0.029263
2 0.106635 0.481278 0.021487 0.031623
2 0.082407 0.485869 0.028327 0.037057
2 0.227034 0.475761 0.023631 0.039698
2 0.597942 0.449670 0.028434 0.042004
2 0.901557 0.479433 0.033442 0.037462
2 0.877372 0.480462 0.033187 0.042358
2 0.504780 0.459574 0.023912 0.034616
2 0.138536 0.439010 0.021104 0.034575
2 0.324763 0.457122 0.018026 0.026082
2 0.743047 0.471417 0.032598 0.033102
2 0.809291 0.420799 0.024966 0.028547
2 0.156973 0.534630 0.029206 0.039876
2 0.353290 0.596754 0.025039 0.044227
2 0.770676 0.433214 0.030764 0.042876
2 0.776223 0.431926 0.038297 0.043837
2 0.876514 0.530055 0.044378 0.041665
2 0.748230 0.435027 0.025669 0.039908
2 0.513093 0.516739 0.018921 0.040733
2 0.718335 0.395200 0.023207 0.029270
2 0.549795 0.450832 0.027429 0.041971
2 0.480772 0.447527 0.019668 0.029189
2 0.181831 0.532230 0.024453 0.037055
2 0.791555 0.432149 0.027600 0.039508
2 0.460099 0.448235 0.019442 0.029828
2 0.745447 0.391795 0.024925 0.030849
2 0.820485 0.388581 0.028464 0.033638
2 0.767042 0.392197 0.024549 0.031039
2 0.906629 0.479675 0.030173 0.033481
2 0.694161 0.428339 0.022843 0.030973
2 0.050822 0.491548 0.023528 0.040228
2 0.753228 0.393497 0.023757 0.029452
2 0.502953 0.441408 0.019237 0.025623
2 0.823703 0.430726 0.028691 0.038279
2 0.811208 0.427485 0.026117 0.044960
2 0.798830 0.390265 0.028235 0.031157
2 0.163072 0.537484 0.020748 0.042945
2 0.869156 0.429050 0.030339 0.030678
2 0.401253 0.506159 0.021525 0.029999
2 0.724322 0.442686 0.031386 0.039604
2 0.672795 0.424372 0.020064 0.024398
2 0.300326 0.466631 0.021327 0.034875
2 0.225454 0.481513 0.022350 0.045736
2 0.719596 0.478614 0.026693 0.029015
2 0.734965 0.439490 0.029857 0.038229
2 0.177885 0.557384 0.026229 0.035321
2 0.789027 0.483884 0.035981 0.048340
2 0.320621 0.517453 0.027165 0.036386
2 0.729664 0.424516 0.024425 0.030536
2 0.547485 0.442151 0.026127 0.027804
2 0.654461 0.427835 0.026683 0.027847
2 0.495717 0.443425 0.015634 0.024162
2 0.764430 0.495584 0.026229 0.040803
2 0.768436 0.468590 0.032056 0.032756
2 0.810848 0.480503 0.033946 0.051359
2 0.688274 0.441432 0.024273 0.041615
2 0.404192 0.524651 0.024323 0.041405
2 0.766756 0.489611 0.030418 0.041472
2 0.922223 0.477894 0.034438 0.038100
2 0.813917 0.435245 0.024218 0.029991
2 0.732981 0.427755 0.027842 0.036039
2 0.558710 0.451526 0.026513 0.037918
2 0.572530 0.449179 0.025509 0.036733
2 0.865338 0.425572 0.033028 0.034193
2 0.692241 0.423565 0.029777 0.025964
2 0.080139 0.635075 0.030554 0.036658
2 0.921286 0.454582 0.035672 0.031982
2 0.064211 0.444792 0.021850 0.032210
2 0.525579 0.450411 0.023026 0.040636
2 0.348944 0.514728 0.020422 0.036006
2 0.758175 0.469953 0.027996 0.033898
2 0.097328 0.479614 0.029450 0.034211
2 0.812908 0.446153 0.030370 0.027093
2 0.078709 0.544994 0.017012 0.036892
2 0.590985 0.564613 0.029211 0.039425
2 0.318835 0.593602 0.026086 0.036540
2 0.195988 0.486918 0.028690 0.039724
2 0.100583 0.485149 0.024903 0.040075
2 0.627181 0.479953 0.029770 0.041618
2 0.709522 0.428669 0.017763 0.031134
2 0.149748 0.540750 0.031038 0.042521
2 0.240755 0.484478 0.021813 0.039506
2 0.905162 0.456726 0.035947 0.031002
2 0.720302 0.430836 0.034684 0.038694
2 0.661918 0.423249 0.028558 0.028736
2 0.722986 0.476103 0.028767 0.034191
2 0.324652 0.516323 0.021509 0.038263
2 0.006430 0.450599 0.012860 0.031361
2 0.169862 0.555355 0.026498 0.035559
2 0.783686 0.492132 0.037326 0.039259
2 0.274078 0.462187 0.018873 0.028423
2 0.379289 0.516083 0.025316 0.039587
2 0.832222 0.410537 0.025438 0.023043
2 0.896704 0.459829 0.026002 0.025713
