2 0.176488 0.389342 0.019511 0.032233
2 0.025421 0.390991 0.025801 0.034770
2 0.153485 0.388621 0.020931 0.036190
2 0.199497 0.387337 0.019248 0.034197
2 0.028458 0.589091 0.037921 0.050569
2 0.128220 0.389066 0.022974 0.035684
2 0.103094 0.388569 0.022319 0.035311
2 0.058503 0.491997 0.028299 0.045806
2 0.643879 0.528829 0.031008 0.040363
2 0.380625 0.555542 0.025705 0.039870
2 0.466387 0.546994 0.028861 0.039646
2 0.592659 0.530788 0.037999 0.045565
2 0.051615 0.389838 0.024469 0.033820
2 0.012077 0.447950 0.024155 0.044925
2 0.354597 0.387549 0.020131 0.030945
2 0.352352 0.555476 0.028790 0.043535
2 0.357844 0.500583 0.023314 0.040642
2 0.691358 0.524515 0.030756 0.038545
2 0.439641 0.555373 0.028745 0.042401
2 0.284161 0.424574 0.022294 0.032031
2 0.317200 0.562946 0.029140 0.041984
2 0.332936 0.501666 0.023919 0.041832
2 0.312117 0.385718 0.020827 0.034777
2 0.076821 0.390562 0.022620 0.031056
2 0.222150 0.388355 0.019903 0.033330
2 0.316582 0.444336 0.023119 0.034730
2 0.381144 0.431827 0.023087 0.042101
2 0.039975 0.448972 0.022780 0.038576
2 0.290373 0.387053 0.018720 0.034482
2 0.220430 0.571296 0.026023 0.043996
2 0.262317 0.437290 0.022413 0.041009
2 0.557508 0.487090 0.028950 0.038894
2 0.711388 0.523312 0.024950 0.038105
2 0.082623 0.516694 0.029719 0.047903
2 0.332730 0.385265 0.021006 0.035216
2 0.339597 0.442157 0.019648 0.037791
2 0.184622 0.438469 0.024946 0.046629
2 0.462550 0.495156 0.024626 0.038487
2 0.436285 0.498619 0.023413 0.041466
2 0.116923 0.511693 0.027933 0.045676
2 0.245831 0.390212 0.020672 0.031964
2 0.269584 0.387513 0.019496 0.034190
2 0.486349 0.493286 0.024572 0.038204
2 0.376333 0.388774 0.018724 0.027722
2 0.182683 0.485049 0.025154 0.035777
2 0.013824 0.517141 0.027588 0.051116
2 0.408795 0.550774 0.028719 0.040464
2 0.069766 0.445940 0.023727 0.042379
2 0.156857 0.445158 0.023870 0.034257
2 0.100292 0.446510 0.023890 0.038288
2 0.615812 0.427686 0.031805 0.042102
2 0.128328 0.444752 0.023909 0.039638
2 0.288148 0.559835 0.021314 0.034380
2 0.183587 0.573510 0.026588 0.044326
2 0.309069 0.422675 0.021120 0.027988
2 0.385596 0.498884 0.025123 0.043609
2 0.496259 0.547716 0.026815 0.036271
2 0.627233 0.485288 0.033184 0.039198
2 0.514297 0.433754 0.022769 0.036843
2 0.182095 0.512680 0.027166 0.044749
2 0.242905 0.485809 0.026016 0.036410
2 0.405414 0.434074 0.022421 0.041036
2 0.583141 0.485237 0.028670 0.035904
2 0.110814 0.577560 0.024576 0.044882
2 0.237244 0.441227 0.022847 0.038933
2 0.213503 0.485867 0.023137 0.037290
2 0.358227 0.441103 0.022548 0.035039
2 0.149502 0.513091 0.025959 0.046436
2 0.250597 0.565258 0.025845 0.045143
2 0.532058 0.386996 0.023121 0.031770
2 0.352298 0.471609 0.022901 0.027624
2 0.211836 0.442580 0.021658 0.039711
2 0.541697 0.417670 0.024077 0.030007
2 0.093021 0.489065 0.030866 0.032796
2 0.448637 0.471949 0.024588 0.034144
2 0.332802 0.422607 0.021476 0.027797
2 0.610897 0.389851 0.020607 0.027113
2 0.271009 0.485559 0.028036 0.040076
2 0.641048 0.389201 0.026749 0.029275
2 0.296428 0.477221 0.023362 0.041030
2 0.549842 0.387838 0.020721 0.029021
2 0.687333 0.481625 0.028350 0.033067
2 0.403529 0.469025 0.027562 0.034500
2 0.154889 0.485423 0.027223 0.038559
2 0.700928 0.428698 0.023896 0.030199
2 0.614776 0.390263 0.023045 0.026228
2 0.631460 0.428553 0.023226 0.038526
2 0.145536 0.577741 0.021932 0.030492
2 0.410681 0.498422 0.025130 0.041299
2 0.006507 0.389410 0.012714 0.038861
2 0.350663 0.386455 0.020588 0.033534
2 0.378118 0.473627 0.025575 0.039070
2 0.243788 0.506425 0.026074 0.045157
2 0.301945 0.502760 0.024173 0.038570
2 0.659474 0.389766 0.026149 0.031660
2 0.271976 0.494248 0.026588 0.053696
2 0.452320 0.433605 0.025898 0.043911
2 0.632567 0.389367 0.030600 0.028943
2 0.397690 0.421794 0.022546 0.026626
2 0.426013 0.432972 0.025485 0.040198
2 0.722516 0.478114 0.023183 0.035813
2 0.048583 0.430179 0.023334 0.034574
2 0.119344 0.490142 0.026925 0.045268
2 0.649412 0.429480 0.023451 0.034949
2 0.538826 0.426182 0.023358 0.041963
2 0.717522 0.425933 0.024682 0.032976
2 0.325915 0.477965 0.022805 0.035961
2 0.356369 0.423345 0.023213 0.035345
2 0.571669 0.433672 0.024940 0.039066
2 0.157740 0.424849 0.023668 0.031897
2 0.618339 0.528010 0.029980 0.043720
2 0.667854 0.428711 0.023758 0.033742
2 0.596721 0.390087 0.019264 0.027400
2 0.541688 0.461900 0.028302 0.034652
2 0.513161 0.416403 0.027479 0.024685
2 0.567039 0.424396 0.025367 0.033798
2 0.587281 0.426325 0.026580 0.036580
2 0.705738 0.477986 0.025968 0.037651
2 0.474454 0.467256 0.025686 0.033005
2 0.684491 0.429078 0.019863 0.030520
2 0.336202 0.434094 0.023866 0.048640
2 0.650450 0.481635 0.031050 0.037679
2 0.426715 0.469174 0.023896 0.037311
2 0.407272 0.494320 0.027078 0.040230
2 0.744022 0.521522 0.022102 0.031910
2 0.311229 0.423870 0.023910 0.035681
2 0.709996 0.479176 0.025450 0.033075
2 0.564729 0.439130 0.027965 0.033668
2 0.590811 0.428211 0.023829 0.037308
2 0.131130 0.426221 0.024384 0.028934
2 0.584678 0.477775 0.028680 0.046028
2 0.664101 0.482327 0.029905 0.034707
2 0.236580 0.434538 0.021854 0.046338
2 0.735309 0.478404 0.022384 0.032153
2 0.684443 0.423217 0.022056 0.029747
2 0.727105 0.478114 0.028784 0.035405
2 0.515787 0.387606 0.025145 0.030308
2 0.090876 0.491328 0.029114 0.043521
2 0.585540 0.389536 0.023649 0.030702
2 0.354804 0.490988 0.023981 0.040649
2 0.669529 0.528248 0.025984 0.037489
2 0.566819 0.388626 0.021863 0.028730
2 0.273176 0.501160 0.025123 0.041543
2 0.581953 0.387966 0.020267 0.029564
2 0.058647 0.501400 0.029865 0.062440
2 0.022420 0.430082 0.023066 0.036301
2 0.330073 0.486405 0.023523 0.040078
2 0.100820 0.422440 0.022094 0.032512
2 0.563354 0.426132 0.024044 0.040550
2 0.406350 0.431167 0.028612 0.044594
2 0.584702 0.429716 0.026303 0.036815
2 0.742098 0.476902 0.028390 0.036205
2 0.744276 0.458470 0.033086 0.033649
2 0.647749 0.411648 0.021694 0.024629
2 0.304178 0.506827 0.024866 0.037969
2 0.430525 0.431660 0.027310 0.043526
2 0.678775 0.460938 0.019140 0.024995
2 0.521738 0.413937 0.020775 0.026816
2 0.322936 0.563342 0.024718 0.046752
2 0.612849 0.418598 0.025067 0.030606
2 0.384349 0.553099 0.023786 0.040791
2 0.652755 0.459805 0.027184 0.025015
2 0.356481 0.462058 0.024969 0.039110
2 0.046479 0.436479 0.025667 0.029783
2 0.475512 0.493214 0.036143 0.038489
2 0.734006 0.458173 0.025813 0.030332
2 0.535938 0.415978 0.023699 0.030136
2 0.604755 0.486215 0.022975 0.038698
2 0.667590 0.410488 0.022707 0.023247
2 0.721195 0.459183 0.020820 0.025627
2 0.502750 0.413701 0.021408 0.026862
2 0.584941 0.464951 0.024675 0.034042
2 0.608246 0.461695 0.024020 0.026692
2 0.604002 0.481154 0.025939 0.044313
2 0.130333 0.485790 0.030016 0.039451
2 0.645346 0.462087 0.023991 0.026878
2 0.697248 0.461083 0.019655 0.024760
2 0.585460 0.461330 0.029038 0.035127
2 0.702246 0.462412 0.024271 0.027679
