2 0.814319 0.478113 0.024185 0.033058
2 0.728831 0.472337 0.020727 0.032463
2 0.791718 0.475139 0.023905 0.035919
2 0.569229 0.628081 0.032339 0.041733
2 0.748873 0.473404 0.021660 0.033020
2 0.649405 0.561611 0.026787 0.034737
2 0.839216 0.577330 0.026473 0.043935
2 0.706684 0.474052 0.024513 0.031217
2 0.837115 0.479142 0.023751 0.032925
2 0.895084 0.605676 0.029986 0.049388
2 0.809877 0.664220 0.033189 0.044519
2 0.930663 0.610837 0.030846 0.052232
2 0.774777 0.528888 0.022918 0.038802
2 0.700121 0.566939 0.029825 0.034108
2 0.769411 0.475142 0.020582 0.032016
2 0.968326 0.616376 0.030341 0.048334
2 0.800912 0.528595 0.025396 0.043513
2 0.769282 0.596109 0.027472 0.041033
2 0.850526 0.532644 0.023461 0.043573
2 0.686766 0.471493 0.018536 0.030125
2 0.911316 0.532226 0.028567 0.051886
2 0.667603 0.472586 0.023239 0.029342
2 0.537963 0.570464 0.029320 0.037626
2 0.735307 0.509137 0.024479 0.038084
2 0.966277 0.482868 0.023679 0.034363
2 0.886431 0.479840 0.023318 0.034687
2 0.973642 0.537164 0.028698 0.048895
2 0.724060 0.530542 0.025512 0.034545
2 0.825988 0.533218 0.023677 0.039224
2 0.938828 0.481390 0.023002 0.037585
2 0.758697 0.513299 0.023990 0.032251
2 0.912011 0.480849 0.024125 0.036509
2 0.677007 0.525576 0.023410 0.030511
2 0.739996 0.592112 0.025844 0.036517
2 0.861418 0.605696 0.031090 0.048013
2 0.969963 0.586350 0.030489 0.038985
2 0.689277 0.505916 0.022981 0.028430
2 0.938773 0.582372 0.031839 0.038343
2 0.879950 0.535687 0.025353 0.039538
2 0.941164 0.539761 0.027432 0.040249
2 0.674140 0.563866 0.024631 0.034015
2 0.871691 0.580002 0.028846 0.040853
2 0.560686 0.551239 0.024861 0.034062
2 0.775707 0.660739 0.031310 0.042325
2 0.754805 0.571513 0.029555 0.040397
2 0.860551 0.481016 0.021527 0.031525
2 0.647651 0.470846 0.021882 0.027912
2 0.865218 0.599184 0.033079 0.053689
2 0.886276 0.672231 0.028645 0.045960
2 0.583506 0.575026 0.028478 0.040612
2 0.700082 0.525792 0.024262 0.034566
2 0.627932 0.471317 0.020600 0.026099
2 0.991129 0.481949 0.017741 0.036398
2 0.606253 0.553409 0.025937 0.029505
2 0.610249 0.575530 0.028270 0.042046
2 0.882502 0.517420 0.024996 0.034791
2 0.943231 0.528581 0.026947 0.047769
2 0.779460 0.573026 0.023718 0.041269
2 0.517184 0.512812 0.024304 0.034366
2 0.612972 0.513488 0.024232 0.038202
2 0.582578 0.554790 0.025234 0.031305
2 0.634618 0.518538 0.024106 0.038074
2 0.588811 0.502358 0.023137 0.029179
2 0.668338 0.507617 0.024110 0.033752
2 0.922991 0.684577 0.028160 0.042267
2 0.534456 0.517406 0.022249 0.028642
2 0.965730 0.688221 0.029434 0.042400
2 0.555012 0.514501 0.025089 0.033781
2 0.832393 0.521189 0.022542 0.032338
2 0.330565 0.471073 0.023731 0.027948
2 0.611068 0.504273 0.023720 0.028507
2 0.469239 0.497943 0.024507 0.030798
2 0.442827 0.464527 0.021319 0.030244
2 0.804375 0.524766 0.027045 0.037222
2 0.932796 0.604661 0.030744 0.048318
2 0.353012 0.471711 0.026990 0.029613
2 0.710956 0.511196 0.021145 0.034656
2 0.428004 0.464862 0.017345 0.029185
2 0.550534 0.514050 0.029776 0.035884
2 0.501503 0.549348 0.031797 0.032233
2 0.564501 0.470190 0.025059 0.029212
2 0.277281 0.492962 0.026830 0.022369
2 0.246116 0.491300 0.025675 0.022279
2 0.229445 0.491434 0.022935 0.020255
2 0.664735 0.513798 0.027718 0.036066
2 0.535998 0.557633 0.027750 0.033041
2 0.379653 0.469632 0.028892 0.027524
2 0.705189 0.522288 0.025083 0.031978
2 0.599247 0.554532 0.036561 0.030175
2 0.483761 0.560594 0.019873 0.041291
2 0.501297 0.465692 0.026562 0.033721
2 0.901060 0.577596 0.024977 0.042224
2 0.653416 0.525060 0.022340 0.026265
2 0.766818 0.589185 0.026894 0.032937
2 0.421399 0.465749 0.024424 0.027916
2 0.297676 0.492358 0.029027 0.027566
2 0.334739 0.495979 0.029832 0.026299
2 0.890630 0.583992 0.031614 0.039698
2 0.570036 0.499653 0.020386 0.031358
2 0.537231 0.515781 0.026058 0.033250
2 0.402467 0.466643 0.022333 0.029807
2 0.684819 0.519180 0.028976 0.030247
2 0.331067 0.481580 0.029248 0.019742
2 0.413426 0.499917 0.034774 0.024239
2 0.467971 0.469125 0.020754 0.025080
2 0.853606 0.530062 0.024346 0.044150
2 0.833646 0.516334 0.023379 0.033843
2 0.442068 0.463182 0.027716 0.035471
2 0.771640 0.570048 0.027689 0.040013
2 0.455841 0.467968 0.022974 0.025777
2 0.445712 0.501560 0.027612 0.024329
2 0.419520 0.496613 0.025988 0.026490
2 0.788106 0.527529 0.022948 0.039288
2 0.995446 0.693508 0.009108 0.041129
2 0.867890 0.577104 0.031260 0.042156
2 0.609184 0.567729 0.029474 0.051520
2 0.290567 0.491990 0.036822 0.026137
2 0.384345 0.495166 0.023657 0.027575
2 0.593662 0.468761 0.024540 0.029326
2 0.438913 0.496002 0.024091 0.030022
2 0.380972 0.483991 0.031547 0.023824
