2 0.732159 0.623869 0.029060 0.041858
2 0.614634 0.498271 0.020800 0.041424
2 0.419202 0.626359 0.028332 0.042285
2 0.180192 0.625226 0.036115 0.045800
2 0.829031 0.624419 0.034316 0.043604
2 0.667491 0.625513 0.029450 0.043175
2 0.360500 0.454644 0.020025 0.031230
2 0.399176 0.454126 0.019706 0.033073
2 0.635648 0.487960 0.021160 0.032169
2 0.341544 0.453970 0.020283 0.031489
2 0.702630 0.622263 0.029311 0.044846
2 0.370608 0.491025 0.021786 0.031718
2 0.379407 0.455527 0.018561 0.029467
2 0.438538 0.455147 0.019427 0.029987
2 0.797604 0.629866 0.033315 0.045063
2 0.762311 0.622155 0.032563 0.045240
2 0.419287 0.455662 0.019067 0.029357
2 0.475365 0.504254 0.020075 0.032951
2 0.114938 0.507479 0.026092 0.034421
2 0.260321 0.454970 0.022266 0.029459
2 0.575340 0.625099 0.023000 0.042693
2 0.603613 0.622027 0.024407 0.043062
2 0.707849 0.566301 0.024063 0.041688
2 0.792867 0.567684 0.026580 0.043872
2 0.482790 0.624094 0.022307 0.042482
2 0.978699 0.564723 0.039222 0.042776
2 0.887261 0.501540 0.025666 0.039649
2 0.738212 0.565822 0.026638 0.044838
2 0.663028 0.450319 0.020583 0.032662
2 0.763972 0.565563 0.027108 0.043781
2 0.442691 0.544391 0.023184 0.040817
2 0.984098 0.617516 0.031616 0.052499
2 0.301313 0.454106 0.021549 0.031002
2 0.600031 0.455480 0.018484 0.030140
2 0.705354 0.451564 0.019967 0.030580
2 0.682812 0.566211 0.023974 0.041431
2 0.732427 0.496712 0.025336 0.045429
2 0.265640 0.547072 0.027346 0.036158
2 0.823948 0.566283 0.029019 0.044919
2 0.320216 0.455280 0.022466 0.030630
2 0.091927 0.456565 0.032089 0.037225
2 0.195502 0.567710 0.029429 0.043429
2 0.197797 0.491408 0.022516 0.031434
2 0.489182 0.562242 0.024014 0.041452
2 0.578409 0.453972 0.018331 0.029725
2 0.290602 0.547436 0.025004 0.034000
2 0.014673 0.459130 0.027073 0.033289
2 0.053992 0.493975 0.031619 0.035138
2 0.863874 0.627676 0.033471 0.039433
2 0.142828 0.569758 0.032599 0.040598
2 0.166986 0.546055 0.028479 0.037216
2 0.281084 0.455590 0.022255 0.029318
2 0.683305 0.449910 0.020467 0.033867
2 0.458421 0.455658 0.017597 0.028358
2 0.497923 0.453621 0.018899 0.031476
2 0.538385 0.453678 0.017427 0.030700
2 0.807545 0.542313 0.026533 0.039633
2 0.477916 0.454206 0.016993 0.029680
2 0.316421 0.547911 0.029334 0.035809
2 0.451192 0.503675 0.019233 0.036375
2 0.348235 0.488124 0.023428 0.034622
2 0.382756 0.567451 0.023987 0.039301
2 0.851420 0.565288 0.027901 0.042896
2 0.621805 0.451975 0.019110 0.032316
2 0.174840 0.490560 0.026948 0.033766
2 0.461462 0.566979 0.026607 0.046549
2 0.543005 0.566982 0.022971 0.040674
2 0.435842 0.488723 0.022229 0.029523
2 0.035961 0.460318 0.023852 0.030165
2 0.638967 0.623155 0.021181 0.040078
2 0.239954 0.456445 0.020209 0.028206
2 0.293151 0.509506 0.025836 0.029379
2 0.543122 0.626570 0.023365 0.039218
2 0.304880 0.487964 0.022857 0.027784
2 0.591085 0.497418 0.019607 0.042683
2 0.135506 0.511641 0.026123 0.029727
2 0.943532 0.565031 0.034140 0.043615
2 0.518815 0.453824 0.017456 0.031669
2 0.922047 0.537294 0.033053 0.041752
2 0.408719 0.502749 0.022966 0.040017
2 0.641651 0.451942 0.018259 0.032240
2 0.191139 0.545402 0.026668 0.031857
2 0.811166 0.499008 0.030889 0.046645
2 0.659016 0.486847 0.021992 0.032774
2 0.557937 0.452859 0.016163 0.031220
2 0.515716 0.563687 0.023579 0.044220
2 0.728827 0.452669 0.021124 0.028454
2 0.387992 0.628612 0.025561 0.039378
2 0.570120 0.543945 0.020598 0.035901
2 0.408036 0.562062 0.023927 0.041082
2 0.702309 0.538849 0.023852 0.033137
2 0.982465 0.540429 0.034747 0.042014
2 0.783940 0.499599 0.027928 0.039813
2 0.069049 0.457825 0.025387 0.033734
2 0.691334 0.506674 0.022471 0.034706
2 0.313925 0.507567 0.023513 0.032800
2 0.760473 0.502234 0.026129 0.034741
2 0.160618 0.510612 0.027317 0.033054
2 0.090223 0.525603 0.034596 0.044101
2 0.337718 0.510125 0.023132 0.034688
2 0.384906 0.492310 0.020834 0.033986
2 0.665985 0.507749 0.022198 0.034922
2 0.248586 0.507635 0.023170 0.034878
2 0.932488 0.451049 0.026285 0.031370
2 0.683900 0.487240 0.022599 0.026655
2 0.283605 0.489744 0.022334 0.029440
2 0.225062 0.564492 0.029659 0.047026
2 0.497816 0.501300 0.020453 0.039182
2 0.923398 0.484126 0.027242 0.032123
2 0.545605 0.498007 0.021129 0.042798
2 0.384923 0.506602 0.020695 0.034999
2 0.344644 0.488875 0.026980 0.030906
2 0.429473 0.507088 0.019940 0.029739
2 0.511513 0.628679 0.022950 0.038735
2 0.623603 0.557623 0.024914 0.050496
2 0.687932 0.501940 0.023497 0.044731
2 0.151793 0.490659 0.023805 0.028731
2 0.369018 0.546311 0.026196 0.040779
2 0.652376 0.564861 0.024266 0.037873
2 0.647326 0.538558 0.023524 0.036729
2 0.521943 0.498585 0.019598 0.040262
2 0.909511 0.451040 0.028021 0.031519
2 0.300099 0.487630 0.027504 0.031435
2 0.709965 0.503889 0.023306 0.037275
2 0.217730 0.491117 0.027510 0.029053
2 0.499554 0.495391 0.021163 0.037135
2 0.675710 0.542450 0.024052 0.037454
2 0.544212 0.554671 0.024133 0.036806
2 0.908425 0.499215 0.027516 0.035891
2 0.227247 0.505048 0.028119 0.037585
2 0.661114 0.496191 0.023430 0.047995
2 0.216512 0.541994 0.027109 0.031640
2 0.470112 0.543834 0.024684 0.040104
2 0.898170 0.478968 0.023297 0.030903
2 0.410684 0.491920 0.022605 0.030758
2 0.388580 0.549480 0.025861 0.037270
2 0.707855 0.498918 0.024046 0.040509
2 0.354404 0.565617 0.021373 0.035524
2 0.622521 0.542863 0.024657 0.036628
2 0.054685 0.461458 0.018928 0.027121
2 0.987163 0.497235 0.025556 0.040260
2 0.889716 0.482609 0.036070 0.032777
2 0.955491 0.450409 0.029178 0.033843
2 0.786102 0.556100 0.025548 0.028618
2 0.806897 0.548625 0.027047 0.030533
2 0.695271 0.450248 0.014039 0.033476
2 0.568701 0.503284 0.018598 0.036994
2 0.954741 0.541999 0.035253 0.035300
2 0.758099 0.537210 0.028044 0.038349
2 0.966034 0.484516 0.034062 0.031570
2 0.411019 0.498454 0.022661 0.038511
2 0.729663 0.540518 0.027501 0.039924
2 0.193802 0.548360 0.029182 0.030508
2 0.218789 0.545595 0.028538 0.031012
2 0.954585 0.504005 0.040978 0.037845
2 0.073266 0.562977 0.028122 0.051895
2 0.312254 0.497200 0.026284 0.045088
2 0.027916 0.495921 0.027048 0.033097
2 0.782671 0.540820 0.024308 0.040070
2 0.544053 0.544390 0.021153 0.037955
2 0.466615 0.552906 0.026849 0.043460
2 0.243349 0.491434 0.028595 0.029347
2 0.228340 0.499329 0.031101 0.039614
2 0.727645 0.495363 0.024271 0.045664
2 0.837434 0.537326 0.030059 0.040056
2 0.269489 0.509046 0.021575 0.029263
2 0.490910 0.539258 0.021753 0.034526
2 0.990653 0.452147 0.018694 0.031609
2 0.705795 0.485095 0.022936 0.026923
2 0.788987 0.541549 0.024275 0.037978
2 0.596093 0.553186 0.025528 0.044492
2 0.704996 0.560737 0.025356 0.042634
2 0.911379 0.501891 0.025204 0.034462
2 0.756232 0.495283 0.028159 0.039677
2 0.140479 0.561887 0.032527 0.039382
2 0.973305 0.447749 0.025900 0.035601
2 0.519116 0.539760 0.021730 0.034626
2 0.948707 0.505598 0.032524 0.037178
2 0.981116 0.559007 0.037413 0.046821
2 0.329325 0.487731 0.021086 0.033874
2 0.225617 0.557051 0.030153 0.040096
2 0.886307 0.450000 0.025156 0.034372
2 0.465640 0.454793 0.018749 0.030381
2 0.680389 0.560275 0.024009 0.040889
2 0.874793 0.481682 0.024212 0.034142
2 0.377557 0.545420 0.032441 0.039364
2 0.384391 0.562142 0.025138 0.039496
2 0.092828 0.537850 0.037956 0.051503
2 0.596044 0.565311 0.022000 0.041145
2 0.950850 0.446304 0.025090 0.029424
2 0.165068 0.489152 0.038485 0.031507
2 0.237316 0.506278 0.027026 0.035013
2 0.024710 0.501684 0.029452 0.026565
2 0.691368 0.566795 0.012973 0.042186
2 0.391246 0.543931 0.023003 0.034132
2 0.949648 0.491607 0.031610 0.045697
2 0.917518 0.504696 0.030867 0.035875
2 0.973368 0.539518 0.028062 0.035335
2 0.010879 0.488804 0.021759 0.027143
2 0.935876 0.484619 0.029665 0.033007
2 0.132372 0.489567 0.025219 0.028484
2 0.596495 0.539878 0.023058 0.033945
2 0.385361 0.500409 0.020750 0.042186
2 0.568574 0.499343 0.023262 0.043802
2 0.967126 0.495735 0.033382 0.044461
2 0.446644 0.543193 0.026703 0.040919
2 0.838156 0.547757 0.032961 0.034249
2 0.963202 0.502034 0.033922 0.037980
2 0.202894 0.455069 0.024819 0.032419
2 0.973025 0.479543 0.028790 0.029492
2 0.743103 0.539067 0.019155 0.039179
2 0.687659 0.449149 0.023323 0.034821
2 0.669273 0.512345 0.025079 0.037896
2 0.518260 0.498537 0.019884 0.040985
2 0.942769 0.449973 0.025548 0.032826
2 0.632570 0.450983 0.010399 0.032695
2 0.948445 0.481994 0.023975 0.033306
2 0.672804 0.626635 0.026780 0.048163
2 0.182976 0.489964 0.021072 0.031282
2 0.483163 0.544589 0.021564 0.041634
2 0.574159 0.543452 0.026256 0.038642
2 0.296624 0.628402 0.027705 0.037176
