2 0.105537 0.527062 0.033305 0.044301
2 0.744764 0.555515 0.027928 0.048239
2 0.884206 0.624721 0.038461 0.049193
2 0.284744 0.529956 0.035143 0.040869
2 0.120723 0.621761 0.042978 0.053958
2 0.477431 0.421278 0.021510 0.034409
2 0.697017 0.625531 0.035590 0.047658
2 0.779873 0.555444 0.030367 0.052498
2 0.806404 0.620459 0.038328 0.050295
2 0.714806 0.461854 0.025927 0.035459
2 0.501225 0.421994 0.021517 0.036280
2 0.810465 0.555319 0.029792 0.050383
2 0.923356 0.630269 0.037560 0.042592
2 0.525578 0.421607 0.021233 0.037635
2 0.405988 0.624794 0.034362 0.050113
2 0.661518 0.463196 0.024308 0.034692
2 0.519383 0.554506 0.027468 0.053150
2 0.717652 0.417947 0.023410 0.040788
2 0.771810 0.623488 0.032722 0.047165
2 0.621619 0.621607 0.027105 0.047680
2 0.068652 0.484627 0.030739 0.038167
2 0.223793 0.529124 0.032827 0.040711
2 0.253196 0.528926 0.028632 0.039180
2 0.688425 0.458738 0.023704 0.033197
2 0.848039 0.630357 0.037858 0.048799
2 0.861203 0.529104 0.030705 0.041454
2 0.843865 0.558937 0.031786 0.049356
2 0.743093 0.419948 0.021938 0.035664
2 0.313799 0.419826 0.023885 0.036483
2 0.866995 0.478232 0.033916 0.052650
2 0.737888 0.622105 0.033244 0.049138
2 0.555817 0.474819 0.024880 0.049846
2 0.242805 0.420798 0.027472 0.035043
2 0.020852 0.526063 0.040442 0.042962
2 0.349913 0.462412 0.026254 0.038494
2 0.880494 0.556532 0.034648 0.051502
2 0.288853 0.421154 0.027730 0.036191
2 0.548830 0.421913 0.020512 0.035690
2 0.142431 0.463161 0.027554 0.035540
2 0.266810 0.419201 0.022698 0.034013
2 0.434432 0.527128 0.025263 0.047025
2 0.488089 0.551817 0.024791 0.049898
2 0.680853 0.555119 0.026362 0.044199
2 0.407259 0.423141 0.023817 0.034172
2 0.981989 0.419749 0.033315 0.040380
2 0.737965 0.525646 0.027224 0.044224
2 0.912038 0.555216 0.032085 0.050404
2 0.693467 0.419006 0.022393 0.038555
2 0.337422 0.419932 0.023383 0.036045
2 0.480595 0.622481 0.026482 0.047256
2 0.456273 0.554943 0.030332 0.051260
2 0.016921 0.418938 0.033747 0.041679
2 0.076474 0.556017 0.038599 0.046197
2 0.322984 0.459715 0.025209 0.040069
2 0.967713 0.455460 0.026916 0.029001
2 0.551838 0.555037 0.027429 0.046439
2 0.584111 0.528241 0.023806 0.040760
2 0.346762 0.527185 0.029752 0.040120
2 0.370640 0.625069 0.032904 0.048051
2 0.310287 0.485750 0.028538 0.039387
2 0.372517 0.526720 0.024734 0.041785
2 0.646247 0.420544 0.021849 0.037337
2 0.256627 0.483490 0.027981 0.035480
2 0.362613 0.556313 0.029471 0.047758
2 0.895960 0.525504 0.035357 0.043004
2 0.454282 0.423425 0.021196 0.029615
2 0.589226 0.623775 0.027752 0.046102
2 0.715996 0.555285 0.027159 0.046989
2 0.620536 0.423465 0.022048 0.035399
2 0.194084 0.420801 0.026173 0.032367
2 0.571898 0.420195 0.019433 0.035831
2 0.807958 0.480981 0.025936 0.041102
2 0.384142 0.419682 0.024617 0.038959
2 0.360633 0.420361 0.023056 0.035199
2 0.595545 0.421590 0.021701 0.035278
2 0.419028 0.482118 0.022971 0.037928
2 0.431168 0.422519 0.022872 0.033431
2 0.217732 0.419739 0.024478 0.031743
2 0.176880 0.480735 0.031470 0.043962
2 0.769172 0.525456 0.029354 0.044991
2 0.834425 0.479853 0.029392 0.039967
2 0.166301 0.523323 0.033228 0.038944
2 0.583123 0.480770 0.023707 0.043653
2 0.669288 0.420791 0.019947 0.036309
2 0.941688 0.457795 0.028960 0.035606
2 0.139749 0.552363 0.037605 0.052189
2 0.393736 0.479835 0.024000 0.042872
2 0.644229 0.524049 0.029458 0.036797
2 0.283292 0.483132 0.025517 0.038158
2 0.636778 0.476352 0.024312 0.047282
2 0.514988 0.627099 0.026094 0.044335
2 0.271430 0.456579 0.025415 0.032422
2 0.776768 0.479690 0.026356 0.039964
2 0.831850 0.527041 0.027951 0.043222
2 0.041547 0.481102 0.032117 0.041754
2 0.500987 0.479668 0.023863 0.041159
2 0.464581 0.526459 0.025690 0.042977
2 0.695957 0.484350 0.024386 0.037864
2 0.801141 0.524173 0.031054 0.044368
2 0.203259 0.482537 0.028053 0.039382
2 0.609922 0.481088 0.024950 0.038924
2 0.663496 0.624466 0.026201 0.047854
2 0.742987 0.459012 0.026815 0.029994
2 0.445215 0.479882 0.022746 0.042403
2 0.297437 0.459614 0.025721 0.037699
2 0.493257 0.523849 0.026105 0.043829
2 0.528079 0.480488 0.022542 0.038208
2 0.330109 0.553606 0.028875 0.042137
2 0.706671 0.528419 0.027692 0.043162
2 0.554713 0.525378 0.025940 0.036666
2 0.247086 0.459753 0.027963 0.036734
2 0.090271 0.457671 0.030701 0.032279
2 0.116089 0.460223 0.029464 0.039716
2 0.136306 0.524718 0.032098 0.033752
2 0.953423 0.420124 0.027691 0.037262
2 0.614664 0.523513 0.024683 0.036186
2 0.954947 0.481434 0.030131 0.041968
2 0.366377 0.481105 0.024843 0.039260
2 0.174035 0.552187 0.035513 0.052690
2 0.473587 0.481087 0.022845 0.039363
2 0.648143 0.549840 0.027771 0.049063
2 0.987965 0.523930 0.024069 0.048339
2 0.228481 0.482374 0.026107 0.034570
2 0.973147 0.503294 0.049004 0.036156
2 0.169125 0.458738 0.029344 0.032157
2 0.097065 0.481352 0.032577 0.043982
2 0.746228 0.483119 0.027969 0.040982
2 0.525085 0.525146 0.023198 0.044201
2 0.674589 0.523096 0.026713 0.040737
2 0.195437 0.457289 0.030156 0.029379
2 0.552032 0.623664 0.027856 0.047771
2 0.770992 0.458381 0.027964 0.030826
2 0.989676 0.461475 0.020649 0.037208
2 0.795819 0.457928 0.030772 0.030653
2 0.062710 0.459703 0.027618 0.033677
2 0.615821 0.553071 0.028213 0.047579
2 0.887431 0.526641 0.046420 0.043788
2 0.460799 0.537771 0.028550 0.033050
2 0.426906 0.459626 0.022588 0.033894
2 0.052407 0.481905 0.017839 0.039750
2 0.529676 0.456071 0.020024 0.027306
2 0.979485 0.477377 0.028309 0.031281
2 0.610169 0.463467 0.022469 0.035811
2 0.166406 0.458638 0.029707 0.041254
2 0.985672 0.476246 0.027016 0.034054
2 0.770140 0.421570 0.024768 0.031414
2 0.504259 0.459043 0.020921 0.029865
2 0.636948 0.466834 0.024503 0.043730
2 0.401806 0.461044 0.024490 0.035355
2 0.148761 0.418951 0.028301 0.036389
2 0.209447 0.460819 0.022404 0.035439
2 0.474497 0.453960 0.019597 0.031149
2 0.847052 0.443892 0.031269 0.045372
2 0.826363 0.464014 0.025758 0.031262
2 0.854800 0.464517 0.021107 0.031531
2 0.850835 0.444173 0.029037 0.037224
2 0.778814 0.556852 0.025965 0.042706
2 0.803982 0.473695 0.030690 0.034896
2 0.803988 0.452164 0.040087 0.042089
2 0.397491 0.469298 0.028914 0.047039
2 0.190977 0.459729 0.030988 0.038220
2 0.719922 0.555366 0.024251 0.040929
2 0.259818 0.627554 0.030608 0.038989
2 0.794597 0.530498 0.023506 0.039913
