2 0.544494 0.628914 0.041895 0.052615
2 0.603688 0.623566 0.038195 0.046770
2 0.259184 0.621424 0.029938 0.049664
2 0.482164 0.555505 0.030228 0.042229
2 0.657552 0.614489 0.036857 0.044838
2 0.042146 0.655191 0.033760 0.054310
2 0.256167 0.688522 0.036442 0.054483
2 0.323876 0.675183 0.035979 0.051080
2 0.294734 0.614780 0.031613 0.051100
2 0.581706 0.572594 0.037737 0.045337
2 0.229753 0.625022 0.028869 0.048031
2 0.355702 0.609749 0.030728 0.048439
2 0.370874 0.528338 0.035867 0.049262
2 0.223672 0.530519 0.027273 0.036114
2 0.197995 0.486721 0.026683 0.039072
2 0.416439 0.596564 0.029430 0.044584
2 0.250752 0.484037 0.025548 0.033977
2 0.363586 0.680131 0.037190 0.050359
2 0.166083 0.536206 0.027137 0.038065
2 0.430364 0.662672 0.033184 0.040496
2 0.045695 0.731058 0.032703 0.055871
2 0.530663 0.578733 0.032514 0.041918
2 0.092399 0.723864 0.034014 0.052586
2 0.129657 0.711239 0.031891 0.055286
2 0.369981 0.576774 0.028155 0.042636
2 0.395472 0.664334 0.035400 0.047840
2 0.224309 0.483004 0.025957 0.041611
2 0.042198 0.562546 0.030508 0.057578
2 0.080879 0.619209 0.029346 0.044270
2 0.680866 0.496517 0.030904 0.035571
2 0.250979 0.590429 0.028051 0.044713
2 0.516864 0.514334 0.027359 0.037546
2 0.032352 0.503083 0.024308 0.038820
2 0.284183 0.585772 0.028680 0.039746
2 0.139228 0.553524 0.026481 0.053044
2 0.314067 0.582532 0.033272 0.040073
2 0.388207 0.602052 0.030885 0.049366
2 0.501035 0.582103 0.029730 0.043483
2 0.342307 0.578025 0.026968 0.043455
2 0.287081 0.540271 0.026866 0.039623
2 0.533452 0.551864 0.030924 0.036133
2 0.195241 0.533699 0.026104 0.039595
2 0.279161 0.484453 0.024699 0.030764
2 0.289470 0.684489 0.033438 0.048618
2 0.212419 0.700815 0.037544 0.046297
2 0.147253 0.492971 0.025770 0.041740
2 0.173039 0.489780 0.023791 0.040785
2 0.059567 0.500238 0.024129 0.037707
2 0.042582 0.620628 0.029002 0.040337
2 0.324416 0.612047 0.029300 0.050941
2 0.626881 0.564477 0.030632 0.038371
2 0.076744 0.566915 0.026767 0.045292
2 0.207468 0.557069 0.027257 0.040067
2 0.447188 0.549413 0.037264 0.037376
2 0.318320 0.537952 0.026288 0.040151
2 0.341406 0.531556 0.029892 0.044654
2 0.494109 0.516409 0.023802 0.037395
2 0.511316 0.553120 0.028037 0.036136
2 0.623154 0.502994 0.028031 0.035931
2 0.087884 0.499661 0.024756 0.037158
2 0.157297 0.632497 0.029247 0.050921
2 0.564023 0.514034 0.033261 0.033036
2 0.487371 0.466505 0.023853 0.030634
2 0.557788 0.578587 0.028052 0.037355
2 0.183597 0.599456 0.027656 0.044970
2 0.175948 0.700247 0.025195 0.035343
2 0.149959 0.608982 0.029576 0.047269
2 0.522365 0.461222 0.024384 0.033121
2 0.612398 0.458525 0.029943 0.034186
2 0.538514 0.513527 0.026708 0.033549
2 0.649011 0.561843 0.030204 0.039960
2 0.579053 0.462329 0.028389 0.029649
2 0.559685 0.549230 0.032092 0.034799
2 0.465432 0.465837 0.025588 0.034378
2 0.671386 0.558942 0.034375 0.039370
2 0.604116 0.567004 0.034003 0.043714
2 0.202797 0.549021 0.021773 0.029956
2 0.584388 0.509166 0.027994 0.034121
2 0.558695 0.462835 0.023070 0.031215
2 0.256859 0.547326 0.030617 0.039111
2 0.108026 0.559435 0.028833 0.053461
2 0.401151 0.568505 0.030436 0.040537
2 0.116058 0.609171 0.028445 0.044076
2 0.285746 0.533708 0.027373 0.050571
2 0.252211 0.520347 0.026829 0.033654
2 0.216959 0.598230 0.032258 0.045768
2 0.006773 0.506080 0.013546 0.043221
2 0.117787 0.500494 0.024698 0.036795
2 0.606915 0.507302 0.024683 0.032060
2 0.011573 0.622964 0.023146 0.043246
2 0.283420 0.522435 0.028746 0.031678
2 0.192608 0.630427 0.028770 0.045180
2 0.572771 0.625009 0.034277 0.049916
2 0.591387 0.460333 0.026176 0.030422
2 0.308343 0.523105 0.032664 0.033780
2 0.008323 0.654797 0.016564 0.055369
2 0.713211 0.552594 0.032932 0.037734
2 0.118128 0.640128 0.030505 0.056479
2 0.541147 0.463695 0.023443 0.030202
2 0.010616 0.574728 0.021232 0.044974
2 0.006564 0.747275 0.012866 0.044741
2 0.523521 0.492229 0.024947 0.028387
2 0.605930 0.555625 0.035008 0.036693
2 0.605538 0.540892 0.034418 0.033809
2 0.660186 0.498886 0.032182 0.036493
2 0.455678 0.497042 0.023276 0.028787
2 0.640320 0.561211 0.037588 0.038375
2 0.583108 0.548692 0.034106 0.036670
2 0.478033 0.497651 0.021174 0.030286
2 0.504980 0.464706 0.022372 0.031656
2 0.010897 0.559230 0.021794 0.057637
2 0.628672 0.536923 0.031052 0.030025
2 0.671217 0.538098 0.031851 0.038921
2 0.600066 0.484820 0.025418 0.031523
2 0.083103 0.564116 0.031001 0.047684
2 0.499880 0.496581 0.022291 0.029563
2 0.469770 0.519194 0.027283 0.032535
2 0.456771 0.501672 0.025042 0.035392
2 0.447670 0.520334 0.025849 0.035793
2 0.610237 0.538032 0.032585 0.031703
2 0.596220 0.488242 0.031220 0.027815
2 0.107908 0.540562 0.029382 0.033515
2 0.632566 0.621402 0.030543 0.036833
2 0.561276 0.490047 0.028668 0.026193
2 0.446692 0.509938 0.027416 0.044857
2 0.643389 0.538248 0.025708 0.031273
2 0.643780 0.502113 0.021704 0.033288
2 0.449641 0.468491 0.030012 0.035594
2 0.584983 0.463223 0.037041 0.038005
2 0.570874 0.552712 0.033747 0.039906
2 0.152207 0.615838 0.033381 0.047494
2 0.680432 0.536695 0.031048 0.038345
2 0.132834 0.487876 0.018566 0.031263
2 0.393775 0.595086 0.024286 0.040390
2 0.658753 0.536969 0.025708 0.033244
2 0.583731 0.501140 0.026366 0.040925
2 0.587390 0.485961 0.035912 0.023942
2 0.694301 0.533048 0.026761 0.035003
2 0.508233 0.466048 0.022618 0.031475
2 0.641981 0.503332 0.030344 0.035019
2 0.178808 0.703106 0.024771 0.045269
2 0.690535 0.534806 0.026313 0.036002
2 0.540643 0.486441 0.029092 0.025007
2 0.613639 0.485304 0.037846 0.029833
2 0.595252 0.625893 0.031203 0.042680
2 0.547499 0.490705 0.025023 0.027316
2 0.333300 0.606593 0.022143 0.046909
2 0.621573 0.478342 0.029244 0.033521
2 0.580028 0.541812 0.030599 0.036034
2 0.010939 0.548751 0.021878 0.038713
2 0.520031 0.468153 0.029141 0.035790
2 0.516751 0.488880 0.035892 0.030839
2 0.486615 0.472971 0.029714 0.038775
2 0.674965 0.559051 0.033101 0.033572
2 0.641417 0.489613 0.026905 0.030712
2 0.533506 0.466752 0.035033 0.039167
2 0.455636 0.481907 0.027099 0.033507
2 0.445105 0.498980 0.036999 0.033924
2 0.435029 0.503494 0.025518 0.036142
2 0.706197 0.530775 0.041928 0.033701
2 0.716312 0.530723 0.033678 0.033241
2 0.347452 0.504615 0.025225 0.034020
2 0.227404 0.528520 0.029533 0.038146
2 0.678256 0.548786 0.036690 0.025828
