2 0.032494 0.606466 0.036308 0.050099
2 0.467987 0.562796 0.030202 0.041476
2 0.593805 0.547292 0.036263 0.045252
2 0.201366 0.405602 0.018847 0.032214
2 0.381850 0.570420 0.026808 0.039098
2 0.645585 0.545689 0.031787 0.040631
2 0.028796 0.409365 0.025972 0.035158
2 0.313650 0.403108 0.021441 0.033960
2 0.060903 0.510163 0.028128 0.045311
2 0.263753 0.453869 0.021613 0.040682
2 0.358720 0.517605 0.023236 0.040037
2 0.054594 0.408356 0.025936 0.034744
2 0.334048 0.518339 0.023281 0.041107
2 0.437131 0.514297 0.023428 0.039897
2 0.286052 0.442311 0.021726 0.032076
2 0.179040 0.407279 0.020190 0.032070
2 0.463040 0.510646 0.024437 0.037642
2 0.440066 0.571998 0.029892 0.042747
2 0.353402 0.571569 0.028544 0.043413
2 0.318536 0.579647 0.028655 0.041456
2 0.015749 0.536361 0.030643 0.048888
2 0.387565 0.514898 0.024527 0.042270
2 0.223964 0.405914 0.021322 0.033294
2 0.085639 0.534548 0.030038 0.049646
2 0.119615 0.529712 0.028554 0.046738
2 0.014156 0.465887 0.026011 0.046540
2 0.238103 0.459160 0.022098 0.037310
2 0.317542 0.461173 0.022640 0.034472
2 0.248061 0.407266 0.020865 0.032517
2 0.356082 0.404455 0.019193 0.030813
2 0.043044 0.468005 0.024891 0.039039
2 0.215381 0.503047 0.023541 0.037665
2 0.487027 0.509222 0.024124 0.037540
2 0.334381 0.402213 0.021487 0.035624
2 0.497494 0.562471 0.026772 0.039071
2 0.341345 0.458022 0.020537 0.037950
2 0.628773 0.500608 0.032084 0.040495
2 0.559041 0.503329 0.027872 0.037458
2 0.712121 0.538108 0.026191 0.037545
2 0.213070 0.459247 0.021253 0.040428
2 0.221647 0.588229 0.026358 0.043927
2 0.185716 0.456221 0.025305 0.044809
2 0.130258 0.406746 0.022204 0.035619
2 0.411798 0.514941 0.024706 0.040822
2 0.409533 0.565422 0.028240 0.040007
2 0.155282 0.406423 0.020839 0.036458
2 0.304438 0.519245 0.023372 0.035131
2 0.292245 0.404262 0.019586 0.034169
2 0.449672 0.488127 0.023723 0.030868
2 0.617894 0.442905 0.033270 0.042342
2 0.105757 0.406173 0.020455 0.035408
2 0.114961 0.596760 0.027503 0.045402
2 0.271131 0.404382 0.020498 0.035568
2 0.382358 0.448588 0.023929 0.043904
2 0.252325 0.581959 0.026307 0.044262
2 0.131173 0.461450 0.025345 0.042198
2 0.102605 0.463968 0.023855 0.039008
2 0.185449 0.590338 0.026154 0.045662
2 0.080299 0.408800 0.021841 0.029359
2 0.377842 0.405686 0.019801 0.027751
2 0.072202 0.463274 0.024250 0.042620
2 0.310516 0.438828 0.021136 0.030606
2 0.619532 0.543161 0.028280 0.041209
2 0.407270 0.451881 0.023214 0.034326
2 0.359928 0.456903 0.023168 0.035314
2 0.584454 0.501396 0.030502 0.035024
2 0.159252 0.460104 0.023198 0.039180
2 0.007747 0.406818 0.015493 0.039173
2 0.152228 0.530315 0.025841 0.047718
2 0.353289 0.488192 0.023507 0.028297
2 0.184246 0.529580 0.026217 0.043208
2 0.095203 0.508537 0.028468 0.041817
2 0.542254 0.440142 0.025247 0.042305
2 0.692741 0.540005 0.028940 0.037338
2 0.289650 0.580473 0.021353 0.040248
2 0.404274 0.486080 0.026843 0.034357
2 0.273745 0.513093 0.027490 0.049504
2 0.515605 0.449052 0.023304 0.037039
2 0.427732 0.487308 0.023536 0.036261
2 0.586115 0.484377 0.028696 0.032305
2 0.688398 0.493679 0.026129 0.035742
2 0.706274 0.493027 0.027128 0.033403
2 0.245469 0.524586 0.025374 0.044371
2 0.380715 0.488059 0.024795 0.031480
2 0.649064 0.496612 0.030326 0.038302
2 0.426918 0.449043 0.025354 0.038774
2 0.543355 0.481706 0.029684 0.036863
2 0.671035 0.544667 0.026842 0.037290
2 0.572069 0.449084 0.028251 0.039643
2 0.237928 0.444512 0.021925 0.035731
2 0.122031 0.503225 0.026631 0.037744
2 0.298383 0.492284 0.023320 0.038239
2 0.475948 0.486867 0.024494 0.033999
2 0.533761 0.402986 0.022805 0.031485
2 0.719780 0.441081 0.025679 0.032939
2 0.454778 0.449731 0.022400 0.042263
2 0.632639 0.496428 0.034754 0.038089
2 0.608096 0.406534 0.027687 0.026255
2 0.549735 0.404322 0.021489 0.028464
2 0.149124 0.598449 0.026571 0.042092
2 0.661760 0.405950 0.026710 0.030898
2 0.564334 0.485489 0.029435 0.030186
2 0.702699 0.443750 0.026560 0.029855
2 0.668302 0.444393 0.026400 0.032903
2 0.663751 0.445776 0.036606 0.031817
2 0.593826 0.442775 0.022983 0.038515
2 0.331570 0.440260 0.021251 0.031205
2 0.631120 0.443114 0.027679 0.041261
2 0.327543 0.495227 0.024231 0.037596
2 0.338021 0.451768 0.024422 0.047321
2 0.439188 0.565123 0.028651 0.039426
2 0.560884 0.494827 0.025409 0.036883
2 0.315229 0.458098 0.024271 0.033898
2 0.609685 0.482910 0.023445 0.030114
2 0.357933 0.439300 0.023617 0.032580
2 0.630943 0.406328 0.022035 0.026699
2 0.642848 0.406065 0.022552 0.027827
2 0.432307 0.487592 0.025694 0.031518
2 0.006506 0.609589 0.012872 0.047446
2 0.184659 0.501263 0.024148 0.034640
2 0.599179 0.406315 0.020335 0.027007
2 0.092270 0.513373 0.029778 0.043661
2 0.052120 0.447383 0.024113 0.034921
2 0.449664 0.447006 0.030580 0.041746
2 0.582398 0.403583 0.024299 0.033284
2 0.669396 0.496992 0.027505 0.036997
2 0.397964 0.438027 0.021718 0.026188
2 0.567231 0.405089 0.019048 0.029200
2 0.157127 0.504668 0.025698 0.041390
2 0.723458 0.494138 0.024509 0.035726
2 0.611710 0.408663 0.027312 0.028835
2 0.728813 0.494087 0.028516 0.035486
2 0.271867 0.499224 0.026425 0.036633
2 0.662928 0.494118 0.036205 0.035869
2 0.669764 0.424210 0.022943 0.023333
2 0.155147 0.520122 0.027716 0.037050
2 0.132667 0.447267 0.026306 0.035947
2 0.643985 0.444943 0.025053 0.035814
2 0.025834 0.447487 0.023406 0.035785
2 0.684926 0.445607 0.022177 0.028810
2 0.026647 0.451880 0.020218 0.032746
2 0.637521 0.409104 0.033596 0.031759
2 0.048563 0.453448 0.026890 0.032227
2 0.650026 0.427572 0.021573 0.023255
2 0.244075 0.499307 0.022535 0.036481
2 0.159989 0.440319 0.022851 0.030940
2 0.038337 0.454254 0.027844 0.034422
2 0.452402 0.485165 0.028489 0.030944
2 0.383156 0.564488 0.025468 0.039252
2 0.564422 0.445044 0.025681 0.044517
2 0.378578 0.490803 0.024046 0.039248
2 0.515282 0.403588 0.024200 0.028058
2 0.371499 0.447787 0.020766 0.045498
2 0.745625 0.535011 0.021618 0.035808
2 0.060548 0.458877 0.017227 0.039542
2 0.663373 0.411111 0.032029 0.039347
2 0.583860 0.408745 0.027943 0.030857
2 0.726537 0.472993 0.025367 0.030301
2 0.681650 0.497021 0.039323 0.036958
2 0.707999 0.442349 0.030574 0.031854
2 0.521160 0.430021 0.023340 0.027010
2 0.567914 0.407149 0.027603 0.031773
2 0.301766 0.505370 0.024336 0.042055
2 0.586409 0.479867 0.024845 0.032112
2 0.609214 0.435677 0.028079 0.033387
2 0.536732 0.406096 0.029863 0.034359
2 0.746362 0.492245 0.026867 0.034948
2 0.653914 0.448849 0.021309 0.027123
2 0.611668 0.478195 0.024909 0.031030
2 0.705156 0.476622 0.025917 0.026416
2 0.607844 0.495087 0.026084 0.046038
2 0.607067 0.502412 0.022060 0.036775
2 0.653124 0.473650 0.029945 0.025749
