2 0.956924 0.645550 0.038691 0.050280
2 0.565212 0.524437 0.021350 0.039713
2 0.958368 0.583483 0.032560 0.047966
2 0.836899 0.460925 0.023613 0.035998
2 0.340844 0.571221 0.025677 0.036104
2 0.887052 0.645560 0.033452 0.049330
2 0.926680 0.583732 0.031289 0.049410
2 0.891228 0.584723 0.027581 0.043824
2 0.477567 0.570669 0.027130 0.034258
2 0.813156 0.463310 0.020356 0.034858
2 0.430432 0.570891 0.024554 0.035612
2 0.862714 0.584896 0.027885 0.042967
2 0.707252 0.589432 0.024775 0.043202
2 0.677974 0.588098 0.025154 0.047591
2 0.354292 0.647147 0.034266 0.043523
2 0.790961 0.464716 0.021592 0.034396
2 0.920741 0.647488 0.034403 0.045249
2 0.587951 0.528089 0.020820 0.033295
2 0.535995 0.478164 0.019067 0.029346
2 0.498515 0.479275 0.019993 0.030621
2 0.453589 0.570422 0.024218 0.034508
2 0.807339 0.502526 0.024051 0.033064
2 0.919263 0.510686 0.029760 0.045355
2 0.868784 0.519112 0.022571 0.042158
2 0.319596 0.594269 0.028657 0.040750
2 0.575357 0.476626 0.021163 0.031169
2 0.981146 0.511801 0.028962 0.038464
2 0.990097 0.655903 0.019807 0.047684
2 0.859769 0.458676 0.024553 0.039548
2 0.784231 0.515476 0.022849 0.043228
2 0.579701 0.649531 0.028287 0.043185
2 0.542835 0.526812 0.018297 0.035801
2 0.517737 0.478299 0.018611 0.028248
2 0.988886 0.583645 0.022228 0.046273
2 0.915655 0.555511 0.030715 0.036801
2 0.845897 0.649850 0.034715 0.044978
2 0.774237 0.645480 0.025626 0.046915
2 0.700711 0.470837 0.018816 0.030791
2 0.555847 0.476865 0.019351 0.033488
2 0.608909 0.524497 0.019344 0.039605
2 0.767313 0.469606 0.021360 0.032569
2 0.884463 0.555941 0.026217 0.034268
2 0.758730 0.517607 0.024743 0.041009
2 0.644434 0.648395 0.023602 0.041260
2 0.734421 0.520097 0.022718 0.038005
2 0.952360 0.513319 0.027109 0.037203
2 0.595116 0.475273 0.020073 0.030247
2 0.890399 0.517208 0.026543 0.041327
2 0.293633 0.537778 0.024284 0.032995
2 0.099360 0.507477 0.021478 0.031111
2 0.841991 0.521246 0.024636 0.036990
2 0.527883 0.514440 0.021336 0.029457
2 0.081095 0.511835 0.023329 0.029562
2 0.546091 0.571950 0.024261 0.041149
2 0.478685 0.480987 0.020203 0.030255
2 0.539800 0.590183 0.023207 0.036226
2 0.455415 0.532447 0.022823 0.030835
2 0.268470 0.548613 0.027948 0.036446
2 0.683636 0.521640 0.021416 0.035226
2 0.566405 0.585907 0.024355 0.040906
2 0.912156 0.460364 0.023105 0.029014
2 0.620832 0.591018 0.026415 0.043959
2 0.526443 0.568514 0.025433 0.037676
2 0.792891 0.561411 0.029546 0.037992
2 0.735832 0.562748 0.022785 0.038736
2 0.658893 0.520651 0.023621 0.039346
2 0.615447 0.475814 0.017569 0.025928
2 0.744136 0.649711 0.025464 0.043343
2 0.709087 0.517425 0.023945 0.042393
2 0.946531 0.554096 0.033293 0.039012
2 0.722006 0.468182 0.018164 0.032192
2 0.507295 0.512236 0.021362 0.034868
2 0.658028 0.471939 0.021053 0.033565
2 0.209660 0.495285 0.022277 0.030311
2 0.413124 0.526830 0.023574 0.037380
2 0.633952 0.524620 0.021025 0.033296
2 0.636232 0.472798 0.017572 0.031338
2 0.443986 0.483481 0.021271 0.028655
2 0.406339 0.485630 0.018485 0.026412
2 0.460922 0.480542 0.016774 0.027235
2 0.497566 0.532831 0.021380 0.034471
2 0.367042 0.593291 0.027863 0.040870
2 0.674973 0.654089 0.022130 0.036856
2 0.475068 0.529436 0.020770 0.033357
2 0.794279 0.572304 0.030651 0.056548
2 0.827325 0.585125 0.026381 0.042090
2 0.367702 0.520213 0.022423 0.028664
2 0.679139 0.471438 0.018686 0.033118
2 0.394676 0.530255 0.024952 0.037329
2 0.513354 0.590475 0.021154 0.033799
2 0.743947 0.468626 0.020446 0.031711
2 0.649523 0.584595 0.024308 0.046454
2 0.333739 0.534786 0.026925 0.037770
2 0.822411 0.556767 0.026045 0.036524
2 0.311738 0.539453 0.022000 0.030201
2 0.274688 0.490821 0.027065 0.033750
2 0.707925 0.560292 0.023515 0.035851
2 0.465142 0.514486 0.023214 0.023302
2 0.708251 0.651583 0.026135 0.036696
2 0.424014 0.483100 0.018737 0.025941
2 0.833025 0.499609 0.023704 0.034118
2 0.444238 0.520798 0.023581 0.031617
2 0.599729 0.566051 0.024077 0.042074
2 0.365829 0.571798 0.026611 0.029970
2 0.884777 0.461254 0.024192 0.031768
2 0.257757 0.590761 0.024092 0.040702
2 0.981752 0.554074 0.031090 0.039651
2 0.682407 0.559634 0.022314 0.033509
2 0.388539 0.523255 0.020320 0.031565
2 0.591408 0.523044 0.023049 0.030531
2 0.593570 0.509083 0.019902 0.027722
2 0.852712 0.560544 0.026010 0.040651
2 0.813792 0.648234 0.023982 0.042053
2 0.567648 0.520541 0.024346 0.041802
2 0.240836 0.526562 0.027475 0.031956
2 0.762893 0.560294 0.023734 0.035218
2 0.917177 0.503563 0.028658 0.044339
2 0.538205 0.520029 0.020128 0.035326
2 0.548659 0.650084 0.026945 0.041708
2 0.228369 0.495996 0.015889 0.027427
2 0.390268 0.574264 0.029241 0.040449
2 0.766331 0.587005 0.027311 0.041791
2 0.082944 0.471910 0.026093 0.028039
2 0.281621 0.577665 0.027137 0.030269
2 0.414508 0.532005 0.022534 0.036334
2 0.609894 0.475934 0.017443 0.027353
2 0.385579 0.570186 0.024577 0.033355
2 0.129922 0.505665 0.021872 0.028667
2 0.017182 0.541192 0.033987 0.024850
2 0.253149 0.491833 0.022803 0.032025
2 0.192705 0.497070 0.018977 0.029891
2 0.242261 0.495233 0.016536 0.027046
2 0.047619 0.474599 0.022751 0.024859
2 0.393475 0.590653 0.027235 0.041551
2 0.857248 0.498793 0.024029 0.033844
2 0.487040 0.517199 0.016941 0.027097
2 0.485811 0.513237 0.017746 0.029569
2 0.885592 0.490828 0.025285 0.033235
2 0.623448 0.578354 0.026591 0.055840
2 0.160505 0.502052 0.019507 0.028118
2 0.432955 0.532007 0.019421 0.031517
2 0.068416 0.514796 0.024368 0.027487
2 0.915601 0.496942 0.029973 0.039941
2 0.181537 0.534494 0.026159 0.024152
2 0.143806 0.503604 0.022009 0.027632
2 0.332533 0.526305 0.027691 0.032296
2 0.321206 0.521665 0.023571 0.025535
2 0.462580 0.511659 0.022318 0.028002
2 0.095821 0.536195 0.024863 0.025194
2 0.627111 0.564504 0.021819 0.034610
2 0.105897 0.475270 0.021661 0.021549
2 0.349439 0.519384 0.017902 0.031146
2 0.179435 0.497555 0.017857 0.030239
2 0.942018 0.555210 0.025482 0.041727
2 0.145021 0.534664 0.025052 0.026358
2 0.169105 0.500187 0.022146 0.029132
2 0.238983 0.493296 0.028770 0.033179
2 0.011806 0.541303 0.023486 0.024053
2 0.385163 0.519374 0.019269 0.029226
2 0.019988 0.648672 0.039859 0.072338
2 0.308994 0.521360 0.024392 0.026013
2 0.634444 0.505613 0.020628 0.029734
2 0.391898 0.548464 0.025199 0.019837
2 0.080207 0.541009 0.023929 0.020972
2 0.660316 0.513403 0.023105 0.040643
2 0.049473 0.478916 0.024668 0.031719
2 0.969088 0.490886 0.029857 0.032882
2 0.219687 0.529277 0.024216 0.032134
2 0.165953 0.535487 0.026034 0.023848
2 0.653187 0.560286 0.021711 0.036349
2 0.186424 0.459609 0.019573 0.035728
2 0.445387 0.514208 0.019564 0.028504
2 0.844151 0.557701 0.028645 0.038557
2 0.941238 0.492275 0.034426 0.030446
2 0.257313 0.491276 0.016933 0.031365
2 0.016415 0.480596 0.018290 0.019483
2 0.161007 0.536167 0.025172 0.023127
2 0.182932 0.530956 0.024287 0.027510
2 0.127239 0.527840 0.024935 0.025088
2 0.100530 0.530516 0.028830 0.032154
2 0.277776 0.575840 0.026327 0.031184
2 0.991042 0.491076 0.017916 0.031023
2 0.200256 0.524108 0.024721 0.025851
2 0.103091 0.535979 0.025014 0.024427
2 0.542181 0.518445 0.016158 0.038259
2 0.576338 0.510927 0.014741 0.027968
2 0.387655 0.567055 0.021776 0.030887
2 0.979127 0.498988 0.035179 0.036780
2 0.131955 0.474440 0.016480 0.022296
2 0.190402 0.494583 0.028145 0.032596
2 0.460508 0.651431 0.026045 0.033015
2 0.257821 0.582655 0.024021 0.039572
2 0.685179 0.510279 0.021384 0.041207
2 0.166033 0.526245 0.024074 0.019469
2 0.968789 0.495895 0.024435 0.027219
2 0.884109 0.495568 0.023691 0.028915
