2 0.902872 0.897648 0.153771 0.179984
2 0.713040 0.926765 0.135762 0.145148
2 0.805311 0.901015 0.150486 0.196796
2 0.659540 0.750536 0.093395 0.087802
2 0.139452 0.476742 0.055541 0.045756
2 0.208366 0.483240 0.047660 0.044621
2 0.650915 0.556999 0.068156 0.068222
2 0.310050 0.521221 0.077560 0.060660
2 0.570922 0.781433 0.086528 0.112189
2 0.016771 0.468884 0.033224 0.044040
2 0.249242 0.462365 0.054033 0.053103
2 0.694175 0.579408 0.090013 0.075850
2 0.568143 0.494264 0.071928 0.061517
2 0.072934 0.438338 0.055095 0.043821
2 0.597165 0.511215 0.077476 0.074987
2 0.727798 0.727927 0.099004 0.108880
2 0.622683 0.537508 0.055550 0.057130
2 0.171724 0.459076 0.046665 0.053820
2 0.276674 0.449257 0.052403 0.052095
2 0.395984 0.544770 0.107584 0.088659
2 0.314333 0.438924 0.051876 0.048969
2 0.388335 0.485053 0.059163 0.036027
2 0.226598 0.394240 0.043339 0.035118
2 0.640007 0.383846 0.054711 0.043503
2 0.348868 0.428566 0.047946 0.044496
7 0.727853 0.727415 0.098654 0.110142
2 0.130616 0.421253 0.043757 0.038966
2 0.165482 0.409458 0.044886 0.045984
7 0.447164 0.960357 0.128267 0.078350
2 0.358383 0.987529 0.065910 0.023849
7 0.505640 0.393796 0.036713 0.049987
7 0.596092 0.510972 0.076647 0.072533
