2 0.324807 0.938949 0.069714 0.120743
2 0.270130 0.714149 0.056521 0.085139
2 0.346116 0.704988 0.059943 0.105187
7 0.715677 0.884586 0.064323 0.128689
7 0.077043 0.326151 0.030409 0.045910
7 0.032078 0.330814 0.036146 0.052654
5 0.960060 0.667752 0.064156 0.100690
7 0.118524 0.319728 0.030849 0.053127
2 0.708617 0.662269 0.065345 0.094947
2 0.538358 0.383907 0.034978 0.048482
2 0.576412 0.383387 0.035823 0.052691
5 0.895270 0.660870 0.067430 0.085439
7 0.319588 0.305996 0.027521 0.055453
2 0.786026 0.388374 0.043377 0.049697
2 0.502339 0.386207 0.036313 0.050962
2 0.698539 0.385542 0.047910 0.051386
5 0.644320 0.664189 0.055012 0.091392
5 0.802014 0.313262 0.037353 0.053163
2 0.745450 0.383797 0.043288 0.048024
7 0.986434 0.318827 0.026872 0.060506
5 0.692456 0.306323 0.030800 0.052205
5 0.548550 0.301761 0.031679 0.051036
5 0.919924 0.317935 0.034870 0.052217
7 0.644383 0.664152 0.054834 0.090835
2 0.834689 0.664029 0.065268 0.098059
5 0.835129 0.664292 0.065918 0.098016
2 0.514046 0.313601 0.032984 0.046692
5 0.656339 0.305922 0.033146 0.044225
5 0.986128 0.319079 0.027234 0.059606
2 0.882127 0.313539 0.036743 0.052974
7 0.586919 0.651187 0.058115 0.075178
2 0.847382 0.315446 0.035394 0.041381
7 0.655961 0.305379 0.033205 0.042567
