2 0.588396 0.924269 0.082333 0.073628
2 0.820579 0.823043 0.064700 0.057415
2 0.523837 0.852102 0.047817 0.067091
2 0.882331 0.859977 0.069615 0.066486
2 0.920116 0.769645 0.056495 0.052236
2 0.720515 0.706081 0.059094 0.055183
2 0.620382 0.866328 0.073503 0.061842
2 0.954159 0.786145 0.065381 0.060879
2 0.482208 0.852959 0.041977 0.063362
2 0.682221 0.713089 0.038543 0.051472
2 0.552317 0.975749 0.107789 0.047739
2 0.152871 0.924572 0.039886 0.068714
7 0.014912 0.899008 0.029653 0.059600
2 0.479389 0.742887 0.035421 0.055196
2 0.868079 0.664741 0.048191 0.037880
2 0.612925 0.726257 0.043513 0.048638
5 0.216185 0.774687 0.027459 0.057894
2 0.631310 0.842730 0.070202 0.057683
2 0.409692 0.755120 0.031640 0.051229
7 0.050154 0.796928 0.037273 0.062084
2 0.445641 0.747612 0.034210 0.055349
2 0.050048 0.797066 0.038027 0.063022
2 0.913095 0.651565 0.046916 0.038349
2 0.888763 0.656708 0.045846 0.043097
2 0.625245 0.855635 0.081050 0.082432
2 0.089049 0.463491 0.020710 0.017869
5 0.257255 0.769479 0.026220 0.058878
2 0.127097 0.481204 0.034448 0.026313
2 0.353058 0.880425 0.046267 0.072130
2 0.429934 0.473097 0.019745 0.025231
5 0.295008 0.764946 0.025557 0.057643
2 0.053460 0.477561 0.018418 0.020730
5 0.255554 0.894722 0.043056 0.083288
7 0.216153 0.774916 0.027545 0.057372
2 0.255485 0.894209 0.042406 0.081946
7 0.294935 0.764546 0.025970 0.056731
2 0.363563 0.475833 0.023680 0.015406
2 0.248643 0.481478 0.028038 0.018177
5 0.337112 0.757383 0.028090 0.059560
