2 0.024908 0.508246 0.049662 0.042015
2 0.482417 0.500626 0.065505 0.052862
2 0.165956 0.486335 0.060475 0.034417
2 0.089739 0.484162 0.054391 0.039802
2 0.053675 0.503705 0.060329 0.044996
2 0.520614 0.509222 0.053817 0.040549
2 0.016967 0.463661 0.033768 0.038454
2 0.415613 0.404222 0.050371 0.033466
2 0.190673 0.476012 0.052738 0.040923
2 0.659273 0.432378 0.059134 0.048491
2 0.601226 0.463996 0.058395 0.045570
2 0.684708 0.439458 0.046033 0.044506
2 0.695685 0.476118 0.048561 0.039543
2 0.407094 0.435263 0.048707 0.032677
2 0.969767 0.503470 0.060063 0.048196
2 0.480318 0.400380 0.045004 0.032528
2 0.378338 0.379375 0.046774 0.033389
2 0.036425 0.459814 0.047078 0.036053
2 0.244331 0.401833 0.056869 0.030909
2 0.214299 0.508762 0.061885 0.042275
