2 0.375063 0.910826 0.124554 0.071579
2 0.453606 0.901261 0.114669 0.070489
2 0.609387 0.888130 0.129601 0.061376
2 0.812218 0.863546 0.132768 0.057372
2 0.197590 0.927720 0.127418 0.070469
2 0.666598 0.874613 0.121595 0.063917
2 0.636743 0.837224 0.117636 0.041402
2 0.120703 0.943036 0.124850 0.062941
2 0.411943 0.801591 0.110301 0.054472
2 0.334765 0.873563 0.118146 0.045425
2 0.046177 0.948715 0.091982 0.069916
2 0.734678 0.864357 0.122515 0.066415
2 0.352669 0.991678 0.119160 0.016268
2 0.511660 0.885778 0.126103 0.074147
2 0.050023 0.836362 0.098737 0.053871
2 0.169511 0.889515 0.138092 0.050297
2 0.951525 0.693605 0.095303 0.045125
