2 0.434287 0.607289 0.095411 0.030778
2 0.248757 0.638361 0.112749 0.032952
2 0.269531 0.569787 0.118465 0.046808
2 0.779445 0.541110 0.095573 0.030299
2 0.314786 0.560973 0.119234 0.044611
0 0.255225 0.531041 0.019757 0.029072
2 0.313024 0.623980 0.113716 0.037261
2 0.716638 0.496463 0.109685 0.042386
2 0.486998 0.593763 0.099209 0.033283
2 0.674542 0.504371 0.099049 0.035211
2 0.734407 0.550377 0.075645 0.024601
2 0.184446 0.653072 0.094761 0.026956
2 0.214928 0.577372 0.101949 0.048748
2 0.384434 0.616331 0.081946 0.027317
5 0.929845 0.509380 0.138942 0.039809
2 0.143343 0.583625 0.126651 0.056404
2 0.473337 0.538474 0.097796 0.042952
2 0.412609 0.540558 0.104902 0.050978
2 0.597095 0.514718 0.108304 0.048523
2 0.552383 0.522394 0.088093 0.041280
2 0.502751 0.528800 0.101702 0.040833
2 0.754362 0.489099 0.109271 0.043577
7 0.362226 0.548113 0.106268 0.052139
2 0.804616 0.481347 0.134943 0.035825
