2 0.776360 0.771299 0.172586 0.110698
2 0.906698 0.759708 0.136273 0.098638
2 0.339943 0.794949 0.190752 0.126718
2 0.688230 0.754511 0.146085 0.101706
2 0.980452 0.728177 0.038734 0.069699
2 0.279683 0.765797 0.135792 0.101014
7 0.759662 0.911451 0.378353 0.176262
2 0.569247 0.728881 0.108460 0.083456
2 0.648434 0.734963 0.120746 0.092576
2 0.202877 0.711730 0.060685 0.067541
2 0.538378 0.717498 0.107535 0.071525
2 0.924267 0.950980 0.150811 0.096078
2 0.145091 0.674055 0.054902 0.054486
2 0.480755 0.699442 0.097005 0.064560
2 0.269713 0.717017 0.128401 0.075081
7 0.924525 0.950099 0.149990 0.098038
2 0.967641 0.673839 0.063007 0.020697
2 0.260701 0.766637 0.096746 0.099039
2 0.943017 0.711721 0.084638 0.062795
2 0.187414 0.687584 0.101516 0.056172
2 0.505760 0.708153 0.095965 0.065349
