2 0.864745 0.731265 0.039996 0.046522
2 0.927107 0.677959 0.038808 0.043193
2 0.630093 0.541191 0.029702 0.028161
2 0.894929 0.737259 0.041315 0.054400
2 0.938544 0.740771 0.056006 0.064479
2 0.959707 0.684309 0.034422 0.044762
2 0.829465 0.718158 0.037723 0.044065
2 0.985378 0.696029 0.029066 0.039250
2 0.571638 0.532192 0.023878 0.025287
2 0.883711 0.808088 0.046776 0.047453
2 0.500597 0.519247 0.031343 0.023183
2 0.967185 0.759947 0.038242 0.049305
2 0.664888 0.484821 0.016593 0.020319
2 0.648565 0.546794 0.025608 0.023673
2 0.867654 0.659575 0.032738 0.033299
2 0.538548 0.521318 0.022259 0.026525
