2 0.621161 0.675227 0.055124 0.049689
2 0.699524 0.680897 0.052683 0.059600
2 0.587737 0.663639 0.050056 0.050796
2 0.946402 0.733331 0.055467 0.058167
2 0.777224 0.702850 0.056224 0.056817
2 0.818056 0.708730 0.058655 0.059852
2 0.903456 0.724698 0.066241 0.065066
2 0.793362 0.755938 0.051530 0.032235
2 0.283701 0.559659 0.047509 0.022009
2 0.859661 0.713895 0.054803 0.064644
2 0.981941 0.740978 0.035782 0.058641
2 0.590620 0.507318 0.034254 0.033505
2 0.550731 0.560726 0.039674 0.035076
2 0.036155 0.450980 0.045552 0.028789
6 0.379654 0.836003 0.752189 0.326341
2 0.542364 0.696049 0.057662 0.027571
2 0.881038 0.782497 0.047420 0.027764
2 0.598026 0.593861 0.039027 0.023943
2 0.982209 0.802089 0.035244 0.043226
2 0.933066 0.794754 0.066541 0.036533
7 0.980110 0.598484 0.036326 0.045732
2 0.431584 0.667313 0.049708 0.022348
2 0.358941 0.547183 0.058127 0.046623
2 0.280343 0.530749 0.040140 0.035671
2 0.835871 0.522318 0.046068 0.039419
2 0.829344 0.770921 0.055394 0.027246
2 0.221517 0.522132 0.040211 0.042414
