2 0.023020 0.501354 0.032498 0.037004
2 0.049425 0.497744 0.032498 0.037004
2 0.067705 0.495939 0.032498 0.037004
2 0.099188 0.492329 0.045362 0.047834
2 0.030806 0.564531 0.045362 0.047834
2 0.242383 0.487365 0.039269 0.046931
2 0.273189 0.486462 0.037238 0.050542
2 0.298917 0.485108 0.031821 0.046029
2 0.327353 0.483303 0.034529 0.051444
2 0.353758 0.480596 0.034529 0.051444
2 0.380840 0.479693 0.034529 0.051444
2 0.411984 0.476083 0.034529 0.051444
2 0.440420 0.479693 0.034529 0.051444
2 0.470887 0.477888 0.034529 0.051444
2 0.497969 0.476083 0.034529 0.051444
2 0.529790 0.478791 0.034529 0.051444
2 0.562288 0.476986 0.030467 0.049639
2 0.595125 0.471570 0.040623 0.060469
2 0.628978 0.467058 0.033852 0.053249
2 0.662830 0.470668 0.033852 0.053249
2 0.694990 0.469765 0.033175 0.058664
2 0.728842 0.467960 0.033175 0.058664
2 0.764726 0.466155 0.033175 0.058664
2 0.802640 0.461643 0.033175 0.058664
2 0.834462 0.464350 0.033175 0.058664
2 0.874408 0.462545 0.033175 0.058664
2 0.916385 0.458484 0.037238 0.064982
2 0.955992 0.463899 0.032498 0.055957
2 0.989506 0.450812 0.020988 0.064079
2 0.984089 0.561823 0.031821 0.064079
2 0.943466 0.562726 0.031821 0.064079
2 0.900135 0.571300 0.038592 0.066787
2 0.858835 0.573105 0.038592 0.066787
2 0.813473 0.568592 0.038592 0.066787
2 0.774204 0.566787 0.038592 0.066787
2 0.730196 0.567690 0.038592 0.066787
2 0.690251 0.574910 0.038592 0.059567
2 0.653690 0.571300 0.038592 0.059567
2 0.614421 0.569495 0.038592 0.059567
2 0.578538 0.576715 0.042654 0.059567
2 0.539269 0.574910 0.042654 0.059567
2 0.501693 0.577617 0.036561 0.063177
2 0.469871 0.578520 0.036561 0.063177
2 0.436357 0.578520 0.041300 0.055957
2 0.370345 0.578069 0.040623 0.055054
2 0.337847 0.581227 0.039269 0.055957
2 0.303995 0.579422 0.039269 0.055957
2 0.276913 0.582130 0.039269 0.055957
2 0.245091 0.583032 0.039269 0.055957
2 0.215301 0.582130 0.039269 0.055957
2 0.184157 0.580325 0.039269 0.055957
2 0.157075 0.580325 0.039269 0.055957
2 0.125254 0.590253 0.039269 0.055957
2 0.096141 0.588448 0.039269 0.055957
2 0.125931 0.552798 0.035206 0.027978
2 0.153690 0.550993 0.035206 0.027978
2 0.188219 0.547383 0.035206 0.027978
2 0.214624 0.545578 0.035206 0.027978
2 0.245091 0.543773 0.035206 0.027978
2 0.269465 0.539260 0.035206 0.027978
2 0.306026 0.537455 0.035206 0.027978
2 0.334462 0.533845 0.035206 0.027978
2 0.366960 0.536552 0.035206 0.027978
2 0.400135 0.540162 0.035206 0.027978
2 0.431280 0.538357 0.035206 0.027978
2 0.465809 0.533845 0.035206 0.027978
2 0.492891 0.534747 0.035206 0.027978
2 0.530129 0.532942 0.035206 0.027978
2 0.561950 0.528430 0.035206 0.027978
2 0.598510 0.524819 0.035206 0.027978
2 0.638456 0.528430 0.035206 0.027978
2 0.668923 0.526625 0.035206 0.027978
2 0.707515 0.525722 0.035206 0.027978
2 0.784699 0.533845 0.035206 0.027978
2 0.744076 0.526625 0.035206 0.027978
2 0.820244 0.533394 0.037238 0.034296
2 0.865606 0.527076 0.038592 0.041516
2 0.904198 0.528881 0.038592 0.041516
2 0.950237 0.527076 0.038592 0.041516
2 0.987136 0.528430 0.025728 0.035199
2 0.966825 0.700812 0.040623 0.078520
2 0.912661 0.702617 0.040623 0.078520
2 0.862559 0.698105 0.040623 0.078520
2 0.808395 0.696300 0.040623 0.078520
2 0.719702 0.692690 0.040623 0.078520
2 0.670278 0.692690 0.040623 0.078520
2 0.584970 0.694495 0.040623 0.078520
2 0.542993 0.692690 0.040623 0.078520
2 0.497969 0.692238 0.049425 0.077617
2 0.458700 0.694946 0.042654 0.074007
2 0.415369 0.694946 0.042654 0.074007
2 0.377454 0.693141 0.042654 0.074007
2 0.341571 0.694043 0.042654 0.074007
2 0.309749 0.693141 0.042654 0.074007
2 0.271835 0.691336 0.042654 0.074007
2 0.233243 0.687726 0.042654 0.074007
2 0.196005 0.695848 0.042654 0.074007
2 0.167231 0.692690 0.041977 0.065884
2 0.066012 0.690433 0.046716 0.064982
2 0.034191 0.689531 0.046716 0.064982
2 0.044008 0.646209 0.052810 0.034296
2 0.072444 0.644404 0.052810 0.034296
2 0.103588 0.642599 0.052810 0.034296
2 0.166554 0.639892 0.052810 0.034296
2 0.205146 0.642148 0.040623 0.029783
2 0.236290 0.636733 0.040623 0.029783
2 0.268788 0.641245 0.040623 0.029783
2 0.299932 0.642148 0.040623 0.029783
2 0.341232 0.640343 0.040623 0.029783
2 0.379147 0.637635 0.040623 0.029783
2 0.413676 0.639440 0.040623 0.029783
2 0.452268 0.637635 0.040623 0.029783
2 0.488152 0.640343 0.040623 0.029783
2 0.529452 0.641245 0.040623 0.029783
2 0.560934 0.651625 0.039946 0.050542
2 0.604265 0.648014 0.039946 0.050542
2 0.650305 0.648917 0.039946 0.050542
2 0.687542 0.649819 0.039946 0.050542
2 0.734259 0.647112 0.039946 0.050542
2 0.780298 0.645307 0.039946 0.050542
2 0.825660 0.652527 0.039946 0.050542
2 0.875085 0.653430 0.039946 0.050542
2 0.923832 0.648917 0.039946 0.050542
2 0.971225 0.647112 0.039946 0.050542
2 0.947529 0.820397 0.044008 0.074007
2 0.774204 0.817690 0.044008 0.074007
2 0.728165 0.813177 0.044008 0.074007
2 0.676032 0.811372 0.044008 0.074007
2 0.624577 0.812726 0.052133 0.076715
2 0.570413 0.810921 0.052133 0.076715
2 0.523020 0.806859 0.048070 0.074007
2 0.474949 0.804152 0.048070 0.074007
2 0.435680 0.802347 0.048070 0.074007
2 0.389303 0.802798 0.052810 0.074910
2 0.345972 0.806408 0.052810 0.074910
2 0.116452 0.788357 0.056872 0.067690
2 0.115098 0.786552 0.056872 0.067690
