2 0.342586 0.577617 0.044685 0.077617
2 0.398104 0.567690 0.044685 0.077617
2 0.452268 0.564982 0.044685 0.077617
2 0.503724 0.560469 0.044685 0.077617
2 0.557888 0.558664 0.044685 0.077617
2 0.919431 0.417870 0.044685 0.077617
2 0.823290 0.425993 0.044685 0.077617
2 0.776574 0.424188 0.044685 0.077617
2 0.736628 0.427798 0.044685 0.077617
2 0.685173 0.435921 0.044685 0.077617
2 0.637102 0.439531 0.044685 0.077617
2 0.593771 0.440433 0.044685 0.077617
2 0.539607 0.436823 0.044685 0.077617
2 0.494245 0.437726 0.044685 0.077617
2 0.448883 0.438628 0.044685 0.077617
2 0.403521 0.442238 0.044685 0.077617
2 0.354096 0.447653 0.044685 0.077617
2 0.303995 0.452166 0.044685 0.077617
2 0.253893 0.455776 0.044685 0.077617
2 0.207177 0.456679 0.044685 0.077617
2 0.157075 0.457581 0.044685 0.077617
2 0.100880 0.461191 0.044685 0.077617
2 0.052810 0.463899 0.044685 0.077617
2 0.025728 0.409747 0.044685 0.077617
2 0.075491 0.415162 0.049425 0.057762
2 0.118145 0.407942 0.049425 0.057762
2 0.165538 0.405235 0.049425 0.057762
2 0.217671 0.401625 0.049425 0.057762
2 0.254232 0.399819 0.049425 0.057762
2 0.303656 0.398014 0.049425 0.057762
2 0.351049 0.396209 0.049425 0.057762
2 0.349695 0.394404 0.049425 0.057762
2 0.398443 0.394404 0.049425 0.057762
2 0.443805 0.396209 0.039946 0.050542
2 0.486459 0.394404 0.039946 0.050542
2 0.533175 0.392599 0.039946 0.050542
2 0.581246 0.388989 0.039946 0.050542
2 0.626608 0.387184 0.039946 0.050542
2 0.667231 0.382671 0.039946 0.050542
2 0.714624 0.380866 0.039946 0.050542
2 0.764049 0.379061 0.039946 0.050542
2 0.807380 0.377256 0.039946 0.050542
2 0.852404 0.368231 0.039269 0.054152
2 0.899797 0.364621 0.039269 0.054152
2 0.983074 0.296029 0.033852 0.083032
2 0.955653 0.256769 0.035884 0.065884
2 0.982058 0.189079 0.035884 0.065884
2 0.860190 0.297383 0.035884 0.065884
2 0.814827 0.295578 0.035884 0.065884
2 0.779282 0.302798 0.044685 0.058664
2 0.730873 0.299188 0.038592 0.053249
2 0.688896 0.298736 0.038592 0.063177
2 0.653690 0.307762 0.038592 0.063177
2 0.613067 0.306859 0.038592 0.063177
2 0.574475 0.314982 0.038592 0.063177
2 0.534529 0.318592 0.038592 0.063177
2 0.487813 0.314079 0.038592 0.063177
2 0.445836 0.317690 0.038592 0.063177
2 0.404536 0.315884 0.038592 0.063177
2 0.363236 0.326715 0.038592 0.063177
2 0.313135 0.321300 0.038592 0.063177
2 0.278605 0.319495 0.038592 0.063177
2 0.233920 0.324007 0.038592 0.068592
2 0.191943 0.326715 0.038592 0.068592
2 0.147935 0.329422 0.038592 0.068592
2 0.104604 0.333935 0.038592 0.068592
2 0.062627 0.333935 0.038592 0.068592
2 0.023358 0.333032 0.038592 0.068592
2 0.037915 0.292419 0.040623 0.054152
2 0.077183 0.290614 0.040623 0.054152
2 0.117806 0.288809 0.040623 0.054152
2 0.165877 0.282491 0.040623 0.054152
2 0.196344 0.280686 0.040623 0.054152
2 0.243060 0.282942 0.029790 0.042419
2 0.284360 0.280235 0.029790 0.042419
2 0.320244 0.278430 0.029790 0.042419
2 0.363575 0.281137 0.029790 0.042419
2 0.400812 0.276625 0.029790 0.042419
2 0.442112 0.279332 0.029790 0.042419
2 0.480704 0.273014 0.029790 0.042419
2 0.521327 0.268502 0.029790 0.042419
2 0.556534 0.267599 0.029790 0.042419
2 0.594448 0.265794 0.029790 0.042419
2 0.631686 0.263989 0.029790 0.042419
2 0.677048 0.262184 0.029790 0.042419
2 0.714963 0.258574 0.029790 0.042419
2 0.751523 0.254964 0.029790 0.042419
2 0.792823 0.253159 0.029790 0.042419
2 0.833446 0.253159 0.029790 0.042419
2 0.721733 0.195848 0.035206 0.050542
2 0.681787 0.198556 0.035206 0.050542
2 0.647258 0.197653 0.035206 0.050542
2 0.611374 0.198556 0.035206 0.050542
2 0.576168 0.207581 0.035206 0.050542
2 0.538253 0.203520 0.033852 0.064079
2 0.501016 0.205325 0.033852 0.064079
2 0.463101 0.213448 0.033852 0.064079
2 0.429926 0.210740 0.033852 0.064079
2 0.392688 0.208935 0.033852 0.064079
2 0.355450 0.207130 0.033852 0.064079
2 0.320244 0.210740 0.033852 0.064079
2 0.283006 0.209838 0.033852 0.064079
2 0.242383 0.211643 0.033852 0.064079
2 0.209208 0.209838 0.033852 0.064079
2 0.166554 0.219314 0.033852 0.050542
2 0.126608 0.217509 0.033852 0.050542
2 0.092079 0.214801 0.033852 0.057762
2 0.056195 0.216606 0.033852 0.057762
2 0.017603 0.222924 0.033852 0.057762
2 0.018957 0.224729 0.033852 0.057762
