2 0.767434 0.738267 0.046716 0.072202
2 0.505416 0.750451 0.045362 0.062274
2 0.448544 0.764440 0.046716 0.072202
2 0.394381 0.769856 0.046716 0.072202
2 0.337508 0.763538 0.046716 0.072202
2 0.116114 0.787004 0.046716 0.072202
2 0.066689 0.789711 0.046716 0.072202
2 0.023358 0.792419 0.045362 0.072202
2 0.023358 0.672383 0.045362 0.072202
2 0.027759 0.631769 0.046039 0.072202
2 0.069397 0.621841 0.046716 0.072202
2 0.116114 0.614621 0.046716 0.072202
2 0.217671 0.612816 0.046716 0.072202
2 0.202099 0.664260 0.046716 0.072202
2 0.251523 0.661552 0.046716 0.072202
2 0.266418 0.608303 0.046716 0.072202
2 0.303656 0.651625 0.046716 0.072202
2 0.315843 0.600181 0.046716 0.072202
2 0.351726 0.651625 0.046716 0.072202
2 0.356466 0.604693 0.046716 0.072202
2 0.391672 0.649819 0.046716 0.072202
2 0.400474 0.597473 0.046716 0.072202
2 0.436357 0.645307 0.046716 0.072202
2 0.450575 0.609206 0.046716 0.072202
2 0.493907 0.640794 0.046716 0.072202
2 0.499323 0.589350 0.046716 0.072202
2 0.535206 0.634477 0.046716 0.072202
2 0.541977 0.591155 0.046716 0.072202
2 0.675355 0.576715 0.046716 0.072202
2 0.768111 0.574007 0.046716 0.072202
2 0.813473 0.574007 0.046716 0.072202
2 0.854773 0.571300 0.046716 0.072202
2 0.877116 0.614621 0.046716 0.072202
2 0.869668 0.502708 0.046716 0.072202
2 0.824306 0.495487 0.046716 0.072202
2 0.783683 0.496390 0.046716 0.072202
2 0.743060 0.497292 0.046716 0.072202
2 0.705823 0.498195 0.046716 0.072202
2 0.661137 0.507220 0.046716 0.072202
2 0.534529 0.513538 0.046716 0.072202
2 0.493230 0.515343 0.046716 0.072202
2 0.453961 0.516245 0.046716 0.072202
2 0.409953 0.520758 0.046716 0.072202
2 0.370684 0.521661 0.046716 0.072202
2 0.321936 0.525271 0.046716 0.072202
2 0.284699 0.527978 0.046716 0.072202
2 0.240352 0.537004 0.037915 0.066787
2 0.199729 0.540614 0.037915 0.066787
2 0.155721 0.539711 0.037915 0.066787
2 0.113744 0.537004 0.037915 0.066787
2 0.067705 0.534296 0.037915 0.066787
2 0.024374 0.546029 0.037915 0.066787
2 0.042654 0.506318 0.037915 0.066787
2 0.079892 0.502708 0.037915 0.066787
2 0.121869 0.500903 0.037915 0.066787
2 0.165200 0.497292 0.037915 0.066787
2 0.205146 0.492780 0.037915 0.066787
2 0.247123 0.499097 0.037915 0.066787
2 0.284360 0.492780 0.037915 0.066787
2 0.327014 0.484657 0.037915 0.066787
2 0.365606 0.481949 0.037915 0.066787
2 0.402167 0.484657 0.037915 0.066787
2 0.437373 0.481047 0.037915 0.066787
2 0.527420 0.479242 0.037915 0.066787
2 0.643873 0.467509 0.037915 0.066787
2 0.681110 0.463899 0.037915 0.066787
2 0.727150 0.457581 0.037915 0.066787
2 0.765741 0.455776 0.037915 0.066787
2 0.805687 0.453971 0.037915 0.066787
2 0.846987 0.452166 0.037915 0.066787
2 0.878808 0.450361 0.037915 0.066787
2 0.877454 0.392599 0.037915 0.066787
2 0.846987 0.388087 0.037915 0.066787
2 0.813135 0.390794 0.037915 0.066787
2 0.744753 0.394404 0.037915 0.066787
2 0.710223 0.398014 0.037915 0.066787
2 0.438727 0.409747 0.037915 0.066787
2 0.404198 0.412455 0.037915 0.066787
2 0.369668 0.410650 0.037915 0.066787
2 0.331754 0.416968 0.037915 0.066787
2 0.294516 0.422383 0.037915 0.066787
2 0.258632 0.425090 0.037915 0.066787
2 0.218687 0.423285 0.037915 0.066787
2 0.178741 0.424188 0.037915 0.066787
2 0.140826 0.423285 0.037915 0.066787
2 0.105619 0.429603 0.037915 0.066787
2 0.064997 0.428700 0.037915 0.066787
2 0.027759 0.428700 0.037915 0.066787
2 0.026405 0.426895 0.037915 0.066787
2 0.114760 0.612816 0.046716 0.072202
2 0.172309 0.627256 0.042654 0.068592
2 0.055179 0.667870 0.042654 0.068592
2 0.107312 0.661552 0.042654 0.068592
2 0.147258 0.662455 0.042654 0.068592
2 0.172309 0.787455 0.045362 0.078520
2 0.227150 0.774819 0.045362 0.078520
2 0.285376 0.772112 0.045362 0.078520
2 0.692620 0.625903 0.055518 0.085740
2 0.722072 0.582581 0.049425 0.062274
2 0.743060 0.626354 0.052133 0.086643
2 0.791131 0.627708 0.049425 0.076715
2 0.833785 0.617780 0.049425 0.076715
2 0.716655 0.737816 0.049425 0.076715
2 0.818213 0.737816 0.049425 0.076715
2 0.868991 0.730596 0.049425 0.076715
