2 0.281313 0.303249 0.052133 0.084838
2 0.345972 0.299639 0.047393 0.066787
2 0.400135 0.300993 0.044685 0.076715
2 0.454299 0.293773 0.044685 0.076715
2 0.499661 0.294675 0.044685 0.076715
2 0.549086 0.292870 0.044685 0.076715
2 0.060257 0.305505 0.044685 0.076715
2 0.037238 0.181859 0.044685 0.076715
2 0.088016 0.180054 0.044685 0.076715
2 0.141503 0.180957 0.044685 0.076715
2 0.194313 0.179152 0.044685 0.076715
2 0.241706 0.178249 0.044685 0.076715
2 0.293162 0.176444 0.044685 0.076715
2 0.339878 0.173736 0.044685 0.076715
2 0.389980 0.171931 0.044685 0.076715
2 0.437373 0.170126 0.044685 0.076715
2 0.480704 0.170126 0.044685 0.076715
2 0.534868 0.176444 0.044685 0.076715
2 0.587001 0.174639 0.044685 0.076715
2 0.632363 0.172834 0.044685 0.076715
2 0.680433 0.169224 0.044685 0.076715
2 0.727150 0.171029 0.044685 0.076715
2 0.772512 0.169224 0.044685 0.076715
2 0.850034 0.107401 0.048070 0.045126
2 0.807380 0.105596 0.048070 0.045126
2 0.758632 0.110108 0.048070 0.045126
2 0.715301 0.108303 0.048070 0.045126
2 0.669262 0.109206 0.048070 0.045126
2 0.622546 0.112816 0.048070 0.045126
2 0.578538 0.113718 0.048070 0.045126
2 0.534529 0.119134 0.048070 0.045126
2 0.485782 0.120939 0.048070 0.045126
2 0.438389 0.117329 0.048070 0.045126
2 0.390995 0.115523 0.048070 0.045126
2 0.346310 0.124549 0.048070 0.045126
2 0.296209 0.119134 0.048070 0.045126
2 0.250169 0.120036 0.048070 0.045126
2 0.202099 0.118231 0.048070 0.045126
2 0.154028 0.120036 0.048070 0.045126
2 0.107312 0.120036 0.048070 0.045126
2 0.059919 0.120939 0.048070 0.045126
2 0.024035 0.127256 0.046716 0.045126
2 0.025051 0.129061 0.047393 0.045126
2 0.038592 0.045578 0.044685 0.076715
2 0.076506 0.043773 0.044685 0.076715
2 0.129316 0.044675 0.044685 0.076715
2 0.171970 0.044675 0.044685 0.076715
2 0.218687 0.042870 0.044685 0.076715
2 0.257278 0.041065 0.044685 0.076715
2 0.302640 0.045578 0.044685 0.076715
2 0.350034 0.043773 0.044685 0.076715
2 0.390657 0.041968 0.044685 0.076715
2 0.430603 0.041968 0.044685 0.076715
2 0.486121 0.040162 0.044685 0.076715
2 0.521327 0.046480 0.044685 0.076715
2 0.560934 0.039711 0.044008 0.066787
2 0.598172 0.038809 0.044008 0.066787
2 0.642857 0.037004 0.044008 0.066787
2 0.684157 0.035199 0.044008 0.066787
2 0.728842 0.037004 0.044008 0.066787
2 0.775559 0.035199 0.044008 0.066787
2 0.808057 0.037906 0.044008 0.066787
2 0.806703 0.036101 0.044008 0.066787
