2 0.045362 0.472924 0.039269 0.066787
2 0.087001 0.475632 0.035884 0.050542
2 0.119838 0.457581 0.039269 0.066787
2 0.162492 0.453069 0.039269 0.066787
2 0.200406 0.451264 0.039269 0.066787
2 0.236967 0.446751 0.039269 0.066787
2 0.341232 0.534296 0.039269 0.066787
2 0.299932 0.545126 0.039269 0.066787
2 0.258632 0.551444 0.039269 0.066787
2 0.213270 0.555054 0.039269 0.066787
2 0.211916 0.553249 0.039269 0.066787
2 0.169262 0.557762 0.039269 0.066787
2 0.122546 0.568592 0.039269 0.066787
2 0.078538 0.575812 0.039269 0.066787
2 0.035884 0.587545 0.039269 0.066787
2 0.040623 0.542419 0.039269 0.066787
2 0.081923 0.534296 0.039269 0.066787
2 0.126608 0.531588 0.039269 0.066787
2 0.173324 0.516245 0.039269 0.066787
2 0.204469 0.518051 0.039269 0.066787
2 0.245091 0.513538 0.039269 0.066787
2 0.334462 0.503610 0.039269 0.066787
2 0.511171 0.408845 0.039269 0.066787
2 0.545701 0.399819 0.039269 0.066787
2 0.614760 0.394404 0.039269 0.066787
2 0.639810 0.386282 0.039269 0.066787
2 0.672309 0.384477 0.039269 0.066787
2 0.472580 0.512635 0.039269 0.066787
2 0.451591 0.479242 0.039269 0.066787
2 0.494922 0.477437 0.039269 0.066787
2 0.545701 0.494585 0.039269 0.066787
2 0.532160 0.472022 0.039269 0.066787
2 0.584292 0.490072 0.039269 0.066787
2 0.570074 0.458484 0.039269 0.066787
2 0.568720 0.456679 0.039269 0.066787
2 0.654705 0.449458 0.039269 0.066787
2 0.683819 0.442238 0.039269 0.066787
2 0.643873 0.609206 0.039269 0.066787
2 0.684496 0.611913 0.039269 0.066787
2 0.683142 0.610108 0.039269 0.066787
2 0.585647 0.730144 0.039269 0.066787
2 0.681787 0.706679 0.039269 0.066787
2 0.680433 0.704874 0.039269 0.066787
2 0.663507 0.562274 0.039269 0.066787
2 0.626269 0.567690 0.039269 0.066787
2 0.585647 0.574007 0.039269 0.066787
2 0.491537 0.578520 0.039269 0.066787
2 0.490183 0.576715 0.039269 0.066787
2 0.357143 0.657942 0.039946 0.077617
2 0.313135 0.667870 0.039946 0.077617
2 0.253555 0.679603 0.039946 0.077617
2 0.208192 0.689531 0.039946 0.077617
2 0.159445 0.694946 0.039946 0.077617
2 0.321936 0.777978 0.039946 0.077617
2 0.352404 0.611011 0.039946 0.077617
2 0.310427 0.614621 0.039946 0.077617
2 0.261679 0.628159 0.039946 0.077617
2 0.212932 0.634477 0.039946 0.077617
2 0.162153 0.648917 0.039946 0.077617
2 0.114083 0.652527 0.039946 0.077617
2 0.065335 0.660650 0.039946 0.077617
2 0.019973 0.667870 0.038592 0.077617
2 0.019973 0.726534 0.038592 0.077617
2 0.020988 0.728339 0.039269 0.077617
