2 0.114621 0.825660 0.119134 0.064320
2 0.167870 0.809411 0.119134 0.064320
2 0.256318 0.810765 0.119134 0.064320
2 0.319495 0.798578 0.119134 0.064320
2 0.412906 0.800609 0.116426 0.053487
2 0.058664 0.835816 0.115523 0.053487
2 0.049639 0.943128 0.097473 0.067705
2 0.122744 0.943128 0.138989 0.064997
2 0.168321 0.885917 0.138087 0.044008
2 0.196751 0.929587 0.131769 0.071767
2 0.330776 0.868653 0.121841 0.047393
2 0.381769 0.907583 0.131769 0.077861
2 0.452166 0.902844 0.128159 0.072444
2 0.511733 0.882532 0.128159 0.072444
2 0.609657 0.887610 0.125451 0.059580
2 0.666516 0.870684 0.125451 0.059580
2 0.641245 0.849018 0.125451 0.059580
2 0.725181 0.863913 0.125451 0.059580
2 0.818141 0.862559 0.125451 0.059580
