2 0.785037 0.543321 0.027759 0.037906
2 0.810765 0.544224 0.027759 0.037906
2 0.832431 0.546029 0.027759 0.037906
2 0.852065 0.544224 0.027759 0.037906
2 0.873731 0.544224 0.027759 0.037906
2 0.897427 0.550542 0.027759 0.037906
2 0.920447 0.551444 0.027759 0.037906
2 0.939404 0.551444 0.027759 0.037906
2 0.961747 0.549639 0.027759 0.037906
2 0.986121 0.548736 0.027759 0.037906
2 0.984089 0.614621 0.027759 0.037906
2 0.960393 0.611011 0.027759 0.037906
2 0.863575 0.609206 0.027759 0.037906
2 0.862221 0.607401 0.027759 0.037906
2 0.780298 0.607852 0.027759 0.042419
2 0.760664 0.585289 0.023697 0.038809
2 0.789100 0.585289 0.023697 0.038809
2 0.816858 0.582581 0.026405 0.037004
2 0.986459 0.583484 0.027082 0.037004
2 0.807718 0.646661 0.027082 0.037004
2 0.838186 0.652978 0.027082 0.037004
2 0.867976 0.651173 0.027082 0.037004
2 0.898443 0.650271 0.027082 0.037004
2 0.924171 0.651173 0.027082 0.037004
2 0.947190 0.649368 0.027082 0.037004
2 0.978334 0.651173 0.027082 0.037004
2 0.616452 0.539260 0.025051 0.033394
2 0.593433 0.537455 0.025051 0.033394
2 0.543331 0.531137 0.025051 0.033394
2 0.526405 0.539260 0.025051 0.033394
2 0.498307 0.535650 0.021666 0.037004
2 0.473934 0.533845 0.021666 0.037004
2 0.452268 0.536552 0.021666 0.037004
2 0.427894 0.537455 0.021666 0.037004
2 0.401490 0.537455 0.021666 0.037004
2 0.379147 0.532942 0.021666 0.037004
2 0.355450 0.532942 0.021666 0.037004
2 0.308057 0.531137 0.021666 0.037004
2 0.279959 0.530235 0.022343 0.040614
2 0.229181 0.529332 0.022343 0.040614
2 0.204130 0.530235 0.022343 0.040614
2 0.179756 0.531137 0.023697 0.046029
2 0.155383 0.529332 0.023697 0.046029
2 0.133040 0.527527 0.023697 0.046029
2 0.085647 0.525722 0.023697 0.046029
2 0.053825 0.523917 0.023697 0.046029
2 0.033514 0.522112 0.023697 0.046029
2 0.013202 0.522112 0.023697 0.046029
2 0.028097 0.570848 0.023697 0.046029
2 0.061611 0.572202 0.025728 0.032491
2 0.092079 0.573105 0.025728 0.032491
2 0.112390 0.572202 0.025728 0.032491
2 0.142180 0.578520 0.025728 0.032491
2 0.171293 0.579422 0.025728 0.032491
2 0.192959 0.577617 0.025728 0.032491
2 0.220718 0.580325 0.025728 0.032491
2 0.249154 0.578520 0.025728 0.032491
2 0.275559 0.576715 0.025728 0.032491
2 0.307718 0.576264 0.030467 0.035199
2 0.325322 0.575361 0.030467 0.035199
2 0.357820 0.576264 0.030467 0.035199
2 0.379485 0.577166 0.030467 0.035199
2 0.405890 0.575361 0.030467 0.035199
2 0.435003 0.576264 0.030467 0.035199
2 0.460731 0.574458 0.030467 0.035199
2 0.483751 0.572653 0.030467 0.035199
2 0.508125 0.576264 0.030467 0.035199
2 0.535884 0.574458 0.030467 0.035199
2 0.554164 0.573556 0.030467 0.035199
2 0.584631 0.576264 0.030467 0.035199
2 0.594787 0.611462 0.030467 0.035199
2 0.608328 0.578069 0.030467 0.035199
2 0.616452 0.601534 0.030467 0.035199
2 0.634056 0.577166 0.030467 0.035199
2 0.642857 0.606949 0.030467 0.035199
2 0.658429 0.583484 0.030467 0.035199
2 0.672647 0.604693 0.030467 0.041516
2 0.699052 0.608303 0.030467 0.041516
2 0.688219 0.583032 0.030467 0.041516
2 0.015234 0.596570 0.029113 0.041516
2 0.041977 0.598375 0.029790 0.041516
2 0.069736 0.602888 0.029790 0.041516
2 0.096818 0.599278 0.031144 0.041516
2 0.125592 0.603791 0.030467 0.041516
2 0.159445 0.605596 0.030467 0.041516
2 0.181787 0.603791 0.030467 0.041516
2 0.209546 0.602888 0.030467 0.041516
2 0.238659 0.601986 0.030467 0.041516
2 0.271158 0.603791 0.030467 0.041516
2 0.292823 0.605596 0.030467 0.041516
2 0.327353 0.603791 0.030467 0.041516
2 0.351049 0.603791 0.030467 0.041516
2 0.406567 0.601986 0.030467 0.041516
2 0.437712 0.602888 0.030467 0.041516
2 0.455315 0.601083 0.030467 0.041516
2 0.697021 0.656137 0.030467 0.041516
2 0.668585 0.655235 0.030467 0.041516
2 0.637441 0.651625 0.030467 0.041516
2 0.611036 0.648917 0.030467 0.041516
2 0.498646 0.649819 0.030467 0.041516
2 0.461747 0.648917 0.025728 0.034296
2 0.432634 0.649819 0.025728 0.034296
2 0.408260 0.648014 0.025728 0.034296
2 0.375085 0.649819 0.025728 0.034296
2 0.343940 0.648014 0.025728 0.034296
2 0.312796 0.646209 0.025728 0.034296
2 0.284360 0.644404 0.025728 0.034296
2 0.253893 0.647112 0.025728 0.034296
2 0.222749 0.646209 0.025728 0.034296
2 0.194313 0.644404 0.025728 0.034296
2 0.132701 0.645307 0.025728 0.034296
2 0.100203 0.647112 0.025728 0.034296
2 0.064997 0.646209 0.025728 0.034296
2 0.063643 0.644404 0.025728 0.034296
