2 0.983751 0.787004 0.032498 0.074007
2 0.944144 0.779332 0.046716 0.073105
2 0.897427 0.773917 0.046716 0.073105
2 0.851726 0.768502 0.050102 0.076715
2 0.807718 0.766697 0.050102 0.076715
2 0.767773 0.759477 0.050102 0.076715
2 0.728504 0.757671 0.050102 0.076715
2 0.687204 0.755866 0.050102 0.076715
2 0.656737 0.740523 0.050102 0.076715
2 0.618145 0.739621 0.050102 0.076715
2 0.588355 0.733303 0.050102 0.076715
2 0.547732 0.736913 0.050102 0.076715
2 0.517942 0.734206 0.050102 0.076715
2 0.516588 0.732401 0.050102 0.076715
2 0.335477 0.714350 0.050779 0.069495
2 0.361882 0.713448 0.050779 0.069495
2 0.391672 0.715253 0.050779 0.069495
2 0.970548 0.732401 0.050779 0.069495
2 0.929248 0.728791 0.050779 0.069495
2 0.887271 0.725181 0.050779 0.069495
2 0.842586 0.720668 0.044008 0.055054
2 0.804672 0.715253 0.044008 0.055054
2 0.767434 0.713448 0.044008 0.055054
2 0.724103 0.707130 0.044008 0.055054
2 0.690251 0.705325 0.044008 0.055054
2 0.656398 0.702617 0.044008 0.055054
2 0.620515 0.693592 0.044008 0.055054
2 0.587339 0.691787 0.044008 0.055054
2 0.562288 0.689982 0.044008 0.055054
2 0.527082 0.688177 0.044008 0.055054
2 0.493907 0.686372 0.044008 0.055054
2 0.467502 0.680957 0.044008 0.055054
2 0.446513 0.680957 0.044008 0.055054
2 0.411307 0.679152 0.044008 0.055054
2 0.384902 0.674639 0.044008 0.055054
2 0.979689 0.648466 0.040623 0.074910
2 0.939404 0.653881 0.052133 0.074910
2 0.904875 0.651173 0.052133 0.074910
2 0.860528 0.648014 0.043331 0.068592
2 0.824645 0.646209 0.043331 0.068592
2 0.791469 0.644404 0.043331 0.068592
2 0.756940 0.642599 0.043331 0.068592
2 0.715978 0.640794 0.042654 0.063177
2 0.686865 0.638989 0.042654 0.063177
2 0.653690 0.637184 0.042654 0.063177
2 0.626608 0.634477 0.042654 0.063177
2 0.596141 0.631769 0.042654 0.063177
2 0.564320 0.629964 0.042654 0.063177
2 0.535884 0.623646 0.042654 0.063177
2 0.508802 0.629513 0.041300 0.056859
2 0.480366 0.627708 0.041300 0.056859
2 0.454638 0.625000 0.041300 0.056859
2 0.967163 0.608755 0.041300 0.056859
2 0.929926 0.614170 0.041300 0.056859
2 0.888626 0.608755 0.041300 0.056859
2 0.853419 0.611462 0.041300 0.056859
2 0.818890 0.606949 0.041300 0.056859
2 0.785714 0.605144 0.041300 0.056859
2 0.752539 0.603339 0.041300 0.056859
2 0.718009 0.598827 0.041300 0.056859
2 0.686865 0.597022 0.041300 0.056859
2 0.652336 0.595217 0.041300 0.056859
2 0.621192 0.593412 0.041300 0.056859
2 0.592079 0.599729 0.041300 0.056859
2 0.569059 0.596119 0.041300 0.056859
2 0.540623 0.591606 0.041300 0.056859
2 0.510833 0.599729 0.038592 0.037004
2 0.486459 0.594314 0.038592 0.037004
2 0.593771 0.536101 0.037915 0.045126
2 0.622207 0.537906 0.037915 0.045126
2 0.654705 0.538809 0.037915 0.045126
2 0.678402 0.538809 0.037915 0.045126
2 0.708869 0.539711 0.037915 0.045126
2 0.735951 0.538809 0.037915 0.045126
2 0.768450 0.541516 0.037915 0.045126
2 0.796886 0.544224 0.044685 0.046931
2 0.828707 0.544224 0.044685 0.046931
2 0.857820 0.546931 0.044685 0.046931
2 0.894381 0.546931 0.044685 0.046931
2 0.925525 0.547834 0.044685 0.046931
2 0.964116 0.543321 0.044685 0.059567
2 0.458362 0.537455 0.039269 0.051444
2 0.434326 0.540614 0.034529 0.041516
2 0.416723 0.538809 0.034529 0.041516
2 0.395058 0.537906 0.034529 0.041516
2 0.372715 0.539711 0.034529 0.041516
2 0.346310 0.544224 0.034529 0.041516
2 0.328030 0.544224 0.034529 0.041516
2 0.307041 0.542419 0.034529 0.041516
2 0.286053 0.545126 0.034529 0.041516
2 0.265064 0.545126 0.034529 0.041516
2 0.242722 0.550542 0.034529 0.041516
2 0.227150 0.547834 0.034529 0.041516
2 0.211578 0.554152 0.034529 0.041516
2 0.181787 0.550542 0.034529 0.041516
2 0.398104 0.594314 0.039269 0.035199
2 0.371022 0.593412 0.039269 0.035199
2 0.348680 0.591606 0.039269 0.035199
2 0.324306 0.589801 0.039269 0.035199
2 0.297901 0.589801 0.039269 0.035199
2 0.276913 0.586191 0.039269 0.035199
2 0.251185 0.589801 0.039269 0.035199
2 0.231550 0.587094 0.039269 0.035199
2 0.361544 0.617780 0.039269 0.035199
2 0.336831 0.618231 0.039946 0.043321
2 0.308395 0.616426 0.039946 0.043321
2 0.292146 0.614621 0.039946 0.043321
2 0.259648 0.614621 0.039946 0.043321
2 0.241368 0.617329 0.039946 0.043321
2 0.222410 0.611913 0.039946 0.043321
2 0.204130 0.610108 0.039946 0.043321
2 0.183142 0.613718 0.039946 0.043321
2 0.158768 0.611913 0.039946 0.043321
2 0.140487 0.611913 0.039946 0.043321
2 0.116114 0.610108 0.039946 0.043321
2 0.093094 0.613267 0.037238 0.031588
2 0.072783 0.616877 0.037238 0.031588
2 0.056534 0.615072 0.037238 0.031588
2 0.038930 0.615975 0.037238 0.031588
2 0.018619 0.617780 0.035884 0.031588
2 0.289777 0.677347 0.047393 0.040614
2 0.257955 0.666516 0.047393 0.040614
2 0.217332 0.662004 0.047393 0.040614
2 0.189573 0.660199 0.047393 0.040614
2 0.188219 0.658394 0.047393 0.040614
<<<<<<< HEAD
2 0.693974 0.864170 0.066351 0.073105
2 0.735274 0.868682 0.062288 0.064079
2 0.786730 0.875903 0.062288 0.064079
2 0.830061 0.883123 0.062288 0.064079
2 0.890318 0.885830 0.062288 0.064079
2 0.927556 0.902527 0.071767 0.070397
2 0.425863 0.722924 0.051456 0.061372
2 0.450914 0.724729 0.051456 0.061372
2 0.485443 0.722924 0.051456 0.061372
2 0.484089 0.721119 0.051456 0.061372
=======
>>>>>>> zenki3
