2 0.436357 0.406137 0.035884 0.045126
2 0.473934 0.402076 0.036561 0.037004
2 0.506770 0.395758 0.033175 0.037004
2 0.494245 0.373646 0.033852 0.036101
2 0.397427 0.394856 0.039269 0.042419
2 0.333446 0.365975 0.029113 0.040614
2 0.366960 0.360108 0.025728 0.034296
2 0.397766 0.359206 0.026405 0.036101
2 0.424848 0.356047 0.027759 0.042419
2 0.452945 0.352888 0.027082 0.036101
2 0.573798 0.347924 0.061611 0.035199
2 0.589032 0.357401 0.039269 0.028881
2 0.609682 0.369134 0.044008 0.032491
<<<<<<< HEAD
2 0.572444 0.782942 0.084631 0.116426
2 0.657752 0.750000 0.094110 0.086643
2 0.724780 0.725181 0.102234 0.103791
2 0.714624 0.925090 0.137441 0.140794
2 0.806026 0.895758 0.155044 0.188628
2 0.900135 0.893953 0.155044 0.188628
2 0.396073 0.546029 0.111036 0.095668
2 0.693636 0.579422 0.091401 0.084838
2 0.649966 0.560018 0.069059 0.067690
2 0.624915 0.540162 0.069059 0.067690
2 0.593771 0.510379 0.069059 0.067690
2 0.564658 0.492329 0.069059 0.067690
2 0.308734 0.518051 0.074475 0.064982
2 0.387949 0.482401 0.059580 0.035199
2 0.016588 0.468863 0.031821 0.046029
2 0.072444 0.436372 0.051456 0.047834
2 0.129316 0.422834 0.051456 0.047834
2 0.163846 0.403881 0.051456 0.047834
2 0.225118 0.393953 0.050779 0.037004
2 0.141503 0.474278 0.056872 0.044224
2 0.171632 0.459386 0.049425 0.054152
2 0.248815 0.457581 0.049425 0.054152
2 0.274543 0.449458 0.049425 0.054152
2 0.317874 0.444043 0.049425 0.054152
2 0.348341 0.429603 0.049425 0.043321
2 0.208192 0.481949 0.049425 0.043321
2 0.638118 0.379061 0.049425 0.043321
=======
>>>>>>> zenki3
