2 0.373392 0.407942 0.042654 0.052347
2 0.536222 0.410650 0.024374 0.054152
2 0.611374 0.414260 0.024374 0.054152
2 0.730873 0.414260 0.037238 0.052347
2 0.841909 0.412455 0.044008 0.050542
2 0.983751 0.418321 0.024374 0.038809
2 0.836493 0.466606 0.050779 0.048736
2 0.810088 0.642148 0.085985 0.125451
2 0.422478 0.511282 0.052810 0.083935
2 0.432634 0.462545 0.043331 0.062274
2 0.377116 0.462545 0.043331 0.062274
2 0.364590 0.506769 0.046716 0.069495
2 0.274543 0.460289 0.052133 0.057762
2 0.246107 0.439531 0.052133 0.057762
2 0.230196 0.497292 0.069059 0.054152
2 0.163846 0.495036 0.066351 0.062274
2 0.077183 0.456679 0.036561 0.057762
