2 0.518957 0.740072 0.046716 0.048736
2 0.551794 0.741426 0.036561 0.038809
2 0.580230 0.749097 0.025728 0.050542
2 0.729519 0.777076 0.046716 0.048736
2 0.766757 0.777978 0.046716 0.048736
2 0.799255 0.783394 0.062965 0.066787
2 0.833108 0.788809 0.062965 0.066787
2 0.790454 0.575361 0.046716 0.047834
2 0.814150 0.584386 0.046716 0.047834
2 0.847326 0.583484 0.046716 0.047834
2 0.869668 0.581679 0.046716 0.047834
2 0.910968 0.584386 0.046716 0.047834
2 0.930603 0.582581 0.046716 0.047834
2 0.959039 0.590704 0.046716 0.047834
2 0.634733 0.649368 0.046716 0.047834
2 0.673324 0.630415 0.046716 0.047834
2 0.670616 0.651173 0.046716 0.047834
2 0.698375 0.632220 0.046716 0.047834
2 0.698375 0.658394 0.046716 0.047834
2 0.724103 0.632220 0.046716 0.047834
2 0.722749 0.658394 0.046716 0.047834
2 0.750508 0.668321 0.046716 0.047834
2 0.778944 0.637635 0.046716 0.047834
2 0.781652 0.678249 0.046716 0.047834
2 0.808734 0.651173 0.046716 0.047834
2 0.813473 0.672834 0.046716 0.047834
2 0.848341 0.681859 0.066351 0.055054
2 0.878131 0.679603 0.055518 0.052347
2 0.913338 0.683213 0.055518 0.052347
2 0.953961 0.698556 0.055518 0.052347
2 0.856466 0.645307 0.055518 0.052347
2 0.880162 0.648014 0.055518 0.052347
2 0.924171 0.768051 0.055518 0.052347
2 0.884225 0.767148 0.055518 0.052347
2 0.844279 0.751805 0.055518 0.052347
2 0.818551 0.749097 0.055518 0.052347
2 0.775897 0.739170 0.055518 0.052347
2 0.740691 0.736462 0.055518 0.052347
2 0.714286 0.720217 0.055518 0.052347
2 0.669601 0.718412 0.055518 0.052347
2 0.596479 0.715704 0.055518 0.052347
2 0.571429 0.710289 0.055518 0.052347
2 0.570074 0.708484 0.055518 0.052347
2 0.649289 0.568141 0.048747 0.042419
2 0.586662 0.630415 0.046716 0.047834
2 0.547393 0.643051 0.046716 0.047834
2 0.525728 0.639440 0.046716 0.047834
2 0.632024 0.569946 0.046716 0.047834
2 0.630670 0.568141 0.046716 0.047834
<<<<<<< HEAD
2 0.611036 0.754513 0.052133 0.059567
2 0.637441 0.758123 0.046716 0.054152
2 0.672647 0.761733 0.046716 0.054152
2 0.884225 0.806408 0.066351 0.074910
2 0.882871 0.920126 0.066351 0.074910
2 0.930941 0.929152 0.066351 0.074910
2 0.991537 0.837996 0.016926 0.056859
=======
>>>>>>> zenki3
