2 0.747123 0.449007 0.044008 0.035199
2 0.755247 0.436372 0.060257 0.035199
2 0.289777 0.392599 0.044685 0.039711
2 0.310765 0.390794 0.044685 0.039711
2 0.337170 0.382671 0.044685 0.039711
2 0.371022 0.428700 0.044685 0.039711
2 0.346649 0.425993 0.044685 0.039711
2 0.410968 0.376354 0.044685 0.039711
2 0.445498 0.374549 0.044685 0.039711
2 0.457007 0.372744 0.044685 0.039711
2 0.489506 0.368231 0.044685 0.039711
2 0.513879 0.366426 0.044685 0.039711
2 0.572783 0.383574 0.044685 0.039711
2 0.605958 0.383574 0.044685 0.039711
2 0.719025 0.397112 0.044685 0.039711
2 0.717671 0.395307 0.044685 0.039711
2 0.016588 0.462996 0.031821 0.032491
2 0.040284 0.462094 0.039946 0.036101
2 0.025389 0.505866 0.049425 0.040614
2 0.058226 0.505866 0.050102 0.040614
2 0.088016 0.486011 0.058226 0.044224
2 0.163846 0.482852 0.071767 0.032491
2 0.209208 0.507220 0.071767 0.032491
2 0.191605 0.474278 0.058226 0.044224
2 0.242722 0.400722 0.053487 0.030686
2 0.380162 0.380866 0.053487 0.030686
2 0.405213 0.432310 0.053487 0.030686
2 0.418754 0.402527 0.053487 0.030686
2 0.481720 0.400722 0.053487 0.030686
2 0.482735 0.501805 0.067705 0.057762
2 0.522343 0.510830 0.056195 0.041516
2 0.602234 0.461191 0.056195 0.041516
2 0.655721 0.433213 0.056195 0.041516
2 0.694990 0.479242 0.056195 0.041516
2 0.967840 0.501805 0.056195 0.041516
