2 0.598849 0.802798 0.057549 0.069495
2 0.551456 0.800993 0.057549 0.069495
2 0.731550 0.813628 0.057549 0.069495
2 0.778605 0.828520 0.070413 0.075812
2 0.885579 0.834838 0.070413 0.075812
2 0.941097 0.838448 0.070413 0.075812
2 0.979689 0.722022 0.036561 0.079422
2 0.939743 0.720217 0.036561 0.079422
2 0.894381 0.717509 0.046039 0.075812
2 0.800271 0.711191 0.046039 0.075812
2 0.754909 0.706679 0.046039 0.075812
2 0.710223 0.704874 0.046039 0.075812
2 0.666892 0.698556 0.046039 0.075812
2 0.624915 0.694043 0.046039 0.075812
2 0.588355 0.694043 0.046039 0.075812
2 0.549086 0.690433 0.046039 0.075812
2 0.516588 0.687726 0.046039 0.075812
2 0.479350 0.683213 0.046039 0.075812
2 0.451591 0.681408 0.046039 0.075812
2 0.412999 0.681408 0.046039 0.075812
2 0.377454 0.683213 0.050779 0.074007
2 0.256940 0.671480 0.050779 0.074007
2 0.231889 0.669675 0.050779 0.074007
2 0.196005 0.666968 0.050779 0.074007
2 0.163507 0.733755 0.050779 0.074007
2 0.960054 0.675993 0.039269 0.055957
2 0.911984 0.674188 0.039269 0.055957
2 0.867637 0.671480 0.049425 0.059567
2 0.823629 0.661552 0.049425 0.059567
2 0.780298 0.662455 0.049425 0.059567
2 0.740352 0.660650 0.049425 0.059567
2 0.694313 0.658845 0.049425 0.059567
2 0.660460 0.653430 0.049425 0.059567
2 0.627285 0.651625 0.049425 0.059567
2 0.581923 0.647112 0.049425 0.059567
2 0.555518 0.647112 0.049425 0.059567
2 0.554164 0.645307 0.049425 0.059567
2 0.513541 0.645307 0.049425 0.059567
2 0.484428 0.636282 0.049425 0.059567
2 0.450575 0.634477 0.049425 0.059567
2 0.422139 0.635379 0.049425 0.059567
2 0.389641 0.629964 0.049425 0.059567
2 0.361205 0.629061 0.049425 0.059567
2 0.334800 0.627256 0.049425 0.059567
2 0.298917 0.629964 0.049425 0.059567
2 0.272512 0.625451 0.049425 0.059567
2 0.245430 0.625451 0.049425 0.059567
2 0.149289 0.627256 0.049425 0.059567
2 0.987813 0.599729 0.023020 0.071300
2 0.957346 0.594314 0.041977 0.071300
2 0.916723 0.594314 0.041977 0.071300
2 0.869330 0.588899 0.041977 0.071300
2 0.832769 0.584386 0.041977 0.071300
2 0.791469 0.583484 0.041977 0.071300
2 0.752200 0.581679 0.041977 0.071300
2 0.719025 0.580776 0.041977 0.071300
2 0.682464 0.581679 0.041977 0.071300
2 0.643196 0.579874 0.041977 0.071300
2 0.616114 0.578069 0.041977 0.071300
2 0.575491 0.576264 0.041977 0.071300
2 0.549086 0.577166 0.041977 0.071300
2 0.511848 0.575361 0.041977 0.071300
2 0.490860 0.571751 0.041977 0.071300
2 0.459716 0.573556 0.041977 0.071300
2 0.426540 0.577166 0.041977 0.071300
2 0.396073 0.573556 0.041977 0.071300
2 0.368314 0.577166 0.041977 0.071300
2 0.343940 0.575361 0.041977 0.071300
2 0.315504 0.576264 0.041977 0.071300
2 0.222410 0.577166 0.046716 0.058664
2 0.197360 0.572653 0.046716 0.058664
2 0.171632 0.569043 0.046716 0.058664
2 0.147258 0.569043 0.046716 0.058664
2 0.113406 0.565433 0.052133 0.062274
2 0.094448 0.573105 0.039946 0.048736
2 0.072106 0.565884 0.039946 0.048736
2 0.055179 0.568592 0.039946 0.048736
2 0.027420 0.572202 0.039946 0.048736
2 0.252200 0.549639 0.039946 0.048736
2 0.227827 0.542419 0.039946 0.048736
2 0.204130 0.540614 0.039946 0.048736
2 0.321936 0.485108 0.052133 0.055054
2 0.032498 0.501805 0.033852 0.048736
2 0.052810 0.502708 0.033852 0.048736
2 0.080569 0.500903 0.033852 0.048736
2 0.096141 0.499097 0.033852 0.048736
2 0.121869 0.499097 0.033852 0.048736
2 0.144211 0.495487 0.033852 0.048736
2 0.166554 0.492780 0.033852 0.048736
2 0.182126 0.494585 0.033852 0.048736
2 0.203114 0.492780 0.033852 0.048736
2 0.245768 0.482852 0.033852 0.048736
2 0.227488 0.489170 0.033852 0.048736
2 0.275559 0.489170 0.033852 0.048736
2 0.290454 0.487365 0.033852 0.048736
2 0.457007 0.481047 0.033852 0.048736
2 0.485443 0.484657 0.033852 0.048736
2 0.511171 0.485560 0.033852 0.048736
2 0.541638 0.485560 0.033852 0.048736
2 0.568043 0.483755 0.033852 0.048736
2 0.595802 0.482852 0.033852 0.048736
2 0.624238 0.481047 0.033852 0.048736
2 0.655383 0.484657 0.033852 0.048736
2 0.684496 0.485560 0.040623 0.057762
2 0.712255 0.483755 0.040623 0.057762
2 0.746784 0.484657 0.040623 0.057762
2 0.783345 0.490975 0.040623 0.057762
2 0.815166 0.482852 0.040623 0.057762
2 0.846310 0.481047 0.040623 0.057762
2 0.882871 0.487365 0.040623 0.057762
2 0.919431 0.487365 0.040623 0.057762
2 0.955315 0.485560 0.040623 0.057762
2 0.976980 0.557762 0.040623 0.057762
2 0.932295 0.553249 0.040623 0.057762
2 0.897089 0.555054 0.040623 0.057762
2 0.857820 0.553249 0.040623 0.057762
2 0.812458 0.538809 0.040623 0.057762
2 0.779959 0.551444 0.040623 0.057762
2 0.744076 0.552347 0.040623 0.057762
2 0.707515 0.547834 0.040623 0.057762
2 0.674340 0.544224 0.040623 0.057762
2 0.641842 0.547834 0.040623 0.057762
2 0.614760 0.546029 0.040623 0.057762
2 0.571429 0.542419 0.040623 0.057762
2 0.550440 0.537906 0.040623 0.057762
2 0.515572 0.536552 0.037238 0.051444
2 0.476303 0.545578 0.037238 0.051444
2 0.453961 0.544675 0.037238 0.051444
2 0.427556 0.543773 0.037238 0.051444
2 0.406567 0.541968 0.037238 0.051444
2 0.378808 0.542870 0.037238 0.051444
2 0.350372 0.542870 0.037238 0.051444
2 0.349018 0.541065 0.037238 0.051444
