2 0.461408 0.561823 0.035884 0.080325
2 0.416046 0.560018 0.035884 0.080325
2 0.359851 0.560018 0.035884 0.080325
2 0.275897 0.566336 0.035884 0.080325
2 0.087678 0.576264 0.035884 0.080325
2 0.022004 0.539260 0.035884 0.080325
2 0.066689 0.529783 0.046716 0.081227
2 0.114083 0.530686 0.046716 0.081227
2 0.159445 0.527076 0.046716 0.081227
2 0.199391 0.523466 0.046716 0.081227
2 0.246784 0.518953 0.046716 0.081227
2 0.288084 0.518051 0.046716 0.081227
2 0.334800 0.516245 0.046716 0.081227
2 0.377454 0.520758 0.046716 0.081227
2 0.429587 0.503610 0.046716 0.081227
2 0.469533 0.509928 0.046716 0.081227
2 0.607651 0.537906 0.046716 0.081227
2 0.609005 0.656137 0.046716 0.081227
2 0.610359 0.496390 0.046716 0.081227
2 0.611036 0.430505 0.046716 0.081227
2 0.609682 0.381769 0.046716 0.081227
2 0.483751 0.438628 0.039946 0.068592
2 0.441774 0.435018 0.039946 0.068592
2 0.404536 0.433213 0.039946 0.068592
2 0.363236 0.436823 0.039946 0.068592
2 0.319905 0.439531 0.039946 0.068592
2 0.281991 0.440433 0.039946 0.068592
2 0.244076 0.447653 0.039946 0.068592
2 0.200068 0.450361 0.039946 0.068592
2 0.120853 0.453971 0.039946 0.068592
2 0.079553 0.460289 0.039946 0.068592
2 0.044347 0.454874 0.039946 0.068592
2 0.022004 0.426895 0.039946 0.068592
2 0.058565 0.421480 0.039946 0.068592
2 0.097156 0.420578 0.039946 0.068592
2 0.135071 0.413357 0.039946 0.068592
2 0.177725 0.409747 0.039946 0.068592
2 0.214286 0.407942 0.039946 0.068592
2 0.250846 0.406137 0.039946 0.068592
2 0.287407 0.404332 0.039946 0.068592
2 0.328030 0.402527 0.039946 0.068592
2 0.370007 0.400722 0.039946 0.068592
2 0.406567 0.398917 0.039946 0.068592
2 0.477657 0.395307 0.039946 0.068592
2 0.420785 0.336643 0.039946 0.068592
2 0.379147 0.331227 0.035206 0.061372
2 0.351388 0.332130 0.035206 0.061372
2 0.312119 0.333032 0.035206 0.061372
2 0.274882 0.340253 0.035206 0.061372
2 0.238321 0.343863 0.035206 0.061372
2 0.203791 0.342058 0.035206 0.061372
2 0.163846 0.343863 0.035206 0.061372
2 0.134056 0.344765 0.035206 0.061372
2 0.098172 0.348375 0.035206 0.061372
2 0.062288 0.349278 0.035206 0.061372
2 0.026405 0.353791 0.035206 0.061372
2 0.025051 0.351986 0.035206 0.061372
2 0.047393 0.581679 0.051456 0.080325
2 0.157414 0.457130 0.048070 0.056859
2 0.139472 0.578971 0.054164 0.078520
2 0.186865 0.579874 0.054164 0.078520
2 0.232227 0.575361 0.054164 0.078520
2 0.318890 0.569043 0.040623 0.074910
2 0.083277 0.697202 0.059580 0.073105
2 0.142857 0.693592 0.059580 0.073105
2 0.186865 0.691787 0.059580 0.073105
2 0.237305 0.685921 0.052133 0.084838
2 0.289438 0.693141 0.057549 0.075812
2 0.340894 0.685921 0.057549 0.075812
2 0.399458 0.675090 0.048747 0.066787
