2 0.556859 0.784360 0.106498 0.094110
2 0.669675 0.785714 0.104693 0.076506
2 0.726986 0.947529 0.123646 0.091401
2 0.915614 0.924848 0.150722 0.086662
2 0.971570 0.907244 0.056859 0.092079
2 0.853339 0.769465 0.118231 0.077861
2 0.940884 0.754570 0.118231 0.077861
2 0.796029 0.562627 0.070397 0.040623
2 0.732852 0.557888 0.070397 0.040623
2 0.668773 0.557211 0.070397 0.040623
2 0.615523 0.566012 0.070397 0.040623
2 0.488267 0.564658 0.070397 0.040623
2 0.123646 0.593094 0.070397 0.040623
2 0.046480 0.524035 0.067690 0.047393
2 0.197202 0.486798 0.096570 0.032498
2 0.273917 0.477996 0.096570 0.032498
2 0.333484 0.470548 0.096570 0.032498
2 0.393953 0.463778 0.096570 0.032498
2 0.496841 0.449560 0.096570 0.032498
2 0.618682 0.401828 0.076715 0.026405
2 0.757220 0.390657 0.046931 0.021666
2 0.617329 0.488829 0.079422 0.035206
2 0.869585 0.428910 0.065884 0.027759
2 0.845668 0.450237 0.054152 0.035206
2 0.878159 0.473257 0.054152 0.035206
2 0.913357 0.504401 0.054152 0.035206
2 0.954422 0.538253 0.060469 0.041977
