2 0.019634 0.873195 0.037915 0.076715
2 0.075491 0.865975 0.038592 0.076715
2 0.126947 0.854242 0.038592 0.076715
2 0.122884 0.799188 0.038592 0.076715
2 0.078876 0.804603 0.038592 0.076715
2 0.026066 0.819946 0.038592 0.076715
2 0.020650 0.745939 0.038592 0.076715
2 0.064658 0.736011 0.038592 0.076715
2 0.107312 0.734206 0.038592 0.076715
2 0.019634 0.697202 0.037915 0.076715
2 0.014895 0.629061 0.028436 0.063177
2 0.101896 0.680505 0.029113 0.063177
2 0.267773 0.766245 0.029113 0.063177
2 0.361205 0.771209 0.039946 0.062274
2 0.401151 0.769404 0.039946 0.062274
2 0.422139 0.803700 0.039946 0.062274
2 0.457346 0.801895 0.039946 0.062274
2 0.443805 0.752256 0.039946 0.062274
2 0.250169 0.709838 0.039946 0.062274
2 0.229181 0.670126 0.039946 0.062274
2 0.290115 0.603339 0.039946 0.062274
2 0.319905 0.601534 0.039946 0.062274
2 0.395735 0.590704 0.039946 0.062274
2 0.421462 0.587094 0.039946 0.062274
2 0.451930 0.585289 0.039946 0.062274
2 0.369330 0.689079 0.039946 0.062274
2 0.409276 0.682762 0.046716 0.067690
2 0.445836 0.684567 0.046716 0.067690
2 0.355789 0.654783 0.046716 0.067690
2 0.390318 0.652076 0.046716 0.067690
2 0.427217 0.642599 0.039269 0.052347
2 0.425863 0.640794 0.039269 0.052347
2 0.294854 0.702617 0.038592 0.062274
2 0.329384 0.695397 0.038592 0.062274
2 0.310088 0.783394 0.054164 0.064982
2 0.283006 0.822202 0.058226 0.093863
2 0.335477 0.822202 0.046716 0.093863
2 0.380162 0.819495 0.046716 0.081227
2 0.461408 0.909747 0.046716 0.081227
2 0.416723 0.921029 0.053487 0.078520
2 0.313812 0.936372 0.053487 0.078520
2 0.028436 0.981047 0.055518 0.037906
