2 0.811781 0.644404 0.029790 0.045126
2 0.781313 0.647112 0.029790 0.045126
2 0.752877 0.641697 0.029790 0.045126
2 0.721733 0.635379 0.029790 0.045126
2 0.531483 0.621841 0.029790 0.045126
2 0.810427 0.594765 0.029790 0.045126
2 0.782668 0.592960 0.029790 0.045126
2 0.755586 0.590253 0.029790 0.045126
2 0.728504 0.590253 0.029790 0.045126
2 0.702776 0.592058 0.029790 0.045126
2 0.678402 0.585740 0.029790 0.045126
2 0.649289 0.585740 0.029790 0.045126
2 0.628301 0.584838 0.029790 0.045126
2 0.579553 0.580325 0.029790 0.045126
2 0.553148 0.578520 0.029790 0.045126
2 0.532837 0.576715 0.029790 0.045126
2 0.512525 0.577617 0.029790 0.045126
2 0.490183 0.576715 0.029790 0.045126
2 0.463439 0.560469 0.025051 0.037906
2 0.481043 0.561372 0.025051 0.037906
2 0.808734 0.570848 0.027759 0.031588
2 0.786391 0.568141 0.027759 0.031588
2 0.760664 0.564531 0.027759 0.031588
2 0.734259 0.565433 0.027759 0.031588
2 0.711916 0.565433 0.027759 0.031588
2 0.688219 0.563628 0.027759 0.031588
2 0.659783 0.562274 0.026405 0.032491
2 0.636087 0.560469 0.026405 0.032491
2 0.611036 0.558664 0.026405 0.032491
2 0.592079 0.556859 0.026405 0.032491
2 0.812796 0.543321 0.026405 0.032491
2 0.791131 0.539711 0.026405 0.032491
2 0.738659 0.537004 0.025728 0.034296
2 0.716317 0.537004 0.025728 0.034296
2 0.693974 0.531588 0.025728 0.034296
2 0.672986 0.532491 0.025728 0.034296
2 0.652674 0.530686 0.025728 0.034296
2 0.631686 0.534296 0.025728 0.034296
2 0.590386 0.534296 0.025728 0.034296
2 0.568043 0.532491 0.025728 0.034296
2 0.528097 0.528881 0.025728 0.034296
2 0.507786 0.531588 0.025728 0.034296
2 0.494245 0.524368 0.025728 0.034296
2 0.803656 0.490072 0.025728 0.034296
2 0.779959 0.491877 0.025728 0.034296
2 0.762356 0.490072 0.025728 0.034296
2 0.744076 0.490975 0.025728 0.034296
2 0.723087 0.487365 0.025728 0.034296
2 0.699391 0.493682 0.025728 0.034296
2 0.681787 0.487365 0.025728 0.034296
2 0.656060 0.488267 0.025728 0.034296
2 0.641842 0.486462 0.018957 0.023466
2 0.620176 0.489621 0.018957 0.031588
2 0.603250 0.487816 0.018957 0.031588
2 0.587678 0.486011 0.018957 0.031588
2 0.570752 0.484206 0.018957 0.031588
2 0.552471 0.484206 0.018957 0.031588
2 0.535545 0.483303 0.018957 0.031588
2 0.516588 0.486913 0.018957 0.031588
2 0.427217 0.485108 0.018957 0.031588
2 0.408937 0.483303 0.018957 0.031588
2 0.392688 0.486011 0.018957 0.031588
2 0.380501 0.484206 0.018957 0.031588
2 0.366283 0.486913 0.018957 0.031588
2 0.350711 0.484206 0.018957 0.031588
2 0.337847 0.486913 0.018957 0.031588
2 0.325660 0.485108 0.018957 0.031588
2 0.308057 0.485108 0.018957 0.031588
2 0.294516 0.484206 0.018957 0.031588
2 0.266080 0.486913 0.018957 0.031588
2 0.237644 0.491426 0.018957 0.031588
2 0.221395 0.489621 0.018957 0.031588
2 0.220041 0.487816 0.018957 0.031588
