2 0.057549 0.521209 0.033852 0.060469
2 0.099526 0.517148 0.032498 0.048736
2 0.127962 0.515343 0.032498 0.048736
2 0.167231 0.512635 0.032498 0.048736
2 0.197021 0.510830 0.032498 0.048736
2 0.227488 0.506318 0.032498 0.048736
2 0.268111 0.504513 0.032498 0.048736
2 0.304672 0.505415 0.032498 0.048736
2 0.337170 0.503610 0.032498 0.048736
2 0.368314 0.501805 0.032498 0.048736
2 0.406906 0.500000 0.032498 0.048736
2 0.440081 0.500000 0.032498 0.048736
2 0.476303 0.489621 0.031821 0.062274
2 0.507448 0.489621 0.031821 0.062274
2 0.547393 0.489621 0.031821 0.062274
2 0.588693 0.485108 0.031821 0.062274
2 0.621192 0.483303 0.031821 0.062274
2 0.653013 0.479693 0.031821 0.062274
2 0.691605 0.477888 0.031821 0.062274
2 0.730196 0.476986 0.031821 0.062274
2 0.764726 0.474278 0.031821 0.062274
2 0.801286 0.472473 0.031821 0.062274
2 0.843263 0.472473 0.031821 0.062274
2 0.877116 0.459838 0.031821 0.062274
2 0.920447 0.458032 0.031821 0.062274
2 0.954976 0.458032 0.031821 0.062274
2 0.956330 0.518502 0.031821 0.062274
2 0.915369 0.532942 0.033852 0.047834
2 0.872715 0.535650 0.033852 0.047834
2 0.832092 0.533845 0.033852 0.047834
2 0.790792 0.536552 0.033852 0.047834
2 0.749492 0.540162 0.033852 0.047834
2 0.708869 0.541968 0.033852 0.047834
2 0.669601 0.542870 0.033852 0.047834
2 0.632363 0.547383 0.033852 0.047834
2 0.593094 0.550090 0.033852 0.047834
2 0.554502 0.550090 0.033852 0.047834
2 0.515234 0.555505 0.033852 0.047834
2 0.477319 0.558213 0.033852 0.047834
2 0.438727 0.562726 0.033852 0.047834
2 0.396750 0.566336 0.033852 0.047834
2 0.363575 0.568141 0.033852 0.047834
2 0.326337 0.572653 0.033852 0.047834
2 0.280975 0.575361 0.033852 0.047834
2 0.248477 0.573556 0.033852 0.047834
2 0.207854 0.576264 0.033852 0.047834
2 0.167908 0.581679 0.033852 0.047834
2 0.123900 0.581679 0.033852 0.047834
2 0.092079 0.585289 0.033852 0.047834
2 0.053487 0.584386 0.033852 0.047834
2 0.067028 0.615975 0.033852 0.047834
2 0.103588 0.618682 0.033852 0.047834
2 0.180772 0.621390 0.033852 0.047834
2 0.219364 0.617329 0.037915 0.063177
2 0.264049 0.612816 0.037915 0.063177
2 0.301286 0.611011 0.037915 0.063177
2 0.336493 0.609206 0.037915 0.063177
2 0.381855 0.608303 0.037915 0.063177
2 0.412322 0.606498 0.037915 0.063177
2 0.458362 0.604693 0.037915 0.063177
2 0.505078 0.605596 0.037915 0.063177
2 0.547055 0.593863 0.037915 0.063177
2 0.576168 0.588448 0.037915 0.063177
2 0.625592 0.594765 0.037915 0.063177
2 0.666215 0.591155 0.037915 0.063177
2 0.713609 0.589350 0.037915 0.063177
2 0.750846 0.587545 0.037915 0.063177
2 0.800271 0.585740 0.037915 0.063177
2 0.843602 0.589350 0.037915 0.063177
2 0.886256 0.570397 0.037915 0.063177
2 0.922817 0.571300 0.037915 0.063177
2 0.967502 0.564079 0.037915 0.063177
2 0.950575 0.641697 0.037915 0.063177
2 0.966148 0.699458 0.037915 0.063177
2 0.905213 0.658845 0.037915 0.063177
2 0.859851 0.657040 0.037915 0.063177
2 0.864590 0.703971 0.037915 0.063177
2 0.863236 0.702166 0.037915 0.063177
2 0.808395 0.664711 0.032498 0.051444
2 0.810427 0.710740 0.039269 0.073105
2 0.766418 0.704422 0.039269 0.073105
2 0.754232 0.654783 0.039269 0.073105
2 0.710223 0.655686 0.039269 0.073105
2 0.713609 0.709838 0.039269 0.073105
2 0.671632 0.670126 0.039269 0.073105
2 0.666215 0.709838 0.039269 0.073105
2 0.622207 0.671029 0.039269 0.073105
2 0.615437 0.707130 0.039269 0.073105
2 0.574137 0.669224 0.039269 0.073105
2 0.568043 0.717960 0.039269 0.073105
2 0.532160 0.670126 0.039269 0.073105
2 0.519973 0.721570 0.039269 0.073105
2 0.488829 0.682762 0.039269 0.073105
2 0.474611 0.719765 0.039269 0.073105
2 0.445159 0.678700 0.038592 0.066787
2 0.428910 0.724729 0.038592 0.066787
2 0.397766 0.690433 0.038592 0.066787
2 0.330061 0.729242 0.038592 0.066787
2 0.354435 0.690433 0.038592 0.066787
2 0.307718 0.693141 0.038592 0.066787
2 0.262356 0.690433 0.038592 0.066787
2 0.220379 0.689531 0.038592 0.066787
2 0.172986 0.690433 0.038592 0.066787
2 0.138456 0.688628 0.038592 0.066787
2 0.092417 0.697653 0.038592 0.066787
2 0.038930 0.695848 0.038592 0.066787
2 0.449898 0.846570 0.038592 0.066787
2 0.502708 0.844765 0.038592 0.066787
2 0.556872 0.842058 0.038592 0.066787
2 0.606297 0.835740 0.038592 0.066787
2 0.664523 0.834838 0.038592 0.066787
2 0.724103 0.835740 0.038592 0.066787
2 0.775559 0.831227 0.038592 0.066787
2 0.827691 0.833032 0.038592 0.066787
2 0.888626 0.832130 0.038592 0.066787
2 0.945498 0.818592 0.038592 0.066787
2 0.944144 0.816787 0.038592 0.066787
2 0.027082 0.624097 0.044685 0.067690
2 0.145904 0.620487 0.045362 0.056859
2 0.022004 0.748646 0.042654 0.067690
2 0.059580 0.752708 0.051456 0.074007
2 0.107312 0.750903 0.052133 0.074007
2 0.153351 0.738718 0.054841 0.082130
2 0.194651 0.741426 0.054841 0.082130
2 0.244753 0.736913 0.054841 0.082130
2 0.286730 0.743231 0.054841 0.082130
2 0.044685 0.861462 0.064997 0.076715
2 0.393026 0.852437 0.050779 0.074910
