2 0.461747 0.674188 0.063643 0.106498
2 0.518619 0.659747 0.063643 0.106498
2 0.587678 0.666065 0.063643 0.106498
2 0.650643 0.665162 0.063643 0.106498
2 0.899797 0.656137 0.063643 0.106498
2 0.957346 0.666968 0.063643 0.106498
2 0.805010 0.312274 0.041977 0.081227
2 0.771835 0.302347 0.041977 0.081227
2 0.740014 0.300542 0.041977 0.081227
2 0.698037 0.300542 0.041977 0.081227
2 0.655383 0.301444 0.041977 0.081227
2 0.618145 0.302347 0.041977 0.081227
2 0.551794 0.300542 0.041977 0.081227
2 0.467163 0.297834 0.041977 0.081227
2 0.617468 0.382671 0.044685 0.059567
2 0.658091 0.379061 0.044685 0.059567
2 0.656737 0.377256 0.044685 0.059567
