2 0.540614 0.589370 0.088448 0.041300
2 0.589350 0.579215 0.088448 0.041300
2 0.628159 0.569059 0.088448 0.041300
2 0.850181 0.532498 0.088448 0.041300
2 0.905235 0.516926 0.102888 0.039946
2 0.948556 0.502708 0.102888 0.039946
2 0.967960 0.451253 0.064079 0.038592
2 0.851083 0.471903 0.090253 0.037915
2 0.879964 0.458362 0.090253 0.037915
2 0.901625 0.459716 0.090253 0.037915
2 0.946751 0.458362 0.090253 0.037915
2 0.354693 0.549763 0.090253 0.037915
2 0.352888 0.548409 0.090253 0.037915
<<<<<<< HEAD
2 0.220217 0.575829 0.108303 0.044008
2 0.265343 0.569736 0.108303 0.044008
2 0.324007 0.559580 0.108303 0.044008
2 0.405235 0.540623 0.108303 0.044008
2 0.464801 0.535884 0.108303 0.044008
2 0.188628 0.654367 0.090253 0.033175
2 0.248646 0.638456 0.111011 0.033852
2 0.315433 0.624238 0.111011 0.033852
2 0.367780 0.616114 0.111011 0.033852
2 0.424639 0.605958 0.111011 0.033852
2 0.476083 0.598510 0.111011 0.033852
2 0.533845 0.580230 0.111011 0.033852
2 0.736913 0.548747 0.076715 0.019634
2 0.735108 0.547393 0.076715 0.019634
2 0.780235 0.541638 0.092960 0.025728
2 0.476534 0.538930 0.101083 0.043331
2 0.506318 0.530806 0.101083 0.043331
2 0.546029 0.524712 0.101083 0.043331
2 0.599278 0.513202 0.101083 0.043331
2 0.716606 0.496953 0.101083 0.043331
2 0.758123 0.491537 0.101083 0.043331
2 0.822653 0.482735 0.100181 0.040623
=======
>>>>>>> zenki3
