2 0.026405 0.039260 0.039269 0.046029
2 0.064997 0.037455 0.039269 0.046029
2 0.110359 0.035650 0.039269 0.046029
2 0.155721 0.033845 0.039269 0.046029
2 0.185511 0.033845 0.039269 0.046029
2 0.229519 0.038357 0.039269 0.046029
2 0.272850 0.037455 0.039269 0.046029
2 0.313473 0.035650 0.039269 0.046029
2 0.354773 0.033845 0.039269 0.046029
2 0.392688 0.035650 0.039269 0.046029
2 0.430603 0.036552 0.039269 0.046029
2 0.473257 0.034747 0.039269 0.046029
2 0.508463 0.032942 0.039269 0.046029
2 0.561273 0.031137 0.039269 0.046029
2 0.640487 0.026625 0.039269 0.046029
2 0.599865 0.030235 0.039269 0.046029
2 0.675694 0.031137 0.039269 0.046029
2 0.720379 0.029332 0.039269 0.046029
2 0.761002 0.024819 0.039269 0.046029
2 0.809749 0.025722 0.039269 0.046029
2 0.842248 0.023917 0.039269 0.046029
2 0.922817 0.028430 0.039269 0.046029
2 0.943805 0.062726 0.039269 0.046029
2 0.859851 0.066336 0.044685 0.067690
2 0.908599 0.068141 0.044685 0.067690
2 0.815843 0.061823 0.044685 0.067690
2 0.734597 0.065433 0.044685 0.067690
2 0.692620 0.072653 0.044685 0.067690
2 0.648612 0.078971 0.044685 0.067690
2 0.613406 0.077166 0.044685 0.067690
2 0.566012 0.076264 0.044685 0.067690
2 0.516588 0.078069 0.044685 0.067690
2 0.479350 0.074458 0.044685 0.067690
2 0.437373 0.075361 0.044685 0.067690
2 0.392688 0.074458 0.044685 0.067690
2 0.351388 0.075361 0.044685 0.067690
2 0.309411 0.076264 0.044685 0.067690
2 0.266080 0.077166 0.044685 0.067690
2 0.222072 0.075361 0.044685 0.067690
2 0.178741 0.085289 0.044685 0.067690
2 0.133378 0.086191 0.044685 0.067690
2 0.096141 0.084386 0.044685 0.067690
2 0.046039 0.081679 0.044685 0.067690
2 0.034529 0.206227 0.044685 0.067690
2 0.044685 0.165614 0.044685 0.067690
2 0.074475 0.208032 0.044685 0.067690
2 0.095464 0.167419 0.044685 0.067690
2 0.125254 0.216155 0.044685 0.067690
2 0.143196 0.169675 0.038592 0.064982
2 0.170278 0.206679 0.038592 0.064982
2 0.191266 0.164260 0.038592 0.064982
2 0.219702 0.212094 0.038592 0.064982
2 0.237982 0.167870 0.038592 0.064982
2 0.290115 0.160650 0.038592 0.064982
2 0.275897 0.201264 0.038592 0.064982
2 0.325322 0.156137 0.038592 0.064982
2 0.320582 0.205776 0.038592 0.064982
2 0.372038 0.156137 0.038592 0.064982
2 0.370684 0.211191 0.038592 0.064982
2 0.420108 0.153430 0.038592 0.064982
2 0.416723 0.210289 0.038592 0.064982
2 0.460731 0.166968 0.038592 0.064982
2 0.465471 0.203971 0.038592 0.064982
2 0.464116 0.202166 0.038592 0.064982
2 0.511510 0.163357 0.038592 0.064982
2 0.508125 0.196751 0.034529 0.055957
2 0.556872 0.164260 0.034529 0.055957
2 0.563643 0.203069 0.037238 0.075812
2 0.611713 0.157942 0.037238 0.075812
2 0.608328 0.195848 0.037238 0.075812
2 0.659783 0.160650 0.037238 0.075812
2 0.658429 0.206679 0.037238 0.075812
2 0.709208 0.156137 0.037238 0.075812
2 0.707854 0.197653 0.037238 0.075812
2 0.744414 0.138087 0.037238 0.075812
2 0.757955 0.199458 0.037238 0.075812
2 0.793839 0.150722 0.037238 0.075812
2 0.845295 0.151625 0.037238 0.075812
2 0.852742 0.203069 0.037238 0.075812
2 0.904198 0.199458 0.037238 0.075812
2 0.886594 0.149819 0.037238 0.075812
2 0.683480 0.314079 0.037238 0.075812
2 0.625931 0.318592 0.037238 0.075812
2 0.576506 0.322202 0.037238 0.075812
2 0.525728 0.320397 0.037238 0.075812
2 0.416046 0.325812 0.037238 0.075812
2 0.357820 0.326715 0.037238 0.075812
2 0.303656 0.324910 0.037238 0.075812
2 0.244753 0.325812 0.037238 0.075812
2 0.243399 0.324007 0.037238 0.075812
<<<<<<< HEAD
2 0.735274 0.317690 0.051456 0.081227
2 0.786053 0.316787 0.051456 0.081227
2 0.840894 0.313177 0.051456 0.081227
2 0.901828 0.325361 0.056872 0.069495
2 0.955315 0.323556 0.056872 0.069495
2 0.959039 0.196300 0.046716 0.083935
2 0.809411 0.202617 0.046716 0.083935
=======
>>>>>>> zenki3
