2 0.812458 0.647563 0.028436 0.042419
2 0.779282 0.645758 0.028436 0.042419
2 0.749492 0.643051 0.028436 0.042419
2 0.722410 0.639440 0.028436 0.042419
2 0.528097 0.618682 0.028436 0.042419
2 0.489506 0.578069 0.028436 0.042419
2 0.506432 0.576264 0.028436 0.042419
2 0.528775 0.579874 0.028436 0.042419
2 0.550440 0.578069 0.028436 0.042419
2 0.571429 0.578971 0.028436 0.042419
2 0.647935 0.585289 0.028436 0.042419
2 0.672309 0.584386 0.028436 0.042419
2 0.700745 0.586191 0.028436 0.042419
2 0.729858 0.589801 0.028436 0.042419
2 0.754909 0.589801 0.028436 0.042419
2 0.786053 0.594314 0.028436 0.042419
2 0.810427 0.594314 0.028436 0.042419
2 0.810765 0.565433 0.025051 0.037004
2 0.786391 0.564531 0.025051 0.037004
2 0.761341 0.562726 0.025051 0.037004
2 0.734259 0.562726 0.025051 0.037004
2 0.707854 0.566336 0.025051 0.037004
2 0.681449 0.567238 0.025051 0.037004
2 0.659106 0.564531 0.025051 0.037004
2 0.636087 0.559116 0.025051 0.037004
2 0.613744 0.557310 0.025051 0.037004
2 0.586662 0.557310 0.025051 0.037004
2 0.564997 0.556408 0.025051 0.037004
2 0.466825 0.556408 0.025051 0.037004
2 0.476303 0.558213 0.025051 0.037004
2 0.471564 0.528430 0.025051 0.037004
2 0.489167 0.527527 0.025051 0.037004
2 0.507448 0.527527 0.025051 0.037004
2 0.523697 0.530235 0.025051 0.037004
2 0.563643 0.528430 0.025051 0.037004
2 0.585308 0.529332 0.025051 0.037004
2 0.627962 0.534747 0.025051 0.037004
2 0.615098 0.518502 0.025051 0.037004
2 0.649628 0.532942 0.025051 0.037004
2 0.669262 0.533845 0.025051 0.037004
2 0.693636 0.532942 0.025051 0.037004
2 0.716655 0.536552 0.025051 0.037004
2 0.738321 0.536552 0.025051 0.037004
2 0.786391 0.537455 0.025051 0.037004
2 0.810765 0.538357 0.025051 0.037004
2 0.766080 0.527527 0.025051 0.037004
2 0.829045 0.494134 0.025051 0.037004
2 0.803318 0.492329 0.025051 0.037004
2 0.783683 0.490523 0.025051 0.037004
2 0.764726 0.490523 0.025051 0.037004
2 0.738321 0.486011 0.025051 0.037004
2 0.724103 0.486011 0.025051 0.037004
2 0.697021 0.487816 0.025051 0.037004
2 0.682803 0.486011 0.025051 0.037004
2 0.660460 0.486011 0.025051 0.037004
2 0.639472 0.484206 0.025051 0.037004
2 0.625254 0.484206 0.025051 0.037004
2 0.604942 0.488718 0.025051 0.037004
2 0.586662 0.484206 0.025051 0.037004
2 0.568382 0.486913 0.025051 0.037004
2 0.553487 0.485108 0.025051 0.037004
2 0.536561 0.483303 0.025051 0.037004
2 0.522343 0.483303 0.025051 0.037004
2 0.428910 0.479693 0.025051 0.037004
2 0.408599 0.484206 0.025051 0.037004
2 0.392349 0.485108 0.025051 0.037004
2 0.378131 0.483303 0.025051 0.037004
2 0.401151 0.504061 0.025051 0.037004
2 0.399797 0.502256 0.025051 0.037004
<<<<<<< HEAD
2 0.064997 0.476986 0.027082 0.022563
=======
>>>>>>> zenki3
