2 0.411984 0.640794 0.031821 0.052347
2 0.509817 0.625000 0.032498 0.053249
2 0.538253 0.622292 0.032498 0.053249
2 0.572783 0.622292 0.032498 0.053249
2 0.607312 0.618682 0.032498 0.053249
2 0.641842 0.615072 0.032498 0.053249
2 0.798917 0.606949 0.032498 0.053249
2 0.829384 0.602437 0.032498 0.053249
2 0.866622 0.600632 0.032498 0.053249
2 0.897766 0.597924 0.032498 0.053249
2 0.927556 0.597022 0.032498 0.053249
2 0.957346 0.597022 0.032498 0.053249
2 0.696005 0.552798 0.032498 0.053249
2 0.721056 0.550993 0.032498 0.053249
2 0.775220 0.547383 0.032498 0.053249
2 0.798917 0.550090 0.032498 0.053249
2 0.828707 0.548285 0.032498 0.053249
2 0.860528 0.546480 0.032498 0.053249
2 0.886933 0.545578 0.032498 0.053249
2 0.909276 0.545578 0.032498 0.053249
2 0.983751 0.542870 0.032498 0.053249
2 0.982397 0.541065 0.032498 0.053249
