2 0.022004 0.407040 0.038592 0.072202
2 0.048409 0.404332 0.038592 0.072202
2 0.095125 0.400722 0.038592 0.072202
2 0.127624 0.398917 0.038592 0.072202
2 0.172986 0.398014 0.038592 0.072202
2 0.199391 0.396209 0.038592 0.072202
2 0.241368 0.396209 0.038592 0.072202
2 0.280636 0.391697 0.038592 0.072202
2 0.314489 0.389892 0.038592 0.072202
2 0.343602 0.395307 0.038592 0.072202
2 0.384902 0.393502 0.038592 0.072202
2 0.659106 0.391697 0.038592 0.072202
2 0.697698 0.389892 0.038592 0.072202
2 0.801963 0.391697 0.038592 0.072202
2 0.820921 0.389892 0.038592 0.072202
2 0.599526 0.447653 0.038592 0.072202
2 0.613067 0.496390 0.038592 0.072202
2 0.642180 0.453971 0.038592 0.072202
2 0.658429 0.491877 0.038592 0.072202
2 0.675355 0.463899 0.038592 0.072202
2 0.694990 0.490072 0.038592 0.072202
2 0.716655 0.455776 0.038592 0.072202
2 0.732227 0.487365 0.038592 0.072202
2 0.755924 0.454874 0.038592 0.072202
2 0.776236 0.491877 0.038592 0.072202
2 0.793839 0.455776 0.038592 0.072202
2 0.818890 0.493682 0.038592 0.072202
2 0.831754 0.456679 0.038592 0.072202
2 0.820921 0.604693 0.038592 0.072202
2 0.806026 0.569495 0.038592 0.072202
2 0.781652 0.612816 0.038592 0.072202
2 0.764049 0.574007 0.038592 0.072202
2 0.726811 0.572202 0.038592 0.072202
2 0.674678 0.567690 0.038592 0.072202
2 0.632701 0.560469 0.038592 0.072202
2 0.642857 0.617329 0.038592 0.072202
2 0.710562 0.722022 0.038592 0.072202
2 0.806703 0.719314 0.038592 0.072202
2 0.489167 0.613718 0.038592 0.072202
2 0.490521 0.569495 0.038592 0.072202
2 0.487136 0.510830 0.038592 0.072202
2 0.479012 0.466606 0.038592 0.072202
2 0.440420 0.460289 0.038592 0.072202
2 0.441097 0.500903 0.038592 0.072202
2 0.446513 0.559567 0.038592 0.072202
2 0.449898 0.722924 0.038592 0.072202
2 0.444482 0.623646 0.038592 0.072202
2 0.443128 0.621841 0.038592 0.072202
2 0.389303 0.631318 0.036561 0.078520
2 0.399458 0.740523 0.036561 0.078520
2 0.343263 0.742329 0.036561 0.078520
2 0.280298 0.743231 0.036561 0.078520
2 0.061611 0.754964 0.036561 0.078520
2 0.018280 0.751354 0.035206 0.078520
2 0.345295 0.634025 0.036561 0.078520
2 0.301286 0.632220 0.036561 0.078520
2 0.253216 0.632220 0.036561 0.078520
2 0.199729 0.639440 0.036561 0.078520
2 0.347326 0.575361 0.036561 0.078520
2 0.310088 0.576264 0.036561 0.078520
2 0.259986 0.578971 0.036561 0.078520
2 0.213947 0.578971 0.036561 0.078520
2 0.171970 0.581679 0.036561 0.078520
2 0.117129 0.582581 0.036561 0.078520
2 0.072444 0.580776 0.036561 0.078520
2 0.020311 0.579874 0.036561 0.078520
2 0.018280 0.504964 0.035206 0.078520
2 0.063643 0.505866 0.036561 0.078520
2 0.072444 0.467058 0.036561 0.078520
2 0.100542 0.497744 0.037238 0.078520
2 0.110359 0.474278 0.036561 0.078520
2 0.150982 0.503159 0.036561 0.078520
2 0.150305 0.462545 0.036561 0.078520
2 0.192959 0.503159 0.036561 0.078520
2 0.192282 0.457130 0.036561 0.078520
2 0.226134 0.488718 0.036561 0.078520
2 0.244414 0.466155 0.036561 0.078520
2 0.273527 0.495939 0.036561 0.078520
2 0.278267 0.457130 0.036561 0.078520
2 0.311442 0.486011 0.036561 0.078520
2 0.322952 0.458032 0.036561 0.078520
2 0.354096 0.492329 0.036561 0.078520
2 0.354096 0.464350 0.036561 0.078520
2 0.395396 0.495036 0.036561 0.078520
2 0.397427 0.459838 0.036561 0.078520
2 0.396073 0.458032 0.036561 0.078520
<<<<<<< HEAD
2 0.052810 0.633574 0.048747 0.075812
2 0.096141 0.629964 0.048747 0.075812
2 0.153013 0.636282 0.048747 0.075812
2 0.113744 0.761733 0.048747 0.075812
2 0.176032 0.749097 0.048747 0.075812
2 0.230196 0.747292 0.048747 0.075812
2 0.664184 0.725632 0.048747 0.075812
2 0.770819 0.730596 0.060257 0.071300
2 0.694990 0.615072 0.049425 0.085740
2 0.738321 0.622292 0.049425 0.085740
=======
>>>>>>> zenki3
