2 0.214286 0.778881 0.038592 0.066787
2 0.259648 0.771661 0.038592 0.066787
2 0.292146 0.769856 0.038592 0.066787
2 0.334800 0.759025 0.038592 0.066787
2 0.368653 0.757220 0.038592 0.066787
2 0.299594 0.881769 0.038592 0.066787
2 0.019296 0.895307 0.037238 0.066787
<<<<<<< HEAD
2 0.049086 0.796029 0.035884 0.063177
2 0.149966 0.925090 0.035884 0.063177
2 0.255586 0.894404 0.048070 0.090253
2 0.350711 0.881318 0.046039 0.078520
2 0.408260 0.754061 0.035206 0.056859
2 0.446175 0.746841 0.035206 0.056859
2 0.476642 0.745036 0.035206 0.056859
2 0.482735 0.850632 0.040623 0.065884
2 0.524712 0.851083 0.052810 0.068592
2 0.549763 0.975181 0.113744 0.049639
2 0.591063 0.922834 0.085308 0.067690
2 0.622207 0.868682 0.085308 0.067690
2 0.634056 0.844314 0.076506 0.060469
2 0.614083 0.726534 0.052810 0.048736
2 0.683819 0.713448 0.044685 0.051444
2 0.715978 0.704422 0.052133 0.055054
2 0.818551 0.820397 0.062288 0.057762
2 0.877793 0.856949 0.071090 0.056859
2 0.916723 0.765343 0.059580 0.055957
2 0.952607 0.786101 0.059580 0.055957
2 0.865606 0.664711 0.052133 0.038809
2 0.914015 0.649368 0.043331 0.040614
2 0.888626 0.652978 0.052133 0.038809
2 0.429587 0.473827 0.022343 0.019856
2 0.361205 0.477437 0.022343 0.019856
2 0.247461 0.482852 0.022343 0.019856
2 0.126947 0.483303 0.030467 0.020758
=======
>>>>>>> zenki3
