2 0.782315 1.267550 0.087845 0.128423
2 0.688938 1.282850 0.091323 0.139979
2 0.974422 1.246393 0.101776 0.126712
2 0.868968 1.241125 0.095620 0.144657
2 1.490084 1.115428 0.119382 0.126892
2 1.066032 1.220525 0.111409 0.132420
2 0.584807 1.316255 0.101897 0.135225
2 1.145777 1.186353 0.104702 0.117734
2 1.529109 0.928251 0.096580 0.125307
2 1.045881 1.001864 0.086285 0.128737
2 0.629835 1.087963 0.074165 0.133913
2 1.459543 0.933796 0.104003 0.131441
2 1.666731 1.091100 0.109913 0.122839
2 0.800863 1.045693 0.080098 0.139553
