2 0.920902 1.926027 0.155021 0.187615
2 1.184892 1.890830 0.168648 0.183226
2 1.278516 2.279664 0.201851 0.226103
2 0.157654 1.466757 0.110604 0.107144
2 0.845120 1.391689 0.093404 0.104716
2 1.308885 1.861686 0.150547 0.176380
2 0.063441 1.294394 0.092040 0.120489
2 0.276512 1.196193 0.124284 0.084359
2 1.010338 2.338766 0.163599 0.219627
2 0.695383 1.120536 0.108545 0.065183
2 0.552648 1.146405 0.108580 0.078927
2 1.105672 1.382938 0.104219 0.103279
2 0.017490 1.331810 0.034875 0.063457
2 0.917064 1.376196 0.081859 0.102119
2 1.320953 1.329724 0.088229 0.112660
2 0.017704 1.318383 0.035238 0.091319
2 0.375052 1.176068 0.083792 0.089315
2 1.267687 1.247793 0.077024 0.099756
2 1.206881 1.061622 0.092206 0.068790
2 0.461612 1.160046 0.100701 0.087925
2 0.643409 1.261402 0.078612 0.104834
2 0.856586 0.988477 0.085084 0.069631
2 1.170260 1.114248 0.077434 0.082543
2 1.346238 2.243521 0.075746 0.230838
2 0.857515 1.204312 0.119482 0.084627
2 1.214957 1.176525 0.068896 0.077548
2 0.810940 1.028709 0.046060 0.047517
2 0.562458 1.266856 0.087379 0.100727
2 1.043494 0.958202 0.069114 0.061575
2 0.869398 1.249439 0.087167 0.101101
