2 0.625094 0.954628 0.113521 0.139449
2 1.730132 0.744592 0.092299 0.132880
2 0.315132 1.051954 0.133771 0.161966
2 0.435487 1.036772 0.143228 0.168867
2 0.722411 0.805844 0.107831 0.133030
2 0.511576 0.798405 0.106678 0.142597
2 0.976979 0.941827 0.108381 0.142404
2 1.110098 1.246396 0.114773 0.113866
2 0.282767 0.959916 0.132326 0.154318
2 0.737421 0.907494 0.117585 0.090815
2 0.831291 0.793718 0.103283 0.147342
2 1.707299 0.977684 0.102587 0.170483
2 0.100775 0.829713 0.119107 0.138155
2 0.098157 1.030232 0.124728 0.142661
2 1.822879 0.897055 0.046004 0.141297
2 0.114401 0.659244 0.117841 0.084680
2 0.466912 0.744752 0.106485 0.136409
2 1.162825 0.776618 0.110231 0.151783
2 0.819447 0.586138 0.118860 0.143939
