2 1.581582 1.429350 0.092177 0.149737
2 1.729181 1.236919 0.089977 0.144929
2 0.207033 1.164061 0.093663 0.126636
2 1.314118 0.811338 0.052559 0.062201
2 1.787073 1.446948 0.105508 0.140718
2 0.475141 1.168129 0.083970 0.135407
2 0.579948 1.402505 0.091123 0.133236
2 1.647608 1.228757 0.085166 0.149020
2 0.968881 1.424833 0.095886 0.127674
2 0.122599 1.163812 0.090073 0.128488
2 0.780062 1.402616 0.080519 0.128643
2 1.810650 1.229757 0.071087 0.132184
2 0.432482 0.211537 0.038272 0.049142
2 0.041840 1.165017 0.083515 0.132161
