2 0.669881 0.945655 0.090149 0.130523
2 1.542311 0.863249 0.102467 0.094367
2 1.556081 0.765988 0.080647 0.087914
2 0.697387 0.858780 0.079667 0.099517
2 1.498785 1.197565 0.151481 0.240105
2 0.434704 0.930481 0.122939 0.087082
2 0.505001 0.847517 0.085352 0.107597
2 0.782185 0.940581 0.094245 0.139182
2 1.351191 0.770585 0.068800 0.079358
2 1.822371 0.774975 0.047408 0.068717
2 0.694112 0.751385 0.063709 0.094900
2 0.986853 0.760521 0.050931 0.081196
2 1.200967 0.750332 0.058355 0.037177
2 0.305680 0.916103 0.121818 0.112481
2 0.139384 0.846832 0.054307 0.102947
2 0.444609 0.810379 0.085098 0.098745
