2 0.241831 1.277268 0.099640 0.141918
2 0.340186 1.252804 0.095573 0.131828
2 0.433076 1.222071 0.095717 0.148935
2 0.540500 1.218960 0.105856 0.125448
2 0.167057 1.082743 0.085725 0.140248
2 0.129899 1.320349 0.114355 0.139029
2 0.632500 1.184138 0.119728 0.125945
2 0.715079 1.144685 0.106541 0.119574
2 0.262016 1.051587 0.092816 0.146320
2 0.350404 1.027204 0.086417 0.147545
2 0.072402 1.094698 0.081957 0.139826
2 1.077025 0.865312 0.095872 0.119808
2 1.207475 1.015317 0.113188 0.116812
2 1.339818 0.802819 0.094646 0.111479
2 1.214736 0.843581 0.114990 0.112950
2 1.274910 0.813893 0.106300 0.119803
2 0.607776 0.964632 0.085392 0.132609
