2 1.666927 1.657657 0.283899 0.332370
2 1.316450 1.711426 0.250650 0.268040
2 1.486805 1.663875 0.277834 0.363417
2 1.217677 1.385990 0.172430 0.162141
2 0.257463 0.880383 0.102543 0.084496
2 0.384696 0.892383 0.087992 0.082400
2 1.201753 1.028592 0.125834 0.125983
2 0.572429 0.962522 0.143195 0.112019
2 1.054065 1.443046 0.159752 0.207175
2 0.030964 0.865872 0.061340 0.081327
2 0.460162 0.853834 0.099758 0.098064
2 1.281621 1.069974 0.166186 0.140069
2 1.048933 0.912741 0.132797 0.113602
2 0.134655 0.809465 0.101719 0.080922
2 1.102515 0.944043 0.143041 0.138477
2 1.343697 1.344239 0.182787 0.201064
2 1.149628 0.992599 0.102558 0.105499
2 0.317046 0.847761 0.086155 0.099387
2 0.510809 0.829628 0.096750 0.096201
2 0.731085 1.006010 0.198628 0.163723
2 0.580337 0.810546 0.095776 0.090429
2 0.716964 0.895732 0.109229 0.066530
2 0.418357 0.728030 0.080015 0.064850
2 1.181613 0.708836 0.101011 0.080336
2 0.644097 0.791419 0.088520 0.082169
2 0.241150 0.777913 0.080786 0.071957
2 0.305521 0.756132 0.082870 0.084917
2 0.661665 1.823637 0.121686 0.044041
