2 1.036018 1.156472 0.086455 0.146352
2 0.992437 1.363791 0.094173 0.139706
2 0.937028 1.159887 0.093116 0.170433
2 0.980669 1.091349 0.089034 0.114641
2 0.178145 1.536678 0.085245 0.142727
2 1.108432 1.149186 0.090367 0.134905
2 0.499684 1.486467 0.100278 0.148554
2 0.675431 0.811073 0.051556 0.062909
2 0.075046 1.553787 0.091949 0.149625
2 0.950107 0.934282 0.071554 0.115792
2 1.234615 0.902211 0.082054 0.102517
2 1.160316 0.902945 0.085708 0.122388
2 0.278161 1.510288 0.089068 0.157675
2 1.180794 1.336975 0.103609 0.133210
2 0.103518 1.330408 0.082053 0.149882
2 0.203075 1.303542 0.077197 0.157036
2 0.387222 1.511925 0.092030 0.140961
