2 1.001553 0.968446 0.098418 0.122643
2 0.943149 0.774159 0.084734 0.132513
2 0.873265 0.787179 0.076683 0.120578
2 1.018883 0.779391 0.081619 0.129422
2 1.093111 0.767800 0.086305 0.130481
2 0.802181 0.795611 0.079418 0.128350
2 1.818790 0.918271 0.054665 0.138228
2 0.553790 0.619753 0.071059 0.099703
2 1.332615 0.733820 0.079610 0.136517
2 0.735946 0.800693 0.088582 0.131479
2 0.376621 0.650236 0.066989 0.094457
7 0.057847 1.169505 0.115005 0.205245
2 0.317469 0.655032 0.075893 0.103002
5 1.249934 0.747683 0.086141 0.152242
2 1.629426 0.936565 0.090648 0.131845
2 0.490722 0.630393 0.073911 0.101567
5 1.171496 0.747943 0.083274 0.138783
5 1.682610 0.701133 0.080992 0.146009
2 1.249599 0.747664 0.085416 0.152801
5 1.777709 0.689860 0.077704 0.163612
2 0.829694 0.588615 0.071549 0.107772
