2 1.677054 1.610748 0.090579 0.093844
2 1.623351 1.597772 0.066615 0.066978
2 1.517047 1.725495 0.065144 0.085408
2 1.575314 1.582926 0.069940 0.070908
2 1.798962 1.819377 0.093367 0.053172
2 1.528421 1.561267 0.065571 0.074118
2 1.799536 1.313410 0.045671 0.046514
2 1.727935 1.810064 0.092377 0.071003
5 0.607010 1.118780 0.096262 0.103861
2 1.516094 1.350053 0.045109 0.048156
2 1.564296 1.697519 0.079430 0.076956
2 1.639078 1.829142 0.102100 0.033080
2 1.553203 1.693710 0.104738 0.079720
2 0.805983 1.402995 0.063042 0.036980
