2 0.305266 0.930706 0.091494 0.136440
2 0.693547 0.954000 0.101936 0.127269
2 0.777532 0.940566 0.091891 0.114927
2 1.116066 0.951513 0.105720 0.128469
5 0.357984 0.718519 0.077207 0.146015
5 0.172353 0.704132 0.069273 0.137253
5 0.263178 0.720866 0.076960 0.141474
2 0.598506 0.956322 0.092342 0.120730
5 0.598927 0.705224 0.100288 0.198019
2 0.401668 0.934615 0.085263 0.128675
5 0.900921 0.533063 0.066977 0.118510
5 0.536745 0.494863 0.063934 0.110228
5 0.615913 0.505172 0.062271 0.109751
7 1.409307 0.413574 0.082636 0.111536
5 0.775679 0.740185 0.084822 0.137860
7 0.973883 0.357381 0.059941 0.094649
5 0.494225 0.930596 0.088130 0.141032
2 1.278275 0.961506 0.107960 0.117650
2 0.494260 0.930925 0.088142 0.137731
5 0.445398 0.723419 0.076555 0.140069
5 0.296414 0.471572 0.077265 0.128041
2 1.175987 0.775195 0.083319 0.126491
2 0.700680 0.738891 0.074080 0.134775
