5 1.000427 1.170292 0.064201 0.139437
5 0.918217 1.178666 0.059236 0.144498
2 1.323682 1.362760 0.093393 0.144038
2 0.426919 1.434194 0.084827 0.140992
2 1.455032 1.159326 0.092857 0.139444
2 0.317356 1.452845 0.093739 0.141604
2 0.277564 1.223721 0.075968 0.147101
2 0.196156 1.226336 0.085446 0.138270
2 1.378672 1.156709 0.085568 0.145066
5 0.814711 1.191511 0.062508 0.142436
2 0.528204 1.429168 0.079230 0.130154
5 1.302589 0.925813 0.061997 0.116682
5 0.675869 0.938216 0.061206 0.152665
2 1.034229 0.779327 0.048321 0.060930
5 0.558353 1.209155 0.070541 0.149549
5 0.907555 0.952188 0.053108 0.110405
5 0.727091 1.198077 0.064249 0.138669
2 1.517377 1.358019 0.105444 0.134461
5 0.592017 0.967681 0.061867 0.117201
5 0.465924 1.224959 0.075393 0.137163
2 0.097277 0.254422 0.035899 0.056210
2 0.102082 1.236502 0.088689 0.128331
2 0.316664 1.151190 0.076544 0.112498
2 1.540398 1.143977 0.085571 0.128750
5 0.647382 1.199378 0.059733 0.139845
5 0.833118 1.417423 0.088884 0.134494
5 0.650576 1.169387 0.072233 0.198502
2 1.333395 1.085367 0.081796 0.105340
5 1.161830 0.781615 0.092921 0.097995
2 1.277345 1.152943 0.094754 0.172134
2 1.601018 1.350129 0.075306 0.144976
5 0.981864 0.946670 0.057336 0.112024
7 1.557597 0.724559 0.059084 0.096476
