2 1.735242 1.139361 0.047686 0.064963
2 1.686839 1.136632 0.062053 0.069541
2 1.635668 1.130797 0.066215 0.083216
2 1.069192 1.208135 0.041623 0.045517
2 0.292551 1.204827 0.052639 0.046083
2 0.060159 1.200371 0.057376 0.046694
2 1.538365 1.128166 0.053134 0.074461
2 1.496194 1.132610 0.049745 0.066351
2 0.951714 1.127168 0.038889 0.063976
2 0.017151 1.203907 0.034302 0.040772
2 1.017162 1.207435 0.039002 0.047272
2 0.704542 1.123148 0.037419 0.062918
2 0.473467 0.990894 0.043851 0.050652
2 0.608826 0.992277 0.039384 0.062054
2 0.904927 1.127983 0.049413 0.070254
5 0.804280 1.110435 0.037788 0.097509
2 1.049179 1.002978 0.040057 0.042447
2 1.046022 1.124234 0.043391 0.067001
2 0.964302 1.209671 0.040760 0.043845
2 0.196817 0.979491 0.049918 0.060314
2 1.335163 1.210495 0.056467 0.048009
