2 1.823026 1.571173 0.045913 0.148080
5 1.227102 1.311643 0.064816 0.139623
5 1.424796 1.316136 0.066365 0.148697
5 1.315194 1.315388 0.062554 0.139112
5 1.511482 1.320885 0.064465 0.151221
2 1.803331 1.341266 0.085364 0.182737
2 1.759568 1.121866 0.062523 0.105750
5 1.107802 1.064330 0.061792 0.118178
2 0.698924 0.322225 0.030051 0.040986
5 0.973061 1.299994 0.077543 0.132423
2 1.568513 0.934102 0.057682 0.062858
5 1.514226 1.294303 0.070877 0.206727
5 1.150695 1.301237 0.064747 0.137476
5 1.061042 1.298282 0.075064 0.142476
2 0.078987 1.446241 0.113582 0.121139
2 1.829142 1.108879 0.033830 0.120478
5 0.787444 0.325815 0.110142 0.082001
5 1.263865 1.069946 0.052500 0.108542
5 1.320598 1.547301 0.086258 0.139940
