2 1.036018 1.156472 0.086455 0.146352
2 0.992437 1.363791 0.094173 0.139706
2 0.937028 1.159887 0.093116 0.170433
2 0.980669 1.091349 0.089034 0.114641
5 0.661097 1.187189 0.075615 0.202813
2 0.178145 1.536678 0.085245 0.142727
2 1.108432 1.149186 0.090367 0.134905
2 0.499684 1.486467 0.100278 0.148554
2 0.675431 0.811073 0.051556 0.062909
2 0.075046 1.553787 0.091949 0.149625
5 0.577166 1.191486 0.071796 0.225405
2 0.950107 0.934282 0.071554 0.115792
5 0.309157 1.012282 0.059705 0.161191
2 1.234615 0.902211 0.082054 0.102517
2 1.160316 0.902945 0.085708 0.122388
5 0.557272 0.999786 0.059401 0.113624
2 0.278161 1.510288 0.089068 0.157675
5 1.040340 1.668758 1.599443 0.349321
2 1.180794 1.336975 0.103609 0.133210
2 0.103518 1.330408 0.082053 0.149882
2 0.203075 1.303542 0.077197 0.157036
5 0.470987 1.011783 0.055339 0.118381
5 0.225137 1.049966 0.065129 0.130260
2 0.387222 1.511925 0.092030 0.140961
