2 1.527943 1.577325 0.094762 0.146559
2 1.592901 1.373577 0.086045 0.146643
2 1.675423 1.382904 0.091086 0.143748
5 1.201868 1.344358 0.063557 0.150745
5 1.117176 1.342487 0.062884 0.151170
5 0.926915 1.339913 0.063488 0.141544
2 1.734459 1.594003 0.103815 0.143964
5 1.017589 1.571727 0.084960 0.136098
2 0.624091 1.539672 0.082669 0.138460
2 1.812541 1.597608 0.067282 0.151407
5 1.013093 1.343156 0.060908 0.146159
5 0.475936 0.353617 0.119720 0.083398
5 0.847569 1.332719 0.062165 0.137326
2 0.719288 1.546541 0.084772 0.131555
2 0.413355 1.309079 0.078612 0.132865
2 1.549415 1.297369 0.089404 0.114929
2 1.488428 1.354916 0.092742 0.180891
5 0.761546 1.330251 0.075068 0.148247
5 0.805640 1.095911 0.058037 0.118342
2 0.146646 1.304751 0.093318 0.127594
2 0.517295 1.545387 0.093433 0.136404
5 0.419272 1.544905 0.094181 0.135201
5 1.539354 0.940783 0.047405 0.092509
5 0.670949 1.335965 0.076831 0.136233
7 0.476320 0.354041 0.119219 0.082519
5 1.196611 1.118667 0.058925 0.114173
5 0.592137 1.102182 0.073480 0.116608
5 1.117567 1.112662 0.054572 0.115412
5 0.511014 1.086173 0.067997 0.111110
