2 1.520240 1.020425 0.102295 0.127074
2 1.621889 1.011002 0.111622 0.134822
5 0.744124 0.565218 0.051098 0.155179
2 1.710768 0.987027 0.108384 0.124964
5 0.821939 0.566633 0.057284 0.154126
2 1.225063 1.012922 0.084856 0.131347
5 0.644314 0.829049 0.063282 0.125007
5 1.176800 0.813247 0.071781 0.133387
2 0.225566 1.076120 0.095263 0.133087
5 1.089629 0.809710 0.063782 0.126409
2 1.616190 0.782453 0.085862 0.136818
5 1.353097 0.554662 0.058152 0.109121
5 1.505376 0.763637 0.112200 0.196811
2 1.318660 1.010244 0.082595 0.125920
5 1.200875 0.566485 0.067435 0.119882
5 0.982274 0.590738 0.059681 0.111132
5 1.432585 0.557771 0.065748 0.108886
5 0.991922 0.804860 0.063028 0.154020
5 1.265982 0.801621 0.079295 0.139867
5 0.586435 0.593993 0.057675 0.111705
5 0.431916 0.606071 0.071945 0.128928
5 1.263967 0.539685 0.083630 0.157581
2 0.339310 1.069089 0.084571 0.132464
5 0.352489 0.600872 0.062965 0.116246
5 0.897861 0.581131 0.051750 0.116377
2 1.410659 1.001940 0.091235 0.147326
5 0.823124 0.816570 0.058619 0.125127
5 0.738644 0.819910 0.059522 0.132517
2 1.122506 1.029795 0.091263 0.129647
2 0.434849 1.061200 0.096044 0.138511
5 0.377038 0.842105 0.076129 0.155214
2 0.530902 1.063420 0.080386 0.126946
5 0.741995 1.045148 0.079175 0.142082
5 1.410500 1.001663 0.091906 0.145770
5 0.915262 0.800413 0.059441 0.123058
