5 0.755323 1.381953 0.093119 0.154499
2 0.488872 1.601770 0.111075 0.130381
5 1.639073 1.581744 0.086958 0.157402
5 1.529483 1.350123 0.065664 0.131313
5 1.628179 1.076724 0.059861 0.158307
5 1.259913 1.361308 0.073930 0.158140
2 0.362887 1.403350 0.089275 0.125731
5 0.676345 1.375966 0.081914 0.140862
5 1.170745 1.365726 0.076012 0.143127
5 1.520095 1.595634 0.078329 0.151061
2 0.287507 1.410241 0.093932 0.132156
5 1.557023 1.050212 0.053137 0.096413
2 0.595538 1.394738 0.093482 0.133438
5 1.749831 1.588006 0.087973 0.159290
2 0.280487 0.669199 0.049293 0.040513
2 0.439865 1.390789 0.088492 0.133616
2 0.520053 1.401343 0.091175 0.135768
5 1.630005 1.338702 0.063109 0.145179
2 0.332933 1.193272 0.081708 0.105153
5 1.464690 1.108040 0.056732 0.116039
2 0.035909 1.204786 0.071650 0.101217
2 0.263234 1.190604 0.076677 0.106905
5 1.822062 0.881181 0.047801 0.099612
5 1.389889 1.110407 0.055057 0.124667
5 1.234106 1.124057 0.058883 0.115594
5 1.309851 1.124003 0.068137 0.133318
5 1.721886 1.336784 0.064984 0.134583
5 1.347520 1.357677 0.071179 0.145125
2 0.838649 1.372006 0.082893 0.137714
5 0.515210 0.975849 0.064049 0.091136
2 0.918200 1.378218 0.090622 0.144301
5 1.817322 1.322032 0.057578 0.125603
2 0.216669 1.409210 0.112503 0.141271
5 1.797862 1.085574 0.055802 0.119949
