5 0.725940 1.365314 0.064743 0.148677
2 1.045797 1.562963 0.090931 0.142952
5 0.642900 1.367292 0.062234 0.151528
2 1.176465 1.358715 0.087545 0.139584
5 0.361701 1.388691 0.062500 0.139214
5 0.473049 1.122379 0.053095 0.146219
2 1.100646 1.356780 0.082905 0.141579
5 0.444100 1.387885 0.067903 0.140514
5 1.027605 1.125699 0.060993 0.113069
5 0.396063 1.122732 0.067126 0.156330
2 0.233266 1.620756 0.087881 0.134944
2 0.128400 1.625822 0.087587 0.144432
5 0.534006 1.381577 0.067988 0.143789
5 0.308561 1.151720 0.059742 0.120388
5 0.270036 1.398149 0.075845 0.150329
5 0.634704 1.138677 0.054535 0.118157
2 1.234307 1.557018 0.107840 0.135711
