2 0.601488 1.494944 0.132144 0.075764
2 0.344529 1.571431 0.156157 0.081118
2 0.373301 1.402626 0.164074 0.115226
2 1.079531 1.332033 0.132368 0.074587
2 0.435978 1.380928 0.165139 0.109818
0 0.353486 1.307247 0.027363 0.071566
2 0.433539 1.536031 0.157497 0.091724
2 0.992544 1.222126 0.151914 0.104339
2 0.674493 1.461647 0.137405 0.081932
2 0.934241 1.241594 0.137182 0.086677
2 1.017154 1.354845 0.104768 0.060558
2 0.255457 1.607644 0.131243 0.066356
2 0.297676 1.421299 0.141199 0.120001
2 0.532441 1.517202 0.113495 0.067245
5 1.287835 1.253923 0.192434 0.097997
2 0.198531 1.436690 0.175411 0.138847
2 0.655571 1.325544 0.135447 0.105733
2 0.571463 1.330673 0.145289 0.125490
2 0.826977 1.267064 0.150001 0.119448
2 0.765051 1.285959 0.122009 0.101617
2 0.696310 1.301729 0.140858 0.100517
2 1.044791 1.203998 0.151341 0.107273
7 0.501683 1.349271 0.147181 0.128348
2 1.114394 1.184917 0.186896 0.088190
