2 0.782315 1.267550 0.087845 0.128423
2 0.688938 1.282850 0.091323 0.139979
2 0.974422 1.246393 0.101776 0.126712
2 0.868968 1.241125 0.095620 0.144657
2 1.490084 1.115428 0.119382 0.126892
2 1.066032 1.220525 0.111409 0.132420
5 0.253425 1.111015 0.073689 0.194134
5 0.159069 0.891327 0.064101 0.162671
2 0.584807 1.316255 0.101897 0.135225
5 0.061440 1.144426 0.079985 0.211665
2 1.145777 1.186353 0.104702 0.117734
2 1.529109 0.928251 0.096580 0.125307
2 1.045881 1.001864 0.086285 0.128737
5 0.539427 1.096577 0.071107 0.129828
5 0.201600 0.702791 0.050820 0.104556
5 0.438198 1.111490 0.070170 0.149355
2 0.629835 1.087963 0.074165 0.133913
5 0.398826 1.350656 0.086062 0.142214
5 0.699750 0.806775 0.086109 0.150710
2 1.459543 0.933796 0.104003 0.131441
5 0.326996 0.888801 0.058579 0.120736
2 1.666731 1.091100 0.109913 0.122839
2 0.800863 1.045693 0.080098 0.139553
5 0.243726 0.881912 0.065821 0.156688
5 0.055476 0.724805 0.058488 0.102645
5 0.128606 0.719505 0.055780 0.097364
