2 0.603843 0.949530 0.102957 0.133068
2 0.690514 0.744165 0.088405 0.136711
2 0.466202 0.768764 0.078215 0.123032
2 0.616043 0.756447 0.085500 0.135326
2 0.537216 0.753308 0.083132 0.134850
2 0.392278 0.781232 0.090341 0.127971
2 0.322165 0.790174 0.091089 0.137150
5 1.736129 0.820873 0.088343 0.149737
5 1.343610 0.639061 0.073126 0.161798
5 1.619001 0.600805 0.065153 0.133886
2 0.121701 0.608450 0.078554 0.105380
5 1.546531 0.361508 0.061650 0.121151
5 1.714138 0.310218 0.061773 0.168609
2 0.053460 0.618863 0.078119 0.105421
2 0.926233 0.698519 0.081379 0.134883
2 0.349648 0.572730 0.074912 0.112202
2 1.003897 0.699179 0.084963 0.144858
2 0.414095 0.568426 0.074958 0.109010
2 1.209417 0.884549 0.087072 0.128247
2 1.511124 0.854441 0.086292 0.131293
2 0.805903 0.499257 0.076327 0.114951
2 0.767777 0.719092 0.079779 0.142701
2 0.845400 0.716656 0.087344 0.154561
2 1.411631 0.858985 0.091818 0.140230
5 0.845676 0.717574 0.088175 0.154024
2 1.316428 0.872246 0.081930 0.128172
5 1.437955 0.592655 0.076198 0.213035
