2 0.557784 1.147852 0.086460 0.127119
2 0.463336 1.166784 0.091915 0.140772
2 0.751883 1.128442 0.101455 0.127543
2 0.358392 1.200969 0.104148 0.135458
5 0.306812 0.979910 0.076439 0.131112
2 0.844137 1.102525 0.111267 0.127856
2 0.644717 1.126406 0.091569 0.149587
2 1.259329 0.991350 0.116239 0.123098
2 0.921928 1.067644 0.099665 0.117619
2 1.297169 0.808601 0.095449 0.121968
2 1.507423 0.947524 0.116807 0.126476
2 0.485738 0.948811 0.086396 0.141221
2 0.822929 0.885733 0.084908 0.132682
2 1.228863 0.812909 0.100397 0.130501
5 0.397676 0.972378 0.076020 0.136697
2 0.397622 0.972907 0.077128 0.136473
2 0.117450 0.997531 0.071940 0.130920
2 0.026207 1.025260 0.052038 0.133778
5 0.202579 0.991784 0.076933 0.155598
