2 1.456516 0.589920 0.083492 0.130868
5 0.773027 0.384578 0.063451 0.127038
5 1.657995 0.340444 0.111715 0.203353
2 1.359486 0.590394 0.085775 0.138701
2 1.549788 0.582232 0.093601 0.147511
5 0.866792 0.377912 0.057962 0.137423
2 1.765821 0.595538 0.110703 0.133532
5 1.227739 0.377759 0.063655 0.128944
5 1.314558 0.385364 0.072066 0.136794
5 0.953774 0.378546 0.054945 0.127267
2 1.664461 0.604877 0.105100 0.132324
5 1.127085 0.372468 0.059320 0.149532
5 0.415537 0.392525 0.079125 0.141881
5 0.758191 0.620384 0.079730 0.145781
2 1.770567 0.364195 0.088664 0.143746
5 0.867957 0.607044 0.081006 0.145858
5 1.407451 0.374852 0.079278 0.145985
5 0.518608 0.361924 0.102680 0.207395
5 0.482577 0.143588 0.059301 0.122946
5 1.046634 0.366309 0.061668 0.126475
5 0.560507 0.149104 0.065779 0.130642
5 0.875950 0.115321 0.052855 0.158651
5 0.969795 0.613691 0.075885 0.142469
5 1.502331 0.120588 0.063720 0.116203
2 1.496434 0.370160 0.080453 0.143005
5 1.350299 0.129989 0.060639 0.123863
5 1.069683 0.600937 0.066910 0.135915
5 1.215595 0.297782 0.070287 0.100678
5 1.120946 0.148211 0.061020 0.117302
