2 0.077230 1.598038 0.118088 0.137771
2 0.109940 1.394217 0.097997 0.138905
2 0.193397 1.388045 0.101002 0.137827
5 1.136023 1.323587 0.063634 0.130598
5 1.231653 1.060076 0.058639 0.153176
5 0.929805 1.105912 0.066923 0.127899
5 1.318439 1.312218 0.059644 0.129774
2 0.362587 1.371487 0.100465 0.155181
2 0.038731 1.381640 0.077339 0.135891
5 1.231441 1.315629 0.058805 0.134881
5 1.122795 1.564274 0.080363 0.149094
5 1.392369 1.072061 0.052012 0.117933
5 1.315382 1.059771 0.061748 0.153010
5 1.495561 1.303020 0.065238 0.151276
2 0.450185 1.360013 0.087114 0.139292
5 0.874408 1.341628 0.073678 0.151016
2 1.691415 1.310329 0.079245 0.138908
5 1.079012 1.090557 0.055561 0.111175
5 0.961125 1.337236 0.064043 0.133043
2 0.280480 1.366322 0.097372 0.146115
5 0.788736 1.348961 0.079031 0.140968
5 1.413047 1.298991 0.065041 0.124059
5 1.236858 1.548725 0.083801 0.149549
5 0.854313 1.105589 0.057905 0.113621
5 1.481909 1.080200 0.068263 0.112474
5 1.167222 1.034988 0.052112 0.093041
2 1.826420 1.517618 0.039505 0.131475
2 0.531512 1.367010 0.093081 0.144790
5 1.048173 1.329760 0.059990 0.138842
5 1.458712 1.007470 0.065477 0.108505
2 0.275791 1.144624 0.077411 0.105016
2 0.727324 1.576974 0.091398 0.130128
5 1.598651 1.303872 0.072584 0.133804
5 0.612144 1.355168 0.079800 0.135271
2 0.050172 1.155319 0.085811 0.120382
