2 0.623991 1.519294 0.088338 0.154610
2 0.702645 1.511843 0.091921 0.140009
5 0.232654 1.549987 0.081805 0.212093
2 0.580380 1.733690 0.101093 0.146280
2 0.524799 1.525566 0.095148 0.172346
2 0.770312 1.703151 0.104517 0.137094
5 0.391458 1.156920 0.094762 0.098230
2 0.541643 1.292761 0.070393 0.119354
2 0.054435 1.815587 0.095431 0.060131
7 0.019521 1.164150 0.039041 0.095852
2 0.571585 1.453653 0.095330 0.115446
5 0.376186 1.777631 0.230490 0.136008
2 0.847171 1.685723 0.070790 0.150057
2 0.607721 1.281286 0.075807 0.116377
