5 0.907662 1.142896 0.061047 0.145227
2 1.225876 1.346194 0.091343 0.143760
2 0.214601 1.402452 0.097282 0.138964
2 0.325074 1.386562 0.087760 0.139606
2 1.360901 1.149268 0.088680 0.140228
2 1.282560 1.139971 0.083715 0.140282
5 0.719450 1.157384 0.065718 0.148994
5 0.824112 1.144083 0.060959 0.145037
5 0.501482 0.924212 0.064555 0.119812
2 0.427016 1.384431 0.084150 0.129713
2 0.098019 1.167061 0.084947 0.137161
5 0.461542 1.166130 0.074509 0.144480
5 0.553513 1.160467 0.061828 0.141483
2 0.178508 1.168474 0.079385 0.144327
5 0.634332 1.160471 0.064954 0.141753
5 0.129006 0.175702 0.118533 0.087018
2 0.064236 0.091282 0.027531 0.041843
5 1.211611 0.909562 0.061098 0.113311
5 1.102556 0.849464 0.065275 0.113140
5 0.818696 0.920695 0.055866 0.111540
5 0.580875 0.914072 0.056507 0.122415
7 1.411680 0.724649 0.064697 0.093585
2 1.420041 1.346723 0.101178 0.133200
5 0.354224 0.077945 0.159294 0.091941
5 0.660965 0.917643 0.049732 0.104110
2 0.283763 1.170453 0.081488 0.133483
