2 1.581582 1.429350 0.092177 0.149737
5 1.259376 1.199807 0.060964 0.139645
2 1.729181 1.236919 0.089977 0.144929
5 0.822061 1.188984 0.076551 0.144509
2 0.207033 1.164061 0.093663 0.126636
2 1.314118 0.811338 0.052559 0.062201
2 1.787073 1.446948 0.105508 0.140718
5 0.948045 0.934448 0.066213 0.151912
2 0.475141 1.168129 0.083970 0.135407
5 1.583010 0.983718 0.064622 0.119480
2 0.579948 1.402505 0.091123 0.133236
2 1.647608 1.228757 0.085166 0.149020
2 0.968881 1.424833 0.095886 0.127674
5 1.261557 1.169590 0.066172 0.197650
5 1.599790 0.796877 0.049366 0.091829
5 0.531554 0.204564 0.111758 0.082711
2 0.122599 1.163812 0.090073 0.128488
5 1.177129 0.970194 0.057389 0.109450
5 1.078573 1.426193 0.085093 0.138155
5 1.451005 0.825510 0.093587 0.096467
2 0.780062 1.402616 0.080519 0.128643
2 1.810650 1.229757 0.071087 0.132184
2 0.432482 0.211537 0.038272 0.049142
5 0.480320 1.401237 0.095569 0.133441
2 0.041840 1.165017 0.083515 0.132161
5 1.254511 0.974149 0.055287 0.108193
