5 0.993535 0.320339 0.064789 0.137627
5 0.633953 0.318458 0.059802 0.140433
5 1.171416 0.318428 0.078070 0.144994
5 0.537589 0.326959 0.064108 0.131150
5 0.894948 0.318445 0.059124 0.150570
2 1.417754 0.547193 0.101254 0.131826
2 1.217429 0.533073 0.080681 0.125010
2 1.604431 0.518695 0.103669 0.127883
2 1.516879 0.535979 0.109308 0.132436
2 1.124330 0.533949 0.082522 0.136476
5 0.722100 0.320996 0.055554 0.129205
5 1.081236 0.328581 0.071601 0.140354
2 1.520339 0.308124 0.084813 0.139993
2 1.302715 0.525003 0.097214 0.149142
2 0.319093 0.557936 0.099753 0.140408
2 0.223001 0.561692 0.084130 0.132360
5 0.635727 0.551269 0.081322 0.149726
5 0.816524 0.305765 0.060625 0.125068
5 0.262101 0.331368 0.079009 0.156857
5 1.412752 0.284879 0.107446 0.198819
2 1.603300 0.302466 0.089884 0.142845
2 0.420552 0.564843 0.083883 0.128166
