2 1.433355 1.424331 0.318636 0.204423
2 1.673992 1.402928 0.251594 0.182151
2 0.627619 1.468005 0.352175 0.234006
2 1.270645 1.393331 0.269710 0.187817
2 1.810159 1.344701 0.071513 0.128711
2 0.516365 1.414171 0.250706 0.186539
7 1.402525 1.683147 0.698535 0.325498
2 1.050973 1.346000 0.200243 0.154116
2 1.197171 1.357232 0.222926 0.170958
2 0.374561 1.314327 0.112039 0.124725
2 0.993980 1.324979 0.198537 0.132083
2 1.706427 1.756144 0.278435 0.177423
2 0.267874 1.244754 0.101363 0.100617
2 0.887595 1.291636 0.179096 0.119220
2 0.497957 1.324092 0.237060 0.138650
7 1.706905 1.754517 0.276919 0.181043
2 1.786508 1.244356 0.116328 0.038220
2 0.481319 1.415723 0.178618 0.182892
2 1.741046 1.314311 0.156263 0.115962
2 0.346014 1.269739 0.187423 0.103730
2 0.933760 1.307723 0.177176 0.120678
