2 0.599675 1.733925 0.128710 0.222972
2 0.498728 1.318795 0.104352 0.157223
2 0.639016 1.301878 0.110671 0.194245
7 1.321319 1.633535 0.118756 0.237645
7 0.142242 0.602292 0.056143 0.084780
7 0.059223 0.610902 0.066734 0.097234
5 1.772512 1.233116 0.118448 0.185941
7 0.218826 0.590431 0.056955 0.098108
2 1.308283 1.222991 0.120643 0.175336
2 0.993944 0.708948 0.064579 0.089531
2 1.064200 0.707989 0.066138 0.097302
5 1.652892 1.220407 0.124492 0.157777
7 0.590040 0.565073 0.050812 0.102402
2 1.451200 0.717197 0.080084 0.091773
2 0.927443 0.713196 0.067042 0.094109
2 1.289678 0.711967 0.088455 0.094894
5 1.189577 1.226535 0.101565 0.168770
5 1.480719 0.578490 0.068962 0.098175
2 1.376288 0.708744 0.079921 0.088685
7 1.821203 0.588767 0.049612 0.111734
5 1.278447 0.565677 0.056864 0.096405
5 1.012760 0.557252 0.058487 0.094247
5 1.698410 0.587121 0.064379 0.096428
7 1.189692 1.226467 0.101236 0.167742
2 1.541044 1.226241 0.120501 0.181083
5 1.541858 1.226726 0.121700 0.181003
2 0.949058 0.579117 0.060896 0.086224
5 1.211765 0.564937 0.061196 0.081669
5 1.820639 0.589233 0.050281 0.110073
2 1.628627 0.579002 0.067838 0.097826
7 1.083599 1.202525 0.107295 0.138828
2 1.564479 0.582523 0.065346 0.076417
7 1.211068 0.563934 0.061304 0.078608
