2 1.469258 1.081521 0.101089 0.128512
5 0.599725 0.855791 0.065085 0.124720
5 1.045545 0.854833 0.064087 0.125654
2 1.571420 1.073134 0.111080 0.130664
5 1.221380 0.852816 0.077169 0.142813
5 1.131385 0.862801 0.070511 0.134823
2 1.658336 1.056212 0.104036 0.124863
5 0.778132 0.820202 0.054220 0.184461
5 0.693352 0.852170 0.058441 0.127360
5 0.690105 1.071848 0.078098 0.144366
5 0.870032 0.838064 0.059685 0.121004
5 1.306669 0.850505 0.073264 0.140446
5 0.703514 0.597400 0.052512 0.153783
5 1.391020 0.618389 0.066159 0.108070
2 1.269310 1.063449 0.081256 0.127356
5 0.330845 0.856395 0.080862 0.151828
5 0.948644 0.823617 0.059382 0.193213
5 0.309980 0.617684 0.061865 0.114501
5 0.893800 1.069967 0.070548 0.133263
5 0.546862 0.616471 0.058809 0.114006
5 1.460116 0.825302 0.109052 0.197700
5 0.858501 0.617689 0.050873 0.119058
5 0.393889 0.622529 0.072471 0.128421
5 0.469832 0.615395 0.055196 0.122641
5 1.386446 0.854550 0.075715 0.136307
2 1.177518 1.062498 0.086370 0.133282
5 0.420102 0.858867 0.069764 0.132503
2 1.568730 0.849092 0.081865 0.140795
2 1.360473 1.056550 0.089166 0.143145
5 1.163563 0.621321 0.058544 0.117413
5 0.778985 0.849445 0.055347 0.127962
5 0.236686 0.860891 0.084849 0.139067
5 1.311453 0.610531 0.061451 0.108625
5 1.296776 0.421685 0.054101 0.092086
5 0.637291 0.566012 0.051089 0.094686
7 1.780281 0.615645 0.078556 0.125335
5 0.794546 1.079621 0.072945 0.138319
2 0.171477 1.085485 0.095657 0.128328
5 0.945172 0.632116 0.062319 0.110751
