5 0.615746 0.984124 0.064587 0.127295
5 1.150082 0.982783 0.071439 0.136903
5 0.721362 0.724719 0.050921 0.152479
5 0.798822 0.727299 0.055545 0.153021
5 1.063182 0.974895 0.066053 0.133141
5 1.237286 0.973359 0.078279 0.143177
5 0.966563 0.969811 0.061756 0.145493
5 0.706779 1.205935 0.080380 0.146793
5 0.344417 0.991896 0.076014 0.156052
2 1.491926 1.197950 0.102366 0.131637
2 1.195415 1.184756 0.084921 0.136081
5 0.709987 0.976917 0.058765 0.134918
2 1.288944 1.185835 0.082864 0.128809
5 1.477829 0.942225 0.110584 0.199295
2 1.680127 1.171413 0.107283 0.124360
5 0.794620 0.977421 0.055518 0.125629
2 1.588466 1.190612 0.117635 0.136811
5 0.913050 1.197556 0.074640 0.137356
5 0.793921 0.946825 0.055464 0.184515
5 0.810678 1.209657 0.072619 0.142917
5 1.377059 1.177227 0.097819 0.144782
5 1.404797 0.733586 0.065672 0.108714
5 0.486407 0.741851 0.060093 0.125782
5 0.436665 0.989945 0.070921 0.137257
5 1.321467 0.970733 0.076256 0.139380
5 1.175709 0.738003 0.067013 0.120941
2 0.182304 1.227695 0.102213 0.135788
5 1.102565 0.537311 0.056618 0.101419
5 0.711831 0.950893 0.059599 0.183965
5 0.653399 0.689207 0.048733 0.082812
5 1.404970 0.970225 0.071887 0.141320
5 0.328189 0.751306 0.063883 0.116711
5 0.886488 0.964105 0.058275 0.121779
2 0.298639 1.222957 0.089430 0.132481
5 1.328288 0.731335 0.054249 0.104392
2 1.092574 1.199999 0.096036 0.128061
5 0.959547 0.753703 0.063884 0.109647
5 1.669142 0.956459 0.090507 0.138312
2 1.585777 0.962841 0.086312 0.138157
5 1.239477 0.709558 0.083431 0.153838
5 0.595986 1.219335 0.077629 0.142134
