2 0.350216 1.273335 0.096204 0.126018
2 0.254207 1.279781 0.100769 0.133278
5 0.770512 1.038322 0.062956 0.137040
2 0.531520 1.280858 0.107015 0.131226
5 0.852030 1.030348 0.062390 0.145444
2 0.439604 1.262147 0.096881 0.140567
5 1.126305 0.754321 0.057437 0.181047
2 0.152336 1.293739 0.106624 0.133774
2 0.632690 1.267908 0.096820 0.130203
5 0.669867 1.044625 0.064127 0.142207
5 0.589706 0.810049 0.057373 0.116963
5 0.512137 1.053055 0.073946 0.137206
5 0.873058 0.957003 0.072880 0.120187
7 1.127894 1.010221 0.082153 0.174247
5 0.513346 0.820364 0.069695 0.115717
2 0.339897 1.073051 0.092875 0.139465
2 0.590155 1.049762 0.075020 0.134990
2 0.301449 0.847634 0.081747 0.111555
2 0.259481 1.069780 0.094062 0.132791
7 1.128191 1.228807 0.068475 0.147648
2 0.084580 1.072307 0.093269 0.136796
2 0.738281 1.249045 0.090833 0.125414
5 0.429421 1.062606 0.089790 0.146295
2 0.429285 1.062308 0.090778 0.146819
