2 0.656004 0.549854 0.060049 0.059905
2 0.234580 0.660904 0.049163 0.078121
2 0.131600 0.692923 0.053201 0.074871
2 0.234528 0.547694 0.044505 0.075977
2 0.189479 0.555897 0.044536 0.078617
2 0.292526 0.658952 0.057560 0.068098
2 0.183622 0.679576 0.050691 0.069572
2 0.328003 0.520898 0.047499 0.071216
2 0.271396 0.523626 0.065271 0.103504
2 0.070564 0.714220 0.060765 0.069902
2 0.372694 0.513022 0.044154 0.071553
2 0.345602 0.641636 0.061758 0.069971
7 0.483196 0.465521 0.097662 0.110926
2 0.725547 0.435032 0.050798 0.058627
2 0.566629 0.568828 0.063620 0.067466
