2 0.607128 0.887263 0.133013 0.060707
2 0.373167 0.910295 0.123788 0.069394
2 0.120606 0.942478 0.121273 0.060288
2 0.044805 0.948292 0.088295 0.067842
2 0.193144 0.926525 0.133653 0.070600
2 0.666193 0.875602 0.121235 0.058828
2 0.049475 0.836272 0.096885 0.051220
2 0.454605 0.901056 0.116583 0.069979
2 0.410734 0.801401 0.110269 0.053540
2 0.260282 0.811613 0.108843 0.058020
2 0.510862 0.886595 0.125817 0.071380
2 0.169938 0.888456 0.136405 0.046074
2 0.812996 0.862647 0.130165 0.055928
2 0.326441 0.805744 0.107917 0.052930
2 0.176317 0.812614 0.109326 0.065488
2 0.783329 0.861624 0.189854 0.060360
2 0.950580 0.692937 0.096943 0.046024
2 0.110499 0.827519 0.119889 0.060882
2 0.333942 0.873465 0.117206 0.043592
