2 0.041643 0.866575 0.064474 0.071757
5 0.198420 0.740528 0.041994 0.080249
5 0.504143 0.597025 0.034239 0.065736
5 0.801334 0.583521 0.042928 0.068913
2 0.027669 0.624937 0.044663 0.064911
5 0.810222 0.705505 0.037154 0.086347
5 0.754948 0.579448 0.030945 0.067780
2 0.105348 0.622602 0.040966 0.057605
5 0.243122 0.735567 0.037694 0.071789
5 0.584957 0.589955 0.033172 0.063987
5 0.667868 0.576091 0.031739 0.086140
5 0.427357 0.729018 0.041475 0.074100
5 0.713794 0.575073 0.036960 0.085056
2 0.070958 0.623356 0.040562 0.061574
5 0.544030 0.590290 0.031638 0.066501
5 0.568946 0.721796 0.032366 0.078445
