5 0.265746 0.711119 0.039163 0.077519
5 0.954918 0.850098 0.089702 0.113405
2 0.864902 0.610466 0.037591 0.062920
2 0.338540 0.833655 0.044620 0.074251
5 0.833288 0.509133 0.025482 0.052122
2 0.908480 0.746293 0.045396 0.077521
5 0.806873 0.732809 0.052014 0.097178
2 0.908906 0.611928 0.037713 0.062109
2 0.389952 0.837094 0.044824 0.068885
2 0.079720 0.704772 0.050395 0.069399
2 0.280445 0.836638 0.049000 0.068602
5 0.651353 0.729060 0.038300 0.089897
5 0.648877 0.606127 0.036896 0.067423
2 0.825276 0.609308 0.037656 0.064605
2 0.860761 0.741485 0.045594 0.080276
2 0.779122 0.610288 0.030340 0.066015
