2 0.870933 0.161995 0.050391 0.077402
2 0.872803 0.280867 0.052486 0.068632
2 0.822065 0.164556 0.049996 0.076954
2 0.766157 0.153557 0.058051 0.102589
2 0.059215 0.306287 0.050180 0.071765
5 0.143418 0.179298 0.047770 0.089918
2 0.766861 0.295621 0.053842 0.070475
2 0.680084 0.167955 0.044316 0.080603
2 0.980849 0.035061 0.038043 0.065498
2 0.119086 0.304615 0.047559 0.071571
2 0.822590 0.290844 0.057918 0.069500
5 0.290195 0.178397 0.040558 0.077559
2 0.707428 0.283919 0.048984 0.076003
2 0.038190 0.180689 0.047982 0.073853
2 0.992969 0.151050 0.013753 0.062215
