2 0.637577 0.419122 0.043414 0.065230
2 0.553033 0.408857 0.055886 0.081378
2 0.782994 0.426924 0.044645 0.065449
5 0.486747 0.288208 0.038368 0.066830
2 0.692809 0.518971 0.056422 0.062978
2 0.601649 0.416197 0.045824 0.071502
5 0.741567 0.521256 0.047253 0.069869
2 0.375197 0.516767 0.050133 0.065303
5 0.763724 0.222401 0.047578 0.061488
2 0.607556 0.513973 0.063993 0.067505
5 0.474081 0.272372 0.064546 0.096772
2 0.748204 0.422515 0.049948 0.073840
5 0.676239 0.417727 0.033227 0.063728
7 0.526607 0.192867 0.032427 0.050986
