5 0.963255 0.333331 0.044605 0.069691
2 0.895824 0.458758 0.046825 0.080047
5 0.702009 0.233579 0.036620 0.063186
5 0.179757 0.462746 0.043812 0.081678
2 0.901986 0.573713 0.052439 0.070277
5 0.133248 0.445861 0.061172 0.111217
5 0.612119 0.466115 0.039518 0.075037
5 0.629178 0.335889 0.033341 0.066936
5 0.564502 0.460633 0.038461 0.076019
5 0.795470 0.457837 0.047986 0.077361
2 0.848744 0.458954 0.044728 0.079008
5 0.382044 0.327419 0.033331 0.093389
5 0.662028 0.460198 0.040567 0.076874
5 0.511557 0.447523 0.041848 0.109693
2 0.153005 0.585691 0.050454 0.069610
