2 0.552784 0.297835 0.040027 0.062837
2 0.282107 0.337765 0.073181 0.060008
2 0.514883 0.302291 0.040259 0.062590
2 0.586253 0.294961 0.038254 0.059960
2 0.413889 0.319376 0.034709 0.059227
2 0.659247 0.286535 0.042120 0.061414
2 0.484182 0.311204 0.032416 0.058002
2 0.188671 0.268300 0.036030 0.051947
2 0.140574 0.278423 0.030608 0.048577
2 0.238733 0.260189 0.032706 0.045988
2 0.162723 0.274150 0.028964 0.046437
2 0.213046 0.265656 0.031328 0.048245
2 0.625110 0.288594 0.037842 0.057563
2 0.113659 0.290575 0.032615 0.046840
2 0.372982 0.227797 0.042340 0.061068
2 0.012670 0.385232 0.025314 0.044672
2 0.038012 0.375651 0.037285 0.056618
2 0.859845 0.386178 0.044627 0.074861
2 0.985723 0.238752 0.028321 0.072298
2 0.984885 0.499166 0.029767 0.074391
2 0.551248 0.420555 0.034923 0.065340
2 0.264489 0.254545 0.029059 0.046803
2 0.698184 0.279742 0.038949 0.063343
2 0.542220 0.524635 0.053271 0.064004
2 0.768322 0.397788 0.048903 0.077737
2 0.064806 0.300242 0.026588 0.045108
2 0.291667 0.244495 0.030830 0.051529
2 0.089863 0.289687 0.030721 0.049319
5 0.678819 0.403625 0.042561 0.081444
2 0.448785 0.317529 0.037438 0.056595
2 0.812644 0.389955 0.041533 0.072176
2 0.512491 0.418516 0.036768 0.068920
2 0.341196 0.234769 0.030646 0.045069
