9 0.528732 0.511469 0.061836 0.081217
2 0.336621 0.518051 0.058657 0.075767
7 0.808379 0.301705 0.045937 0.066843
7 0.385296 0.097355 0.077221 0.062515
2 0.687851 0.417980 0.050591 0.086990
7 0.627023 0.407345 0.062883 0.112394
2 0.525463 0.135741 0.054643 0.043115
2 0.507497 0.156680 0.053898 0.039138
2 0.808363 0.302229 0.046212 0.065915
2 0.552797 0.125847 0.040757 0.033962
2 0.753824 0.300084 0.039280 0.068630
2 0.561587 0.074848 0.031672 0.020518
2 0.239641 0.560819 0.065857 0.083904
2 0.936755 0.403075 0.055171 0.075788
9 0.649778 0.306137 0.046931 0.078141
2 0.502554 0.164650 0.045636 0.031895
5 0.923952 0.296266 0.043308 0.077451
2 0.507862 0.071890 0.028292 0.027014
2 0.477709 0.183950 0.031713 0.045401
