2 0.903650 0.895826 0.151712 0.176168
2 0.805915 0.897529 0.144829 0.186637
2 0.713359 0.926694 0.132696 0.144778
2 0.309009 0.523632 0.070122 0.054101
2 0.570345 0.780747 0.084935 0.107204
2 0.596532 0.363038 0.044649 0.038806
5 0.249137 0.460326 0.053416 0.051525
5 0.335447 0.365240 0.020890 0.037939
5 0.731238 0.726265 0.088381 0.105931
2 0.398514 0.551625 0.097452 0.069990
7 0.728038 0.725833 0.095082 0.105645
2 0.694057 0.578294 0.085828 0.074503
5 0.321955 0.437957 0.037628 0.048554
5 0.072788 0.437219 0.055810 0.043910
5 0.694076 0.578606 0.085986 0.074287
7 0.472096 0.401980 0.029425 0.042321
