2 0.140052 0.644774 0.038005 0.055469
2 0.183244 0.644781 0.038003 0.052126
2 0.250790 0.633999 0.041508 0.063026
2 0.264374 0.868048 0.058945 0.067662
2 0.289788 0.631269 0.041591 0.062724
2 0.070957 0.551943 0.036910 0.046357
2 0.217666 0.639676 0.036511 0.056082
5 0.983847 0.715127 0.030734 0.067118
2 0.110614 0.763513 0.046819 0.070685
2 0.104970 0.547557 0.049608 0.060509
5 0.731924 0.734242 0.041126 0.079608
5 0.683812 0.734353 0.040513 0.087054
2 0.323856 0.631076 0.040048 0.056590
2 0.017094 0.556865 0.034094 0.051663
2 0.152434 0.762056 0.043767 0.068296
2 0.397889 0.627898 0.042660 0.059590
5 0.882350 0.584148 0.032095 0.087290
2 0.018791 0.651293 0.036186 0.053724
2 0.044696 0.554814 0.036679 0.048750
2 0.281791 0.758372 0.040455 0.071163
2 0.363877 0.626813 0.040072 0.057168
5 0.408972 0.747139 0.046494 0.080268
5 0.840986 0.586665 0.035390 0.089265
5 0.279262 0.528767 0.035901 0.050453
2 0.240508 0.751882 0.043247 0.069412
