2 0.333505 0.409069 0.039443 0.072772
2 0.140702 0.216208 0.047128 0.064609
2 0.363600 0.279501 0.038582 0.058506
2 0.329701 0.284285 0.039629 0.064050
2 0.106698 0.223783 0.033110 0.047975
2 0.436308 0.270178 0.042913 0.061960
2 0.054457 0.233760 0.034964 0.054495
2 0.010904 0.143275 0.021734 0.033386
2 0.025135 0.247207 0.032157 0.047502
2 0.291561 0.288635 0.040354 0.063718
2 0.081730 0.230479 0.031885 0.050438
2 0.327038 0.513835 0.055331 0.067267
5 0.878269 0.307340 0.044023 0.114166
2 0.378441 0.174865 0.032634 0.049995
2 0.399928 0.272225 0.033099 0.058903
5 0.931716 0.299823 0.037163 0.105209
2 0.309997 0.180927 0.034143 0.052997
5 0.927981 0.169221 0.035045 0.093103
5 0.727823 0.347352 0.041632 0.091358
2 0.167268 0.020757 0.028354 0.023346
2 0.021538 0.121044 0.025287 0.032413
2 0.231470 0.417437 0.077744 0.069801
2 0.291864 0.406836 0.038054 0.071126
2 0.346160 0.176742 0.034599 0.049701
2 0.210843 0.420625 0.040753 0.065221
2 0.156455 0.428356 0.063946 0.072755
