2 0.564731 0.540540 0.048882 0.070583
2 0.610013 0.535116 0.043786 0.069620
2 0.581446 0.661643 0.054763 0.072567
2 0.471182 0.671477 0.047563 0.075522
2 0.476152 0.561898 0.039630 0.072166
2 0.904705 0.588329 0.058401 0.064072
2 0.528642 0.676232 0.055650 0.070153
2 0.512273 0.539206 0.058621 0.099771
2 0.625698 0.643197 0.052823 0.063401
2 0.434492 0.564094 0.044792 0.077455
5 0.379140 0.435504 0.045681 0.079706
2 0.807418 0.603126 0.065560 0.068661
2 0.422773 0.687236 0.043237 0.068171
2 0.907383 0.493352 0.063816 0.064262
5 0.109192 0.381275 0.027541 0.053978
5 0.086039 0.483571 0.037856 0.090619
5 0.137422 0.597578 0.041471 0.106484
5 0.178008 0.481639 0.032746 0.066297
