2 0.739234 0.620579 0.042316 0.073070
5 0.597536 0.454953 0.039629 0.068073
5 0.281768 0.743383 0.045999 0.077565
7 0.796855 0.389053 0.031136 0.053284
7 0.764141 0.391842 0.035903 0.050925
2 0.783783 0.614245 0.041370 0.071566
2 0.664604 0.729498 0.050389 0.076512
5 0.344663 0.628676 0.036463 0.080568
2 0.117069 0.759911 0.053008 0.072925
5 0.397787 0.749019 0.048887 0.073684
2 0.176907 0.750542 0.049350 0.074545
2 0.693236 0.489746 0.037065 0.062507
5 0.447562 0.620464 0.035874 0.084615
2 0.695805 0.614762 0.048837 0.078796
5 0.491340 0.619659 0.036314 0.087873
2 0.151172 0.510283 0.042368 0.061821
2 0.734248 0.488881 0.038106 0.059671
2 0.817802 0.495941 0.045352 0.057333
5 0.656352 0.491342 0.034284 0.062321
