2 0.789010 0.625976 0.044635 0.071974
2 0.106708 0.662299 0.047175 0.074333
2 0.834956 0.618969 0.046106 0.073476
2 0.741766 0.498238 0.037167 0.063468
5 0.532057 0.511570 0.035433 0.067622
2 0.825797 0.495092 0.048504 0.072050
5 0.320018 0.522944 0.035243 0.064973
7 0.843114 0.391821 0.032890 0.053830
2 0.745010 0.625056 0.043382 0.078248
2 0.783765 0.495606 0.036800 0.058124
5 0.705592 0.499262 0.031300 0.063202
2 0.868723 0.499103 0.044096 0.058753
5 0.451667 0.768205 0.049747 0.072918
2 0.171942 0.787227 0.049882 0.072575
2 0.231935 0.776626 0.047544 0.074453
7 0.880704 0.396373 0.038445 0.052053
5 0.540955 0.632609 0.037750 0.083905
5 0.301976 0.654798 0.038146 0.081516
5 0.395278 0.649151 0.036883 0.082378
5 0.440499 0.645161 0.035751 0.077990
