2 1.146819 1.246920 0.101773 0.091759
2 1.291497 1.257390 0.097266 0.110061
2 1.085109 1.225520 0.092416 0.093803
2 1.747294 1.354217 0.102407 0.107414
2 1.434950 1.297930 0.103804 0.104921
2 1.510336 1.308789 0.108293 0.110526
2 1.668006 1.338276 0.122297 0.120155
2 1.464745 1.395965 0.095137 0.059528
2 0.523784 1.033504 0.087713 0.040644
2 1.587149 1.318327 0.101180 0.119375
2 1.812908 1.368340 0.066063 0.108290
2 1.090433 0.936848 0.063241 0.061872
2 1.016787 1.035474 0.073249 0.064774
2 0.066751 0.832811 0.084100 0.053164
6 0.700937 1.543820 1.388728 0.602643
2 1.001339 1.285370 0.106459 0.050915
2 1.626616 1.445011 0.087549 0.051272
2 1.104106 1.096664 0.072053 0.044215
2 1.813403 1.481190 0.065070 0.079825
2 1.722673 1.467646 0.122852 0.067464
7 1.809529 1.105201 0.067068 0.084452
2 0.796812 1.232304 0.091774 0.041268
2 0.662694 1.010464 0.107317 0.086097
2 0.517583 0.980116 0.074108 0.065873
2 1.543226 0.964548 0.085054 0.072794
2 1.531176 1.423634 0.102271 0.050313
2 0.408976 0.964203 0.074239 0.078324
