2 1.596535 1.350402 0.073843 0.085910
2 1.711672 1.251963 0.071649 0.079764
2 1.163309 0.999399 0.054837 0.052005
2 1.652262 1.361472 0.076279 0.100459
2 1.732787 1.367957 0.103402 0.119071
2 1.771858 1.263691 0.063551 0.082660
2 1.531400 1.326198 0.069645 0.081374
2 1.819255 1.285333 0.053663 0.072482
2 1.055387 0.982781 0.044084 0.046697
2 1.631552 1.492270 0.086361 0.087629
2 0.924228 0.958877 0.057868 0.042811
2 1.785666 1.403370 0.070605 0.091051
2 1.227550 0.895303 0.030635 0.037522
2 1.197412 1.009746 0.047280 0.043716
2 1.601907 1.218015 0.060443 0.061492
2 0.994294 0.962700 0.041096 0.048982
