2 0.644677 0.543892 0.030877 0.041087
2 0.058161 0.508193 0.028581 0.046247
2 0.466349 0.561377 0.028467 0.038874
2 0.028848 0.604995 0.037244 0.049331
2 0.380515 0.569823 0.026441 0.038254
2 0.176324 0.405150 0.019780 0.031517
2 0.593560 0.544729 0.035171 0.045786
2 0.352417 0.570239 0.028317 0.043693
2 0.357695 0.515485 0.022832 0.040567
2 0.284617 0.439743 0.022989 0.031803
2 0.439492 0.569363 0.028525 0.042367
2 0.103468 0.404367 0.021962 0.034930
2 0.332602 0.516822 0.024210 0.040829
2 0.026058 0.406721 0.026858 0.034446
2 0.012242 0.462916 0.024243 0.044819
2 0.116877 0.528079 0.028023 0.046463
2 0.128306 0.404479 0.022744 0.036446
2 0.317015 0.576457 0.030233 0.044101
2 0.039951 0.464472 0.022595 0.036826
2 0.380069 0.447287 0.025680 0.042255
2 0.262277 0.450735 0.022566 0.044851
2 0.153582 0.404441 0.021402 0.036494
2 0.495668 0.561302 0.027041 0.037489
2 0.199999 0.403188 0.019998 0.033242
2 0.052405 0.405749 0.024617 0.033879
2 0.069451 0.461596 0.024769 0.043186
2 0.354611 0.402398 0.020046 0.030456
2 0.462458 0.510150 0.024800 0.038288
2 0.220028 0.587054 0.026189 0.043968
2 0.083347 0.532178 0.030842 0.048747
2 0.619725 0.441330 0.039196 0.043014
2 0.128629 0.459207 0.024744 0.041209
2 0.312254 0.401399 0.022671 0.034256
2 0.183707 0.589346 0.027311 0.046114
2 0.408450 0.564259 0.028490 0.041736
2 0.149950 0.527695 0.026883 0.050345
2 0.222851 0.403587 0.020869 0.033088
2 0.486654 0.507260 0.023782 0.037413
2 0.384873 0.515059 0.026575 0.039316
2 0.077293 0.406665 0.022913 0.030916
2 0.436716 0.513161 0.022508 0.039607
2 0.514340 0.448637 0.022230 0.035698
2 0.111477 0.594539 0.026760 0.047423
2 0.582787 0.500093 0.028810 0.036160
2 0.315312 0.459363 0.023692 0.035271
2 0.352248 0.487847 0.023333 0.030636
2 0.184665 0.453144 0.025060 0.044590
2 0.448673 0.486313 0.023420 0.035384
2 0.309124 0.437919 0.022047 0.032074
2 0.211049 0.456258 0.022025 0.042378
2 0.411067 0.515259 0.025540 0.036689
2 0.710303 0.537365 0.027513 0.037936
2 0.100319 0.462043 0.024228 0.038852
2 0.182106 0.528587 0.026780 0.044059
2 0.290118 0.402330 0.018844 0.034509
2 0.288084 0.575829 0.020779 0.036157
2 0.245821 0.405254 0.020494 0.032051
2 0.690915 0.538179 0.029513 0.038485
2 0.236885 0.455388 0.022938 0.039481
2 0.332916 0.401299 0.020393 0.034164
2 0.405558 0.448538 0.022687 0.039874
2 0.271798 0.508536 0.026986 0.054007
2 0.626885 0.499484 0.033769 0.041126
2 0.014151 0.532696 0.028164 0.051089
2 0.157449 0.456647 0.023772 0.038659
2 0.619164 0.543710 0.030953 0.046473
2 0.473816 0.481884 0.026333 0.033186
2 0.325929 0.492910 0.023047 0.036238
2 0.376751 0.403511 0.018681 0.026080
2 0.213857 0.501768 0.022880 0.037237
2 0.428241 0.484116 0.026094 0.034368
2 0.250366 0.580906 0.025350 0.045082
2 0.404834 0.485796 0.027109 0.032057
2 0.269886 0.402971 0.020032 0.033857
2 0.302193 0.517381 0.023899 0.039627
2 0.686573 0.493637 0.027734 0.033995
2 0.380005 0.485446 0.026611 0.032467
2 0.704861 0.491897 0.026115 0.032735
2 0.592633 0.444690 0.024590 0.035502
2 0.296855 0.491176 0.024156 0.039246
2 0.243327 0.522862 0.025917 0.045194
2 0.451415 0.447902 0.028353 0.043108
2 0.426578 0.447883 0.024523 0.038188
2 0.145723 0.598150 0.024028 0.037248
2 0.357497 0.454615 0.022399 0.035702
2 0.585187 0.486716 0.028923 0.034138
2 0.338949 0.454585 0.019706 0.040464
2 0.557662 0.501373 0.028618 0.037817
2 0.566117 0.449215 0.031353 0.037544
2 0.536154 0.446005 0.019459 0.034329
2 0.356547 0.447089 0.022589 0.044817
2 0.541550 0.479602 0.029345 0.035277
2 0.048912 0.442857 0.023215 0.039921
2 0.270929 0.500100 0.026482 0.041641
2 0.649077 0.496054 0.029142 0.037531
2 0.627259 0.441998 0.030091 0.041504
2 0.310480 0.442598 0.022879 0.041509
2 0.540465 0.435304 0.025122 0.033580
2 0.549579 0.402719 0.021256 0.027117
2 0.399245 0.437794 0.025818 0.027511
2 0.727019 0.492251 0.030022 0.035836
2 0.118381 0.512908 0.027326 0.050798
2 0.332351 0.440063 0.024095 0.030726
2 0.130724 0.446665 0.026184 0.037181
2 0.662908 0.444759 0.035370 0.032356
2 0.158030 0.440892 0.022759 0.033322
2 0.562182 0.485546 0.028756 0.029007
2 0.336212 0.451610 0.023513 0.045983
2 0.532185 0.401072 0.022678 0.031087
2 0.637771 0.496148 0.035083 0.039629
2 0.093297 0.505978 0.030115 0.041641
2 0.437314 0.485591 0.032893 0.032468
2 0.611164 0.404428 0.021528 0.027860
2 0.641987 0.404100 0.021943 0.028671
2 0.717764 0.440066 0.025649 0.033726
2 0.666766 0.496541 0.024765 0.035630
2 0.006236 0.404712 0.012134 0.038608
2 0.596514 0.404527 0.019578 0.027082
2 0.669519 0.542540 0.026460 0.038496
2 0.153512 0.504612 0.027487 0.042735
2 0.182700 0.501548 0.024777 0.036911
2 0.236408 0.445499 0.023076 0.039700
2 0.349124 0.401737 0.020146 0.033262
2 0.659817 0.404911 0.026578 0.031319
2 0.663414 0.493954 0.032495 0.034542
2 0.561208 0.493239 0.026343 0.038580
2 0.613107 0.440638 0.025931 0.043557
2 0.631962 0.403423 0.027294 0.029807
2 0.607542 0.487718 0.025082 0.034463
2 0.684468 0.443324 0.025294 0.030720
2 0.043385 0.461328 0.028179 0.037815
2 0.648968 0.442406 0.023788 0.037922
2 0.521904 0.428231 0.019501 0.024228
2 0.700029 0.442528 0.024669 0.030160
2 0.667754 0.425076 0.023159 0.021873
2 0.582865 0.403142 0.023507 0.030762
2 0.022857 0.444918 0.023281 0.037065
2 0.047456 0.452588 0.024801 0.031587
2 0.145933 0.594120 0.028413 0.040848
2 0.241709 0.498184 0.023128 0.037827
2 0.567367 0.403697 0.019626 0.029024
2 0.585763 0.479561 0.025794 0.032138
2 0.504566 0.427579 0.021323 0.023017
2 0.100639 0.437329 0.022562 0.032790
2 0.612317 0.408071 0.025407 0.029895
2 0.638935 0.406412 0.034050 0.035284
2 0.648990 0.428295 0.021539 0.024916
2 0.744355 0.534759 0.020261 0.035030
2 0.534079 0.430902 0.020275 0.029610
2 0.563850 0.480979 0.025819 0.029361
2 0.663224 0.410042 0.033242 0.040264
2 0.726516 0.481683 0.030281 0.044459
2 0.723440 0.472959 0.025010 0.029311
2 0.703622 0.484719 0.028043 0.043163
2 0.679908 0.474187 0.026563 0.027856
2 0.650645 0.473310 0.028594 0.028657
2 0.587028 0.444011 0.025221 0.038911
2 0.355281 0.430833 0.021404 0.028194
2 0.607413 0.475640 0.026825 0.027025
2 0.379118 0.440427 0.023758 0.042205
2 0.156591 0.499395 0.025894 0.046195
2 0.603907 0.499057 0.025303 0.040594
2 0.646477 0.475635 0.026549 0.026494
2 0.586121 0.409521 0.030448 0.028818
2 0.298361 0.481901 0.020765 0.053368
2 0.697004 0.474785 0.025011 0.029301
2 0.680981 0.495703 0.037177 0.032407
2 0.516243 0.402218 0.023138 0.028506
2 0.616845 0.501860 0.032839 0.038523
