2 0.898925 0.575903 0.031204 0.049040
2 0.972093 0.648749 0.040665 0.052648
2 0.332052 0.640873 0.032768 0.044270
2 0.812597 0.454044 0.023054 0.036315
2 0.894615 0.639014 0.033365 0.043818
2 0.558490 0.641172 0.028191 0.044018
2 0.821375 0.641031 0.033433 0.045017
2 0.579366 0.558751 0.023185 0.042373
2 0.929405 0.638246 0.038314 0.051914
2 0.931425 0.575498 0.031231 0.046762
2 0.924481 0.505704 0.027100 0.040476
2 0.983151 0.502649 0.033497 0.048112
2 0.788719 0.457236 0.020722 0.034250
2 0.894493 0.507107 0.027237 0.039072
2 0.837595 0.578125 0.026074 0.041875
2 0.865628 0.577778 0.026301 0.042972
2 0.507436 0.506743 0.020407 0.031153
2 0.981769 0.550678 0.033155 0.039915
2 0.497809 0.471038 0.018856 0.031471
2 0.699859 0.461752 0.018090 0.033198
2 0.714004 0.555712 0.022922 0.038454
2 0.835541 0.452697 0.023012 0.037927
2 0.721281 0.461945 0.019733 0.032055
2 0.965576 0.579109 0.031456 0.044823
2 0.423289 0.474854 0.021032 0.029726
2 0.889126 0.549091 0.030336 0.037101
2 0.458778 0.473405 0.020890 0.029196
2 0.860548 0.635859 0.033206 0.046109
2 0.479216 0.470947 0.019826 0.030701
2 0.686611 0.509900 0.023260 0.045423
2 0.588558 0.516488 0.019578 0.038314
2 0.897152 0.566467 0.029215 0.041386
2 0.297464 0.587297 0.029689 0.040236
2 0.721328 0.641059 0.024421 0.044079
2 0.768357 0.459020 0.020238 0.033737
2 0.613239 0.516019 0.019720 0.037019
2 0.534781 0.469137 0.020022 0.033404
2 0.622101 0.639497 0.025368 0.043991
2 0.656138 0.579748 0.023865 0.045159
2 0.859043 0.549280 0.026947 0.035676
2 0.486653 0.504939 0.023004 0.035025
2 0.891716 0.502154 0.028528 0.047082
2 0.599654 0.580732 0.026990 0.048452
2 0.574572 0.468651 0.019920 0.030223
2 0.627683 0.576103 0.023819 0.039817
2 0.514928 0.470778 0.017934 0.030474
2 0.685027 0.553866 0.022278 0.030986
2 0.783535 0.495887 0.022926 0.031912
2 0.637451 0.512005 0.022620 0.044067
2 0.865383 0.511689 0.025836 0.036940
2 0.711496 0.511550 0.022017 0.044277
2 0.217783 0.518088 0.026724 0.031743
2 0.761621 0.509149 0.023246 0.041847
2 0.678712 0.464093 0.018098 0.031082
2 0.457051 0.563594 0.026232 0.034400
2 0.750752 0.637766 0.025728 0.043329
2 0.685249 0.581235 0.024532 0.039464
2 0.858855 0.453488 0.021818 0.033405
2 0.810161 0.491888 0.022123 0.029377
2 0.661788 0.513367 0.021355 0.039231
2 0.554848 0.469949 0.019402 0.030093
2 0.744322 0.462707 0.020966 0.032770
2 0.950962 0.502981 0.029615 0.041878
2 0.844019 0.512276 0.021126 0.039074
2 0.829664 0.551210 0.025867 0.033235
2 0.476526 0.526680 0.021612 0.033225
2 0.789543 0.638484 0.023047 0.042051
2 0.817355 0.514219 0.023007 0.038253
2 0.659059 0.552723 0.023363 0.033084
2 0.614907 0.466484 0.017496 0.030763
2 0.834525 0.491554 0.022181 0.029774
2 0.920270 0.547826 0.031692 0.039181
2 0.528017 0.641624 0.027905 0.043049
2 0.770346 0.553558 0.029049 0.037697
2 0.635781 0.465684 0.019484 0.033756
2 0.185663 0.487643 0.021281 0.030972
2 0.344801 0.583890 0.026162 0.043267
2 0.742786 0.552559 0.024948 0.032443
2 0.736112 0.516252 0.022749 0.033985
2 0.346828 0.512814 0.023429 0.031382
2 0.594717 0.468476 0.017828 0.028283
2 0.950918 0.548939 0.028833 0.041451
2 0.246157 0.541092 0.026469 0.031599
2 0.454551 0.524125 0.021422 0.031936
2 0.270902 0.531265 0.023858 0.033388
2 0.885985 0.454020 0.022703 0.030665
2 0.372597 0.583563 0.025749 0.044047
2 0.434194 0.525549 0.020877 0.030118
2 0.653536 0.646559 0.024626 0.034598
2 0.507867 0.557131 0.025983 0.032450
2 0.545065 0.517312 0.022782 0.040868
2 0.630439 0.552469 0.023626 0.033019
2 0.366527 0.560486 0.027523 0.031525
2 0.393473 0.523228 0.022539 0.040237
2 0.194653 0.526212 0.024471 0.024524
2 0.409600 0.563836 0.025560 0.035283
2 0.569421 0.509773 0.023252 0.037642
2 0.440988 0.473092 0.017958 0.029264
2 0.890196 0.493361 0.029601 0.035902
2 0.521987 0.514697 0.020014 0.039177
2 0.310806 0.528040 0.027028 0.038159
2 0.054181 0.503551 0.024308 0.029163
2 0.386337 0.477115 0.020788 0.026438
2 0.432931 0.563609 0.024009 0.034610
2 0.404335 0.475127 0.020343 0.028004
2 0.686750 0.640980 0.025297 0.041897
2 0.412616 0.526089 0.020597 0.029522
2 0.567618 0.519709 0.022076 0.030999
2 0.342991 0.562892 0.023440 0.029630
2 0.320106 0.565081 0.026575 0.035944
2 0.657853 0.464428 0.019606 0.034137
2 0.605859 0.557779 0.023081 0.037418
2 0.735065 0.510263 0.023260 0.045525
2 0.073776 0.501682 0.022549 0.031543
2 0.210587 0.486984 0.022029 0.027229
2 0.836409 0.491831 0.025880 0.037796
2 0.797830 0.550543 0.026185 0.038726
2 0.290444 0.531197 0.020801 0.032399
2 0.743786 0.579911 0.026216 0.042316
2 0.161296 0.525649 0.023285 0.024370
2 0.859823 0.488605 0.021849 0.028452
2 0.159918 0.489206 0.017805 0.028373
2 0.771062 0.561556 0.026887 0.052999
2 0.425959 0.506577 0.021996 0.031051
2 0.772485 0.574180 0.026423 0.045626
2 0.804245 0.578900 0.026624 0.038155
2 0.155468 0.489917 0.018230 0.029728
2 0.372696 0.523069 0.023244 0.039456
2 0.169957 0.488765 0.017298 0.030247
2 0.545350 0.579338 0.022794 0.040694
2 0.520452 0.582003 0.025323 0.032229
2 0.861560 0.569168 0.026624 0.044583
2 0.255657 0.566628 0.025883 0.031674
2 0.444821 0.504406 0.018931 0.026456
2 0.184168 0.521717 0.022865 0.024811
2 0.140482 0.489888 0.018818 0.031286
2 0.527858 0.558852 0.023292 0.032314
2 0.183006 0.525757 0.017850 0.022965
2 0.231303 0.483603 0.022517 0.029513
2 0.863371 0.490666 0.025714 0.037887
2 0.463788 0.505590 0.025749 0.032901
2 0.344342 0.559453 0.027633 0.035132
2 0.484933 0.509657 0.024612 0.034722
2 0.370478 0.518259 0.022446 0.034483
2 0.493255 0.581314 0.021684 0.035220
2 0.236746 0.581809 0.022053 0.044923
2 0.048865 0.503975 0.024251 0.029915
2 0.141701 0.521640 0.023239 0.021830
2 0.120529 0.526884 0.024280 0.026197
2 0.326768 0.511962 0.024515 0.032937
2 0.440285 0.642943 0.026131 0.036954
2 0.130740 0.491227 0.017978 0.030671
2 0.911534 0.487287 0.027508 0.030030
2 0.142128 0.525603 0.024049 0.024245
2 0.834169 0.572824 0.027483 0.046780
2 0.760256 0.496204 0.021542 0.031061
2 0.289198 0.519376 0.023205 0.023349
2 0.367871 0.510926 0.023029 0.029489
2 0.804096 0.550902 0.029971 0.036656
2 0.121186 0.494046 0.020070 0.028024
2 0.056471 0.461993 0.026737 0.029685
2 0.054678 0.532497 0.026135 0.023105
2 0.305842 0.509929 0.023133 0.024025
2 0.454996 0.514928 0.023172 0.041535
2 0.203510 0.487723 0.022844 0.028036
2 0.547346 0.513534 0.024176 0.043987
2 0.987470 0.551608 0.024046 0.039273
2 0.523044 0.577359 0.024949 0.039490
2 0.991411 0.579340 0.017179 0.052789
2 0.379793 0.515799 0.032553 0.037127
2 0.016102 0.524314 0.030575 0.030672
2 0.252585 0.482255 0.026694 0.035096
2 0.946877 0.495752 0.034817 0.045766
2 0.734908 0.497983 0.020897 0.032667
2 0.993402 0.638305 0.013196 0.046723
2 0.813676 0.512582 0.027253 0.041864
2 0.824487 0.642489 0.023021 0.045767
2 0.105845 0.523799 0.025131 0.026340
2 0.412646 0.474342 0.023185 0.029896
2 0.506777 0.570211 0.024635 0.040241
2 0.021662 0.468599 0.025339 0.030957
2 0.627904 0.557842 0.024533 0.043164
2 0.085118 0.527531 0.022190 0.025338
2 0.351682 0.476312 0.022704 0.031245
2 0.067903 0.529820 0.022677 0.024932
2 0.102299 0.522584 0.027014 0.029649
2 0.961717 0.498688 0.027876 0.045216
2 0.601303 0.558901 0.025511 0.041549
2 0.739630 0.555568 0.025979 0.040651
2 0.037455 0.503848 0.017715 0.029765
2 0.104514 0.504767 0.022542 0.031979
2 0.818076 0.631373 0.030669 0.045316
2 0.162710 0.449470 0.019191 0.035995
2 0.105522 0.497472 0.021303 0.029975
