2 0.984177 0.608798 0.031346 0.052564
2 0.980525 0.676268 0.037884 0.047204
2 0.725885 0.492649 0.020073 0.032457
2 0.702638 0.493230 0.020307 0.032503
2 0.816803 0.490671 0.022864 0.032533
2 0.520571 0.589974 0.027542 0.033380
2 0.473222 0.589373 0.025981 0.035238
2 0.570843 0.535296 0.021107 0.030754
2 0.943977 0.672236 0.037094 0.049159
2 0.834376 0.537500 0.024318 0.045392
2 0.747604 0.491289 0.018378 0.031373
2 0.841437 0.486633 0.021370 0.035488
2 0.917612 0.610358 0.028542 0.044970
2 0.792273 0.673944 0.027247 0.045046
2 0.923472 0.542793 0.024334 0.040073
2 0.858169 0.524376 0.023769 0.032862
2 0.339133 0.554516 0.022072 0.032543
2 0.312602 0.565233 0.026536 0.033799
2 0.608739 0.545432 0.021581 0.040295
2 0.947767 0.542071 0.026695 0.038739
2 0.948538 0.610482 0.029535 0.046918
2 0.704839 0.540645 0.022526 0.046035
2 0.913387 0.480459 0.026822 0.038765
2 0.976956 0.534409 0.028552 0.048169
2 0.792334 0.490342 0.021232 0.031628
2 0.886214 0.522626 0.024283 0.030651
2 0.610164 0.607847 0.024616 0.043294
2 0.888187 0.481440 0.024135 0.035755
2 0.485318 0.502033 0.020629 0.028911
2 0.592864 0.671477 0.028258 0.042239
2 0.585809 0.544755 0.018817 0.035708
2 0.940626 0.581701 0.029305 0.038426
2 0.769235 0.489340 0.017365 0.033876
2 0.694719 0.608439 0.024523 0.046266
2 0.623633 0.671409 0.029174 0.043748
2 0.397934 0.665944 0.033119 0.043617
2 0.941179 0.482375 0.023223 0.032507
2 0.679395 0.546074 0.020931 0.035819
2 0.681114 0.493803 0.018399 0.030841
2 0.384857 0.589278 0.024955 0.035648
2 0.598549 0.496644 0.019783 0.031901
2 0.807948 0.542546 0.023776 0.038137
2 0.756545 0.539202 0.023803 0.045924
2 0.653957 0.545997 0.020515 0.037545
2 0.496143 0.588509 0.024093 0.033510
2 0.638549 0.495954 0.020803 0.030135
2 0.357434 0.557232 0.022231 0.031080
2 0.824376 0.671568 0.026889 0.045505
2 0.900188 0.676426 0.034876 0.045501
2 0.894992 0.546010 0.025455 0.037138
2 0.521971 0.500858 0.020804 0.030230
2 0.782667 0.544432 0.021106 0.036673
2 0.659573 0.496090 0.018860 0.029250
2 0.644888 0.588770 0.023330 0.042583
2 0.863212 0.485153 0.020656 0.034669
2 0.632380 0.547795 0.021303 0.034677
2 0.972824 0.581494 0.031303 0.040522
2 0.969663 0.482715 0.025344 0.029097
2 0.912686 0.521721 0.026003 0.030151
2 0.542337 0.550746 0.023778 0.034330
2 0.324887 0.591088 0.027187 0.031645
2 0.409683 0.612170 0.027336 0.037744
2 0.908302 0.583348 0.026073 0.035258
2 0.784478 0.586329 0.023263 0.036021
2 0.503639 0.500688 0.018685 0.028861
2 0.666230 0.611989 0.026042 0.045260
2 0.755532 0.585102 0.025808 0.036243
2 0.844066 0.588019 0.030997 0.043996
2 0.866156 0.671407 0.024089 0.040826
2 0.560247 0.499286 0.019762 0.028969
2 0.431201 0.586292 0.023748 0.029386
2 0.619045 0.497448 0.020621 0.031259
2 0.754767 0.612858 0.026044 0.044278
2 0.320439 0.510220 0.026085 0.035838
2 0.132651 0.528871 0.022679 0.028724
2 0.494714 0.539473 0.025757 0.038113
2 0.812813 0.585031 0.025324 0.034499
2 0.557277 0.608730 0.021611 0.036618
2 0.690586 0.670956 0.023956 0.043536
2 0.549394 0.531350 0.020349 0.033754
2 0.724221 0.612120 0.025341 0.047193
2 0.256081 0.513216 0.020970 0.030673
2 0.407347 0.586428 0.023022 0.027934
2 0.439141 0.547506 0.026859 0.041286
2 0.540072 0.553893 0.022031 0.033641
2 0.943550 0.516494 0.027459 0.028872
2 0.583945 0.608975 0.022181 0.031485
2 0.730459 0.544191 0.021752 0.035144
2 0.413115 0.538458 0.023392 0.029541
2 0.592507 0.586883 0.025398 0.033431
2 0.287766 0.545781 0.028252 0.031576
2 0.881081 0.610491 0.028122 0.038475
2 0.570382 0.586460 0.025536 0.036162
2 0.579509 0.498205 0.018582 0.030945
2 0.314195 0.560490 0.027588 0.035984
2 0.814956 0.611504 0.028859 0.044603
2 0.542271 0.499205 0.020403 0.030507
2 0.150521 0.527201 0.021647 0.028459
2 0.756676 0.673691 0.024950 0.043660
2 0.721265 0.676767 0.024074 0.038427
2 0.436315 0.541893 0.022239 0.032574
2 0.457218 0.550271 0.021595 0.032855
2 0.873819 0.582307 0.026117 0.038527
2 0.466626 0.502226 0.019579 0.027874
2 0.528801 0.536388 0.022574 0.032210
2 0.238904 0.516992 0.019651 0.027578
2 0.262695 0.552836 0.028200 0.022232
2 0.671495 0.587011 0.025349 0.036156
2 0.973031 0.522246 0.030952 0.035367
2 0.450153 0.503603 0.018797 0.028334
2 0.581523 0.588277 0.025535 0.039486
2 0.363232 0.611939 0.029653 0.040685
2 0.503376 0.537946 0.023865 0.034073
2 0.299483 0.510429 0.022848 0.032121
2 0.486677 0.538000 0.019067 0.034687
2 0.517595 0.548220 0.022086 0.036751
2 0.914453 0.605607 0.028027 0.044878
2 0.230414 0.552750 0.025369 0.021047
2 0.211410 0.519369 0.021268 0.028242
2 0.378663 0.550559 0.025225 0.033257
2 0.272626 0.513764 0.019290 0.028825
2 0.189532 0.521976 0.026069 0.027891
2 0.214939 0.551378 0.024876 0.022114
2 0.497454 0.552570 0.021197 0.029746
2 0.017812 0.559481 0.021273 0.021228
2 0.275935 0.513738 0.017632 0.028511
2 0.979377 0.582448 0.039480 0.040728
2 0.194491 0.551240 0.024481 0.025129
2 0.435941 0.609460 0.027310 0.033627
2 0.529222 0.532144 0.020080 0.030427
2 0.071710 0.557118 0.032339 0.023450
2 0.846589 0.602926 0.029952 0.052114
2 0.730325 0.523564 0.019325 0.025444
2 0.991121 0.520854 0.017759 0.031356
2 0.729225 0.584572 0.024524 0.036361
2 0.227950 0.516651 0.019860 0.029397
2 0.078595 0.558052 0.025368 0.021921
2 0.289588 0.512159 0.021569 0.029293
2 0.304056 0.607520 0.023374 0.044763
2 0.814279 0.603587 0.026144 0.055583
2 0.807829 0.528343 0.023007 0.033936
2 0.241236 0.514445 0.016913 0.029602
2 0.005101 0.552789 0.010202 0.026574
2 0.223352 0.517383 0.022195 0.030077
2 0.180379 0.522970 0.021993 0.029311
2 0.506541 0.531588 0.019340 0.026728
2 0.843331 0.584414 0.025488 0.038040
2 0.192992 0.520636 0.022267 0.028057
2 0.575936 0.585086 0.022969 0.037607
2 0.493653 0.533828 0.016908 0.029852
2 0.636313 0.531298 0.021136 0.032664
2 0.647351 0.543199 0.018717 0.041063
2 0.146940 0.553645 0.023561 0.024315
2 0.609909 0.595198 0.023813 0.044630
2 0.373708 0.544928 0.030435 0.034449
2 0.585318 0.550071 0.018280 0.032368
2 0.134035 0.489358 0.024706 0.028077
2 0.132585 0.555291 0.028000 0.022534
2 0.690758 0.586350 0.022494 0.035822
2 0.316615 0.588259 0.031132 0.030964
2 0.492304 0.550108 0.028089 0.033587
2 0.166933 0.554158 0.023362 0.019981
2 0.151071 0.553275 0.021863 0.023805
2 0.304190 0.599032 0.021007 0.039347
2 0.502880 0.673485 0.026621 0.031313
2 0.522262 0.532219 0.025333 0.031280
2 0.972581 0.517721 0.027320 0.032982
2 0.132126 0.556964 0.022013 0.020734
2 0.395337 0.538538 0.017539 0.030463
2 0.178349 0.542139 0.023348 0.021097
2 0.104170 0.496905 0.021260 0.028987
2 0.473558 0.545457 0.021736 0.042422
2 0.643596 0.599703 0.025958 0.055572
2 0.679908 0.523156 0.018549 0.024879
2 0.475110 0.552157 0.019434 0.030046
2 0.214753 0.545365 0.024455 0.023377
2 0.036526 0.556862 0.031516 0.024911
2 0.724710 0.602668 0.023920 0.040947
2 0.946964 0.533650 0.028808 0.050092
2 0.235160 0.479270 0.018163 0.033946
2 0.812852 0.593127 0.027153 0.050525
2 0.153833 0.525592 0.026782 0.031563
2 0.019401 0.507061 0.017127 0.018424
2 0.249232 0.540318 0.024540 0.024144
2 0.433710 0.596803 0.029631 0.050071
2 0.118363 0.530136 0.016871 0.029773
2 0.709255 0.584980 0.027062 0.036947
2 0.096808 0.557178 0.022725 0.022571
2 0.281918 0.514455 0.023098 0.028425
2 0.007698 0.509035 0.015396 0.018074
2 0.740754 0.491156 0.018387 0.033290
