2 0.930568 0.538425 0.040431 0.045516
2 0.952893 0.590572 0.041318 0.047463
2 0.706150 0.549257 0.026114 0.042526
2 0.653538 0.548335 0.025496 0.043976
2 0.982372 0.535428 0.034667 0.041132
2 0.230874 0.545460 0.030840 0.036266
2 0.678265 0.548052 0.026231 0.042661
2 0.901887 0.540746 0.029205 0.041932
2 0.874052 0.538698 0.033037 0.041115
2 0.044191 0.574507 0.036412 0.044390
2 0.326903 0.495504 0.022380 0.040438
2 0.620164 0.603683 0.028881 0.042841
2 0.844009 0.540201 0.031538 0.042256
2 0.887815 0.590706 0.043163 0.050096
2 0.286340 0.485578 0.021411 0.031384
2 0.710861 0.608185 0.029995 0.041551
2 0.087069 0.631747 0.039548 0.046639
2 0.104171 0.490807 0.025310 0.031929
2 0.625371 0.550608 0.023809 0.040111
2 0.177337 0.546586 0.029010 0.036952
2 0.203273 0.546076 0.025953 0.035755
2 0.300559 0.562549 0.025201 0.038067
2 0.488775 0.492556 0.020410 0.037634
2 0.601750 0.551289 0.024523 0.039658
2 0.739316 0.602680 0.032231 0.041261
2 0.600498 0.436204 0.020622 0.034746
2 0.498745 0.442796 0.019321 0.028829
2 0.440189 0.444800 0.018122 0.032123
2 0.459661 0.443738 0.016687 0.029202
2 0.339709 0.622116 0.029835 0.043483
2 0.301675 0.498416 0.020587 0.037953
2 0.620072 0.438199 0.019216 0.029220
2 0.554866 0.475979 0.019943 0.029043
2 0.436718 0.556889 0.023555 0.047014
2 0.736049 0.547765 0.027377 0.039944
2 0.919885 0.591125 0.037867 0.051270
2 0.371563 0.496141 0.019271 0.037198
2 0.327393 0.560237 0.025916 0.042152
2 0.580539 0.437312 0.021404 0.033886
2 0.275725 0.448440 0.020830 0.031191
2 0.192726 0.451668 0.023510 0.030678
2 0.205941 0.506133 0.025163 0.031595
2 0.534988 0.486056 0.021445 0.040712
2 0.263574 0.483542 0.022695 0.036282
2 0.350704 0.496498 0.022091 0.037978
2 0.013505 0.510889 0.026658 0.037173
2 0.985209 0.591582 0.029318 0.042094
2 0.676874 0.603129 0.031552 0.044435
2 0.479209 0.442378 0.016084 0.029518
2 0.606860 0.491461 0.020688 0.036729
2 0.812247 0.431442 0.025265 0.033819
2 0.792989 0.481672 0.023851 0.036919
2 0.719091 0.522534 0.026461 0.037215
2 0.337718 0.447846 0.021667 0.030885
2 0.316316 0.447299 0.021047 0.034170
2 0.465135 0.557610 0.023469 0.039568
2 0.306990 0.624219 0.026460 0.043674
2 0.648701 0.605070 0.028175 0.040722
2 0.519511 0.443284 0.019164 0.029381
2 0.577203 0.471610 0.020997 0.029796
2 0.361872 0.537457 0.023788 0.040100
2 0.377856 0.447753 0.019314 0.028584
2 0.586954 0.609178 0.028896 0.041526
2 0.396021 0.496073 0.020545 0.035484
2 0.035496 0.514394 0.028807 0.032383
2 0.180782 0.508473 0.024007 0.027622
2 0.466600 0.489861 0.022817 0.039591
2 0.772426 0.604061 0.031291 0.036930
2 0.512091 0.490763 0.021330 0.038013
2 0.357267 0.447353 0.020019 0.031071
2 0.815129 0.480434 0.023557 0.035117
2 0.961617 0.481752 0.027916 0.030393
2 0.674498 0.484045 0.023529 0.037809
2 0.541828 0.440455 0.018865 0.032555
2 0.911440 0.477448 0.033938 0.041810
2 0.398475 0.446080 0.018277 0.030622
2 0.419726 0.493466 0.020574 0.038200
2 0.496881 0.613558 0.023507 0.041432
2 0.559676 0.439040 0.018671 0.032777
2 0.295528 0.448366 0.020104 0.031973
2 0.935076 0.478254 0.030693 0.038666
2 0.647421 0.481099 0.024304 0.044054
2 0.885223 0.480303 0.028187 0.035400
2 0.256152 0.448403 0.022511 0.032393
2 0.228463 0.504951 0.022591 0.031859
2 0.761461 0.544625 0.026847 0.041756
2 0.542795 0.534101 0.024149 0.042230
2 0.062765 0.512571 0.031562 0.036984
2 0.525074 0.608911 0.024851 0.044764
2 0.625516 0.490696 0.022356 0.033153
2 0.217661 0.484754 0.026113 0.028148
2 0.194889 0.488195 0.025738 0.030723
2 0.080785 0.490204 0.025811 0.035075
2 0.583405 0.494506 0.021760 0.032816
2 0.567384 0.524625 0.022331 0.033826
2 0.405342 0.617472 0.024133 0.040562
2 0.382185 0.561577 0.026194 0.042776
2 0.213575 0.449256 0.020913 0.031016
2 0.171089 0.451563 0.024378 0.030267
2 0.232294 0.450831 0.023427 0.031562
2 0.251614 0.507017 0.023490 0.032984
2 0.434210 0.619170 0.023216 0.037549
2 0.602155 0.481784 0.026295 0.046687
2 0.695347 0.522343 0.026166 0.032680
2 0.157915 0.509434 0.025231 0.028891
2 0.240549 0.485063 0.025343 0.035049
2 0.102331 0.569277 0.034428 0.046314
2 0.207747 0.489651 0.027733 0.035167
2 0.286092 0.539483 0.027116 0.038984
2 0.418826 0.445210 0.018768 0.032784
2 0.833843 0.431895 0.023853 0.031676
2 0.861834 0.482189 0.031341 0.036292
2 0.070875 0.549038 0.030686 0.036129
2 0.309333 0.539831 0.025484 0.039428
2 0.444310 0.492925 0.022333 0.034234
2 0.558772 0.608062 0.023183 0.039243
2 0.721249 0.481258 0.030768 0.044081
2 0.130613 0.551008 0.032548 0.042336
2 0.669977 0.521496 0.027941 0.032821
2 0.593696 0.526491 0.024226 0.035640
2 0.409723 0.557251 0.024075 0.044735
2 0.955265 0.535402 0.036287 0.046784
2 0.134555 0.509058 0.027899 0.029369
2 0.696257 0.482616 0.025510 0.038358
2 0.491415 0.531767 0.020506 0.036143
2 0.582126 0.490852 0.026098 0.035022
2 0.747612 0.517686 0.027268 0.037449
2 0.149466 0.453312 0.022734 0.028637
2 0.233686 0.497088 0.028533 0.045696
2 0.544051 0.541318 0.026239 0.046504
2 0.270811 0.563095 0.023599 0.038573
2 0.890225 0.430974 0.023512 0.030068
2 0.825259 0.514624 0.030967 0.037750
2 0.905270 0.513188 0.030813 0.032274
2 0.464999 0.548695 0.023015 0.047724
2 0.386736 0.538648 0.025655 0.040541
2 0.672299 0.521837 0.026183 0.041924
2 0.466245 0.615425 0.024015 0.038762
2 0.127610 0.489621 0.026935 0.034158
2 0.643335 0.438158 0.019312 0.026962
2 0.055538 0.489817 0.030260 0.030101
2 0.647302 0.523190 0.026826 0.038800
2 0.789726 0.431689 0.022479 0.032930
2 0.801387 0.459700 0.023789 0.026451
2 0.956902 0.515668 0.036025 0.029435
2 0.620308 0.524508 0.024416 0.035557
2 0.126650 0.547069 0.030493 0.037086
2 0.824570 0.462690 0.023124 0.028932
2 0.517330 0.549996 0.022547 0.041378
2 0.909173 0.430520 0.022102 0.031181
2 0.948968 0.430556 0.024854 0.030813
2 0.597427 0.472619 0.022490 0.032340
2 0.155700 0.491245 0.026372 0.031930
2 0.958749 0.430511 0.020467 0.031942
2 0.931414 0.515480 0.034996 0.032929
2 0.951775 0.439571 0.026668 0.040229
2 0.411034 0.549832 0.023325 0.044069
2 0.329644 0.492957 0.023227 0.037404
2 0.969214 0.431202 0.035760 0.038318
2 0.982309 0.477290 0.034251 0.031120
2 0.868762 0.427518 0.028162 0.036924
2 0.878978 0.515058 0.031814 0.032217
2 0.098052 0.543782 0.026731 0.028644
2 0.929417 0.431359 0.027028 0.030547
2 0.132935 0.489125 0.022076 0.030058
2 0.864424 0.516606 0.035455 0.032256
2 0.570697 0.549728 0.022353 0.036744
2 0.623754 0.483650 0.023258 0.046837
2 0.511751 0.482512 0.019596 0.038698
2 0.622261 0.472763 0.022162 0.033627
2 0.957465 0.453599 0.026001 0.025242
2 0.359877 0.492619 0.019032 0.035911
2 0.982263 0.522508 0.035475 0.035300
2 0.850924 0.516480 0.025179 0.032838
2 0.307207 0.547558 0.027461 0.035895
2 0.465694 0.531474 0.021824 0.033659
2 0.516311 0.531283 0.021659 0.037158
2 0.847573 0.482658 0.029673 0.036103
2 0.444166 0.475630 0.018024 0.025686
2 0.981814 0.510011 0.035175 0.041170
2 0.982530 0.452458 0.034063 0.027454
2 0.354989 0.481032 0.019703 0.027517
2 0.853704 0.482385 0.036117 0.039182
2 0.248328 0.450553 0.019697 0.032683
2 0.143102 0.491733 0.036598 0.034906
2 0.962196 0.510108 0.036650 0.029976
2 0.039605 0.555878 0.031580 0.035237
2 0.132896 0.568085 0.033198 0.043075
2 0.855639 0.428758 0.023964 0.033134
2 0.898637 0.531564 0.029267 0.045308
2 0.781616 0.462477 0.023439 0.029905
2 0.597821 0.550683 0.030419 0.035736
2 0.068006 0.494187 0.032629 0.039896
2 0.911824 0.467977 0.030813 0.040425
2 0.180041 0.501570 0.024511 0.040670
2 0.874362 0.590070 0.023956 0.044918
2 0.846337 0.462078 0.022256 0.027854
2 0.933408 0.450844 0.029864 0.024862
2 0.420983 0.485020 0.021383 0.040780
2 0.867300 0.454311 0.032693 0.025052
2 0.974180 0.437835 0.044205 0.053096
2 0.032583 0.487438 0.029696 0.032412
2 0.308312 0.495442 0.020715 0.039852
2 0.285002 0.523117 0.023906 0.026723
2 0.108606 0.453285 0.025316 0.034185
2 0.633548 0.438197 0.012116 0.029141
2 0.934088 0.465667 0.029467 0.034628
2 0.209869 0.482890 0.022952 0.033301
2 0.948285 0.459177 0.034267 0.025696
2 0.333215 0.483727 0.018651 0.030959
2 0.397126 0.474478 0.019717 0.022075
2 0.808965 0.453469 0.029126 0.027165
2 0.332203 0.563103 0.031113 0.040835
2 0.251567 0.449180 0.026310 0.033892
2 0.644579 0.438664 0.024902 0.030251
2 0.783856 0.459546 0.023824 0.030122
2 0.935695 0.430342 0.038079 0.038445
2 0.111876 0.549697 0.037578 0.036568
2 0.910604 0.458035 0.029993 0.029286
