2 0.753625 0.594177 0.030691 0.035778
2 0.701793 0.590134 0.027261 0.036020
2 0.726889 0.593044 0.026870 0.035648
2 0.954529 0.692930 0.029359 0.050273
2 0.872218 0.687547 0.034337 0.049147
2 0.971608 0.494517 0.025956 0.038819
2 0.826434 0.619073 0.025634 0.044725
2 0.811315 0.535847 0.023035 0.033402
2 0.622986 0.662584 0.033298 0.043220
2 0.943981 0.495067 0.023317 0.035720
2 0.855720 0.549823 0.025525 0.044541
2 0.778131 0.497353 0.020982 0.033383
2 0.856238 0.617100 0.029289 0.045064
2 0.891807 0.496312 0.023820 0.033422
2 0.990578 0.629966 0.018843 0.051696
2 0.799334 0.497549 0.022501 0.033099
2 0.787165 0.532414 0.023682 0.036326
2 0.867961 0.497059 0.025038 0.034016
2 0.665566 0.546308 0.029504 0.042003
2 0.924192 0.624577 0.031797 0.049341
2 0.810368 0.593506 0.028868 0.039590
2 0.917167 0.496510 0.023109 0.031196
2 0.515059 0.536010 0.026059 0.031136
2 0.828289 0.551157 0.023227 0.041521
2 0.940813 0.551838 0.026382 0.040649
2 0.588095 0.605496 0.029249 0.038230
2 0.716436 0.500228 0.022185 0.029366
2 0.843929 0.496030 0.023299 0.036791
2 0.820335 0.497188 0.021556 0.033110
2 0.883130 0.554037 0.023929 0.035483
2 0.610692 0.585085 0.024711 0.035463
2 0.835742 0.593256 0.025464 0.035835
2 0.728153 0.552692 0.022989 0.030082
2 0.910746 0.551419 0.023930 0.039463
2 0.734848 0.498101 0.018560 0.029159
2 0.657528 0.586528 0.024282 0.030341
2 0.634716 0.607876 0.028174 0.041688
2 0.751970 0.553461 0.024649 0.033548
2 0.550774 0.583511 0.026511 0.032536
2 0.753332 0.547535 0.026940 0.037713
2 0.974272 0.546719 0.029161 0.052967
2 0.835383 0.685671 0.030462 0.044457
2 0.633054 0.586453 0.025371 0.030995
2 0.563941 0.549697 0.023137 0.033128
2 0.898372 0.597795 0.028035 0.045456
2 0.774756 0.555915 0.022987 0.033422
2 0.742162 0.533739 0.025226 0.031587
2 0.960727 0.624490 0.031350 0.050823
2 0.764484 0.533922 0.024097 0.034060
2 0.755649 0.499476 0.023698 0.031464
2 0.684490 0.546171 0.025311 0.042907
2 0.535945 0.553585 0.023412 0.034477
2 0.989421 0.701484 0.021157 0.048760
2 0.718321 0.535062 0.023156 0.031678
2 0.965879 0.594473 0.030756 0.039584
2 0.733654 0.541542 0.029325 0.036396
2 0.933905 0.595813 0.027666 0.039799
2 0.927039 0.616890 0.031755 0.053896
2 0.380041 0.518081 0.021010 0.026914
2 0.993916 0.493688 0.012168 0.039574
2 0.696116 0.499750 0.021897 0.029494
2 0.486738 0.505905 0.021412 0.029717
2 0.676049 0.501579 0.019614 0.027677
2 0.636523 0.534880 0.021563 0.028356
2 0.385914 0.518097 0.031563 0.027224
2 0.546554 0.503140 0.024196 0.032475
2 0.581169 0.550817 0.019653 0.031725
2 0.662061 0.604726 0.029027 0.043272
2 0.493851 0.541431 0.023397 0.024749
2 0.803188 0.612947 0.020243 0.035163
2 0.329653 0.542305 0.028345 0.022337
2 0.463815 0.506653 0.016219 0.029536
2 0.602914 0.548060 0.026300 0.035756
2 0.532194 0.593714 0.020655 0.036437
2 0.704694 0.552054 0.020379 0.030273
2 0.459661 0.506698 0.021561 0.029943
2 0.462267 0.508986 0.023898 0.027023
2 0.928239 0.625837 0.026898 0.042637
2 0.961853 0.615300 0.031360 0.065785
2 0.795391 0.616518 0.025999 0.037554
2 0.464702 0.541081 0.025640 0.022645
2 0.437037 0.511557 0.018111 0.028611
2 0.738027 0.531432 0.023999 0.032306
2 0.507897 0.506422 0.021387 0.027301
2 0.395013 0.517327 0.023052 0.028803
2 0.295989 0.541414 0.029719 0.022864
2 0.888718 0.535843 0.024618 0.034525
2 0.280595 0.494602 0.021676 0.022427
2 0.420312 0.518813 0.022764 0.026020
2 0.527718 0.504770 0.020294 0.029688
2 0.660674 0.597946 0.030466 0.051003
2 0.459714 0.540687 0.034272 0.023633
2 0.991010 0.594553 0.017980 0.041928
2 0.380722 0.542310 0.024496 0.021530
2 0.355772 0.488293 0.018644 0.028342
2 0.443648 0.508042 0.019012 0.029649
2 0.712036 0.499321 0.019850 0.030425
2 0.535449 0.587471 0.023682 0.031731
2 0.430595 0.540916 0.024053 0.024193
2 0.860120 0.539616 0.027645 0.035154
2 0.517225 0.506294 0.018215 0.027962
2 0.585025 0.591754 0.025407 0.034659
2 0.265876 0.493505 0.016347 0.022865
2 0.269296 0.537295 0.017747 0.028438
2 0.249459 0.506169 0.017687 0.024588
2 0.382280 0.482839 0.022901 0.026929
2 0.225050 0.507813 0.021025 0.022633
2 0.409212 0.540811 0.027344 0.023895
2 0.353795 0.540858 0.019137 0.024347
2 0.252577 0.505144 0.023149 0.027026
2 0.655075 0.583709 0.021819 0.028465
2 0.345497 0.541785 0.024546 0.023050
2 0.448466 0.538782 0.021733 0.026538
2 0.734728 0.677352 0.029962 0.033906
2 0.486198 0.540055 0.021234 0.025025
2 0.362985 0.542326 0.022100 0.021825
2 0.235953 0.484058 0.016558 0.025477
2 0.512133 0.505523 0.026104 0.030098
2 0.288388 0.539094 0.023523 0.026227
2 0.369056 0.519001 0.018432 0.026813
2 0.856207 0.595358 0.031548 0.052033
2 0.781356 0.547545 0.029611 0.032499
