2 0.795632 0.557213 0.028090 0.047418
2 0.886327 0.557413 0.030579 0.045583
2 0.370302 0.539904 0.027789 0.034243
2 0.738724 0.439475 0.021993 0.036263
2 0.858880 0.624080 0.036440 0.046285
2 0.675877 0.444293 0.019348 0.033594
2 0.820660 0.614820 0.033852 0.045202
2 0.321690 0.539074 0.026588 0.035003
2 0.717440 0.440482 0.021980 0.033452
2 0.652903 0.446109 0.020022 0.031596
2 0.764959 0.559017 0.024633 0.042502
2 0.689761 0.478674 0.022111 0.032528
2 0.823306 0.557116 0.027320 0.046237
2 0.540162 0.555319 0.023692 0.044129
2 0.761980 0.442065 0.020792 0.030017
2 0.695668 0.442225 0.018977 0.034031
2 0.502052 0.495909 0.020827 0.036834
2 0.853581 0.560208 0.028368 0.042859
2 0.789215 0.616780 0.029235 0.042417
2 0.891422 0.616227 0.036815 0.046775
2 0.759098 0.614297 0.030590 0.045296
2 0.738548 0.558494 0.024909 0.041083
2 0.928823 0.621859 0.035959 0.039144
2 0.526725 0.496189 0.019862 0.035816
2 0.667975 0.491735 0.021360 0.039011
2 0.118057 0.489442 0.031668 0.034634
2 0.422640 0.484654 0.020939 0.030226
2 0.916409 0.556891 0.028821 0.043442
2 0.460097 0.492911 0.020822 0.039982
2 0.676599 0.545298 0.027471 0.055738
2 0.566654 0.558342 0.025029 0.046931
2 0.225996 0.538774 0.026796 0.036558
2 0.512998 0.559266 0.026751 0.043307
2 0.977100 0.436311 0.027751 0.035491
2 0.450633 0.447025 0.020682 0.033497
2 0.239953 0.615991 0.035576 0.045053
2 0.785719 0.442472 0.020280 0.026285
2 0.550615 0.491659 0.021510 0.043150
2 0.481699 0.497843 0.020356 0.034483
2 0.202776 0.561582 0.032161 0.041554
2 0.590602 0.446087 0.017861 0.030155
2 0.819832 0.492201 0.023818 0.038584
2 0.871461 0.489394 0.035394 0.047635
2 0.344867 0.539134 0.024539 0.035014
2 0.790522 0.489471 0.024727 0.042955
2 0.609940 0.443756 0.015683 0.028904
2 0.471451 0.618144 0.028077 0.040681
2 0.372415 0.449868 0.020252 0.029461
2 0.844072 0.489399 0.025107 0.040809
2 0.954366 0.492179 0.027807 0.037693
2 0.429207 0.486748 0.029799 0.034466
2 0.459448 0.556134 0.024266 0.042942
2 0.154714 0.453268 0.029613 0.037573
2 0.493267 0.536449 0.022144 0.040062
2 0.987685 0.472777 0.023726 0.034986
2 0.764791 0.495874 0.024635 0.036390
2 0.335742 0.450527 0.021523 0.029378
2 0.596703 0.490699 0.021331 0.044777
2 0.549880 0.446517 0.019419 0.031324
2 0.400930 0.481740 0.022083 0.034018
2 0.656838 0.615570 0.023852 0.042904
2 0.150945 0.514864 0.031881 0.035781
2 0.412344 0.449024 0.019277 0.030295
2 0.667774 0.484952 0.020505 0.041822
2 0.488276 0.448546 0.019764 0.028658
2 0.643385 0.491788 0.021223 0.042124
2 0.430944 0.448454 0.017816 0.030756
2 0.713259 0.473626 0.020850 0.028148
2 0.437544 0.497165 0.019983 0.035959
2 0.392296 0.502148 0.022515 0.035862
2 0.175301 0.501314 0.025104 0.034377
2 0.979612 0.490122 0.027507 0.033773
2 0.701503 0.531279 0.022896 0.034429
2 0.620445 0.494212 0.020601 0.040227
2 0.628031 0.618368 0.024663 0.040652
2 0.393296 0.449030 0.019795 0.029981
2 0.723713 0.619103 0.029845 0.040690
2 0.516972 0.535716 0.023854 0.034520
2 0.083132 0.456218 0.022802 0.030671
2 0.630618 0.445240 0.018835 0.031625
2 0.720737 0.498374 0.022019 0.034795
2 0.050990 0.457672 0.016330 0.031001
2 0.572965 0.496220 0.020084 0.034269
2 0.470579 0.448118 0.019383 0.031190
2 0.570012 0.446419 0.018550 0.032123
2 0.345451 0.491180 0.022621 0.039687
2 0.745469 0.495872 0.021422 0.040013
2 0.788673 0.530220 0.029243 0.039410
2 0.868159 0.533206 0.028623 0.037906
2 0.251052 0.537719 0.028161 0.028936
2 0.255679 0.486222 0.022669 0.028744
2 0.354629 0.448287 0.017681 0.029152
2 0.529437 0.446818 0.017211 0.030803
2 0.369474 0.498507 0.026106 0.036244
2 0.733291 0.534469 0.026661 0.036695
2 0.986956 0.529136 0.026088 0.043755
2 0.407786 0.557907 0.022244 0.035147
2 0.340441 0.485689 0.027687 0.029941
2 0.966035 0.467638 0.025559 0.031455
2 0.816989 0.529413 0.031498 0.038698
2 0.315073 0.449167 0.022531 0.029209
2 0.440622 0.619449 0.026668 0.039374
2 0.375734 0.486687 0.025245 0.034895
2 0.422025 0.537894 0.025461 0.041180
2 0.509174 0.448095 0.018964 0.028199
2 0.533669 0.615972 0.022514 0.041141
2 0.864464 0.551527 0.027588 0.048041
2 0.563620 0.620530 0.021154 0.038264
2 0.054888 0.494826 0.024670 0.024905
2 0.304476 0.495443 0.023509 0.039027
2 0.033529 0.458237 0.020160 0.031876
2 0.359909 0.482023 0.020354 0.024840
2 0.484901 0.486906 0.019951 0.027989
2 0.328359 0.494015 0.020851 0.041125
2 0.252837 0.561083 0.030412 0.041254
2 0.594360 0.561540 0.024208 0.041670
2 0.092276 0.494591 0.028481 0.030293
2 0.649219 0.556138 0.023788 0.045121
2 0.961444 0.483223 0.028800 0.042897
2 0.693159 0.616402 0.024010 0.040416
2 0.283579 0.493302 0.024804 0.037631
2 0.064587 0.456853 0.020750 0.030149
2 0.278136 0.543153 0.031006 0.043152
2 0.077413 0.493440 0.024559 0.027615
2 0.349177 0.539904 0.019077 0.034051
2 0.433842 0.560265 0.022633 0.039355
2 0.106987 0.456776 0.022171 0.030421
2 0.353185 0.496554 0.026631 0.037273
2 0.073967 0.491879 0.026228 0.025642
2 0.595742 0.618365 0.025381 0.039269
2 0.347095 0.501371 0.021675 0.030597
2 0.740144 0.488390 0.028261 0.037899
2 0.901218 0.532921 0.031945 0.035456
2 0.132081 0.454390 0.025158 0.031168
2 0.941553 0.470609 0.028173 0.034857
2 0.706369 0.559092 0.024331 0.036756
2 0.195828 0.503891 0.024486 0.031578
2 0.324440 0.497943 0.020873 0.035506
2 0.442578 0.534355 0.021665 0.032172
2 0.280892 0.552322 0.030213 0.038238
2 0.296138 0.451723 0.019428 0.026726
2 0.215740 0.498228 0.031306 0.042954
2 0.273209 0.536683 0.024613 0.031128
2 0.034962 0.491995 0.028772 0.026952
2 0.215783 0.491136 0.032588 0.033990
2 0.813828 0.484911 0.032348 0.043926
2 0.137981 0.556101 0.022963 0.039466
2 0.010790 0.460215 0.021137 0.032468
2 0.760427 0.529705 0.024224 0.038886
2 0.842963 0.530108 0.028524 0.039576
2 0.101605 0.456769 0.024715 0.029727
2 0.736992 0.474665 0.022888 0.032756
2 0.716321 0.480540 0.025430 0.032709
2 0.235456 0.485504 0.022417 0.029798
2 0.159196 0.542552 0.032915 0.032204
2 0.386718 0.483211 0.021419 0.030616
2 0.622137 0.536129 0.021037 0.035903
2 0.436140 0.556891 0.024800 0.033591
2 0.357752 0.448426 0.021079 0.027190
2 0.380198 0.482560 0.020404 0.031615
2 0.551722 0.482634 0.019323 0.029770
2 0.096343 0.456519 0.026310 0.030186
2 0.785038 0.533322 0.027171 0.039589
2 0.595101 0.535360 0.022472 0.034450
2 0.548984 0.496867 0.020532 0.035340
2 0.514572 0.548451 0.025502 0.054865
2 0.643731 0.484773 0.020893 0.038456
2 0.011410 0.493322 0.022819 0.029100
2 0.093017 0.488655 0.027379 0.025494
2 0.952474 0.437061 0.026741 0.034075
2 0.983844 0.485615 0.030304 0.028644
2 0.573962 0.476319 0.019371 0.024705
2 0.485803 0.481081 0.020860 0.031247
2 0.435596 0.492021 0.021136 0.038309
2 0.057303 0.414345 0.020300 0.031439
2 0.544043 0.530708 0.020912 0.034122
2 0.982174 0.439615 0.034911 0.033173
2 0.204527 0.501667 0.029892 0.035687
2 0.862111 0.488891 0.030189 0.043758
2 0.290336 0.496231 0.036838 0.044503
2 0.809053 0.474957 0.027936 0.030042
2 0.765357 0.472394 0.023072 0.031798
2 0.060078 0.492089 0.026245 0.026873
2 0.733173 0.496197 0.019240 0.040067
2 0.787539 0.483555 0.025270 0.044513
2 0.352597 0.621281 0.027038 0.033368
2 0.120294 0.457295 0.014499 0.028805
2 0.418721 0.484743 0.021713 0.031982
2 0.272862 0.486167 0.019462 0.028581
2 0.679977 0.552275 0.030047 0.042996
2 0.993299 0.436109 0.013403 0.037848
2 0.436656 0.503310 0.017661 0.025789
2 0.527068 0.475381 0.017038 0.022865
2 0.464755 0.484495 0.017854 0.030540
2 0.461264 0.487325 0.020238 0.035262
2 0.762095 0.451333 0.021560 0.049912
2 0.728807 0.532377 0.026316 0.036250
2 0.571103 0.533060 0.021529 0.037805
2 0.559959 0.492106 0.016138 0.039267
2 0.282637 0.499729 0.025152 0.038274
2 0.571986 0.558015 0.022865 0.043642
2 0.338028 0.482768 0.024503 0.031434
2 0.195223 0.490580 0.026299 0.030278
2 0.835606 0.478263 0.024504 0.026698
2 0.258806 0.449764 0.025471 0.032902
