2 0.887635 0.596866 0.023549 0.034200
2 0.827894 0.692702 0.027343 0.037617
2 0.801241 0.689090 0.029488 0.036434
2 0.857425 0.696271 0.032379 0.037247
2 0.862716 0.597245 0.025651 0.032848
2 0.987271 0.605544 0.025371 0.035316
2 0.704282 0.672485 0.026656 0.036474
2 0.911610 0.598762 0.023335 0.034271
2 0.820866 0.593807 0.024594 0.030918
2 0.680979 0.693837 0.030101 0.038155
2 0.938457 0.732597 0.030065 0.044662
2 0.984236 0.811454 0.031528 0.053735
2 0.950167 0.706988 0.027363 0.040193
2 0.924361 0.640483 0.028335 0.037609
2 0.841641 0.594107 0.020363 0.028684
2 0.943299 0.660153 0.026160 0.040156
2 0.961953 0.602389 0.026834 0.038871
2 0.735551 0.623529 0.024229 0.032043
2 0.832460 0.651273 0.026874 0.032636
2 0.798437 0.592190 0.022859 0.027406
2 0.883499 0.658924 0.026970 0.035869
2 0.945265 0.804968 0.033781 0.046256
2 0.973476 0.660497 0.028872 0.046893
2 0.675940 0.636721 0.022420 0.029956
2 0.777407 0.592235 0.021075 0.027210
2 0.857736 0.653755 0.026448 0.034093
2 0.935847 0.599947 0.023010 0.034111
2 0.714372 0.754314 0.035162 0.042298
2 0.729859 0.699853 0.030798 0.040774
2 0.727798 0.674151 0.025553 0.028367
2 0.896791 0.636793 0.027201 0.040483
2 0.870843 0.635345 0.024648 0.035055
2 0.845215 0.629209 0.023795 0.029520
2 0.806962 0.649474 0.023862 0.028424
2 0.763899 0.640361 0.030379 0.041780
2 0.758815 0.702025 0.030208 0.040969
2 0.755359 0.680975 0.028122 0.033981
2 0.904773 0.726669 0.032340 0.040297
2 0.697574 0.635097 0.027487 0.036159
2 0.784806 0.646589 0.024623 0.033435
2 0.641992 0.666177 0.029695 0.033742
2 0.921418 0.703103 0.033051 0.043450
2 0.608292 0.614781 0.025728 0.029796
2 0.751819 0.676605 0.027692 0.032928
2 0.585365 0.582313 0.027778 0.027255
2 0.583395 0.579133 0.025288 0.028795
2 0.713772 0.622361 0.023871 0.031503
2 0.657560 0.630677 0.023112 0.034313
2 0.822167 0.629441 0.025004 0.031990
2 0.552337 0.579223 0.022092 0.029980
2 0.841853 0.637955 0.022490 0.033166
2 0.693251 0.618317 0.027212 0.024084
2 0.486135 0.583769 0.024061 0.025802
2 0.516574 0.584502 0.031663 0.027738
2 0.470587 0.582964 0.023439 0.026429
2 0.561041 0.581100 0.024656 0.027645
2 0.667767 0.630064 0.032095 0.036847
2 0.589344 0.617426 0.025802 0.023537
2 0.641043 0.582398 0.026673 0.033404
2 0.887071 0.656619 0.031284 0.033710
2 0.757558 0.623574 0.022363 0.031380
2 0.818887 0.633725 0.023539 0.036109
2 0.614537 0.583430 0.030394 0.028362
2 0.548492 0.579166 0.019707 0.030094
2 0.729394 0.679031 0.027977 0.030806
2 0.554218 0.615221 0.027744 0.022477
2 0.832278 0.693937 0.029268 0.032786
2 0.979241 0.647939 0.034103 0.042443
2 0.539425 0.581874 0.021744 0.028239
2 0.481466 0.582278 0.027164 0.029089
2 0.621768 0.675483 0.021064 0.035384
2 0.489153 0.584891 0.024387 0.031108
2 0.943973 0.729842 0.027398 0.041955
2 0.555263 0.610422 0.023220 0.023926
2 0.564177 0.579567 0.018198 0.029922
2 0.510509 0.587984 0.022250 0.032037
2 0.591583 0.581758 0.023501 0.028678
2 0.782645 0.627856 0.026299 0.027877
2 0.593640 0.612471 0.024226 0.029490
2 0.544144 0.612863 0.026861 0.023629
2 0.522588 0.608626 0.024383 0.024428
2 0.392823 0.601390 0.031807 0.020947
2 0.573064 0.608041 0.023831 0.025615
2 0.526940 0.580002 0.016882 0.028495
2 0.740691 0.588078 0.025048 0.032268
2 0.621596 0.581836 0.020838 0.032071
2 0.429652 0.605177 0.022324 0.020634
2 0.487946 0.608564 0.035538 0.022807
2 0.446424 0.604626 0.024655 0.024157
2 0.913481 0.717816 0.041589 0.037307
2 0.607779 0.584615 0.023411 0.026419
2 0.470704 0.607452 0.022851 0.021481
