2 0.657395 0.541124 0.031471 0.041015
2 0.418934 0.562719 0.030626 0.040844
2 0.364361 0.567802 0.027914 0.041364
2 0.330518 0.574602 0.030878 0.043969
2 0.477845 0.558879 0.028955 0.040148
2 0.603301 0.542552 0.035533 0.045425
2 0.390858 0.445450 0.024961 0.042052
2 0.029165 0.463578 0.027208 0.044657
2 0.450886 0.568019 0.028685 0.042621
2 0.392090 0.566941 0.026046 0.038089
2 0.365040 0.401076 0.019437 0.029964
2 0.473488 0.506782 0.025709 0.039918
2 0.507881 0.559062 0.028489 0.037822
2 0.344939 0.515317 0.024116 0.040400
2 0.042451 0.408304 0.026336 0.034927
2 0.295612 0.438470 0.021985 0.032177
2 0.129093 0.592773 0.027793 0.046337
2 0.099401 0.532440 0.028254 0.048862
2 0.189128 0.405199 0.019387 0.031683
2 0.132692 0.527371 0.027526 0.045638
2 0.369112 0.513928 0.023079 0.039511
2 0.075256 0.507436 0.027075 0.044027
2 0.496765 0.504300 0.024956 0.040015
2 0.015139 0.405820 0.027132 0.038266
2 0.274896 0.450576 0.022421 0.041938
2 0.049371 0.603080 0.035076 0.049106
2 0.068062 0.406978 0.024432 0.034664
2 0.396786 0.511860 0.025566 0.042449
2 0.031477 0.532536 0.031062 0.047964
2 0.630416 0.541358 0.030613 0.047005
2 0.142257 0.405122 0.021968 0.035742
2 0.264565 0.578392 0.025555 0.042924
2 0.593251 0.497750 0.029751 0.037925
2 0.212542 0.402924 0.019595 0.033001
2 0.322781 0.400862 0.021322 0.033230
2 0.165029 0.528012 0.025363 0.046312
2 0.166508 0.404793 0.020324 0.035718
2 0.235013 0.403734 0.020735 0.032122
2 0.525827 0.446794 0.024072 0.035340
2 0.363973 0.487775 0.023979 0.034527
2 0.117581 0.405018 0.020339 0.033687
2 0.301532 0.575775 0.021018 0.039027
2 0.301567 0.401904 0.019224 0.033800
2 0.227249 0.501166 0.023674 0.037248
2 0.013658 0.606863 0.027203 0.047191
2 0.284468 0.506065 0.026756 0.052414
2 0.387702 0.402001 0.019525 0.027901
2 0.143546 0.460236 0.024842 0.039623
2 0.163850 0.593579 0.025837 0.040512
2 0.567254 0.498451 0.026119 0.039391
2 0.224415 0.456183 0.021858 0.041016
2 0.086578 0.461707 0.024200 0.039182
2 0.108536 0.506324 0.028039 0.040650
2 0.092745 0.407000 0.020943 0.030566
2 0.249421 0.454784 0.023045 0.039495
2 0.458789 0.485188 0.024130 0.035602
2 0.257457 0.405274 0.020116 0.031409
2 0.281444 0.402733 0.019529 0.032837
2 0.115626 0.462736 0.023102 0.038025
2 0.319763 0.437366 0.021391 0.030933
2 0.196394 0.527669 0.026406 0.043221
2 0.057772 0.465551 0.023805 0.036918
2 0.234151 0.583907 0.027233 0.040599
2 0.438321 0.485570 0.024665 0.031063
2 0.438257 0.448183 0.024084 0.034865
2 0.343151 0.400074 0.020305 0.034591
2 0.199288 0.587974 0.026764 0.044108
2 0.337329 0.492090 0.023112 0.036426
2 0.391950 0.487728 0.029063 0.031443
2 0.327454 0.458024 0.021763 0.033790
2 0.309690 0.490187 0.023604 0.035170
2 0.198150 0.453010 0.023723 0.046554
2 0.416215 0.485032 0.029069 0.031736
2 0.477812 0.487592 0.026106 0.030752
2 0.638379 0.495574 0.033534 0.040024
2 0.484384 0.480131 0.026320 0.032424
2 0.703605 0.536301 0.031770 0.038411
2 0.133885 0.516806 0.026447 0.052189
2 0.417461 0.447194 0.021460 0.038961
2 0.463802 0.448075 0.023492 0.038659
2 0.447195 0.512041 0.022352 0.040239
2 0.698932 0.491159 0.027118 0.036219
2 0.063599 0.453186 0.026660 0.035169
2 0.722984 0.534783 0.025786 0.037204
2 0.421699 0.511076 0.023892 0.039606
2 0.171184 0.459356 0.022478 0.038056
2 0.552409 0.476219 0.027772 0.038649
2 0.635627 0.438828 0.038189 0.039925
2 0.315574 0.515725 0.022576 0.037450
2 0.581092 0.446171 0.030940 0.035654
2 0.351100 0.454274 0.020909 0.038409
2 0.256939 0.518832 0.024070 0.034977
2 0.282768 0.499716 0.025823 0.044885
2 0.367479 0.448211 0.022516 0.040558
2 0.662254 0.441678 0.026190 0.030634
2 0.010538 0.516719 0.021048 0.047887
2 0.715538 0.488887 0.033683 0.035379
2 0.065731 0.446959 0.025051 0.034302
2 0.661159 0.491243 0.030454 0.035696
2 0.248939 0.443170 0.022673 0.034621
2 0.740904 0.489647 0.028668 0.033107
2 0.679343 0.441784 0.026617 0.026723
2 0.196172 0.501226 0.025326 0.036660
2 0.167552 0.503785 0.026911 0.042545
2 0.543664 0.444517 0.019485 0.031613
2 0.006060 0.466065 0.011806 0.043411
2 0.560074 0.401283 0.020537 0.028260
2 0.144761 0.444920 0.025138 0.036032
2 0.344734 0.438887 0.024467 0.031521
2 0.677687 0.493567 0.026948 0.035394
2 0.555895 0.481342 0.026572 0.037814
2 0.171796 0.442125 0.022266 0.036617
2 0.597209 0.476254 0.026368 0.029511
2 0.060032 0.461892 0.025267 0.039584
2 0.686017 0.491078 0.036400 0.033591
2 0.623168 0.437927 0.026001 0.039956
2 0.713665 0.437278 0.024885 0.032942
2 0.543428 0.400602 0.021237 0.029139
2 0.602480 0.440305 0.023471 0.036428
2 0.641247 0.439219 0.025915 0.037995
2 0.607728 0.439935 0.025624 0.037738
2 0.255016 0.497953 0.022805 0.037417
2 0.514609 0.428189 0.023562 0.026406
2 0.369372 0.453652 0.019468 0.035169
2 0.741766 0.481728 0.032457 0.045718
2 0.757050 0.531654 0.020837 0.037425
2 0.323726 0.444231 0.024458 0.044133
2 0.680134 0.421402 0.023212 0.023337
2 0.354307 0.515239 0.014104 0.040381
2 0.654758 0.401210 0.021750 0.027694
2 0.531420 0.426500 0.020456 0.023638
2 0.645700 0.400279 0.032666 0.028772
2 0.574811 0.479520 0.025821 0.030751
2 0.669052 0.471233 0.028667 0.029801
2 0.550755 0.429457 0.022234 0.029132
2 0.617351 0.489915 0.026949 0.039421
2 0.757363 0.485444 0.030553 0.035123
2 0.411006 0.437689 0.023955 0.029030
2 0.674765 0.441213 0.028697 0.031710
2 0.573891 0.444897 0.028730 0.038155
2 0.639951 0.469037 0.030120 0.031578
2 0.658582 0.472870 0.027779 0.030425
2 0.633982 0.469184 0.027239 0.030206
2 0.727743 0.434869 0.026492 0.033239
2 0.529942 0.446901 0.027760 0.033408
2 0.607077 0.402833 0.019861 0.026685
2 0.562021 0.491332 0.022788 0.034783
2 0.134964 0.502434 0.025962 0.037632
2 0.622371 0.399821 0.022263 0.030595
2 0.116147 0.437770 0.021834 0.031173
2 0.681073 0.539962 0.025860 0.037535
2 0.591329 0.421214 0.028683 0.024771
2 0.712445 0.483749 0.031372 0.046074
2 0.035157 0.453310 0.028498 0.034905
2 0.697047 0.476852 0.026385 0.031504
2 0.479989 0.564761 0.027960 0.039750
2 0.621417 0.471132 0.026260 0.031291
2 0.456550 0.563498 0.024561 0.039160
2 0.629356 0.401391 0.018347 0.026900
2 0.526043 0.401557 0.026594 0.033649
2 0.707788 0.431600 0.029312 0.030246
2 0.592448 0.404360 0.022698 0.032302
2 0.659794 0.425400 0.022304 0.023509
2 0.570816 0.428729 0.020145 0.028351
2 0.695796 0.439500 0.018889 0.028656
2 0.671510 0.402321 0.028614 0.035441
2 0.331751 0.465753 0.026475 0.041740
2 0.040469 0.448279 0.022559 0.034575
2 0.676126 0.472271 0.028183 0.031723
2 0.663352 0.425780 0.025605 0.028372
2 0.697477 0.425411 0.020461 0.021471
2 0.530596 0.422889 0.028769 0.028712
2 0.586874 0.424215 0.022878 0.025896
2 0.321281 0.442437 0.024732 0.036875
2 0.577428 0.403340 0.022979 0.031669
2 0.422555 0.567743 0.025900 0.041586
2 0.550568 0.434161 0.025171 0.034881
2 0.377357 0.512881 0.013544 0.041087
2 0.615050 0.497089 0.023385 0.040354
2 0.590249 0.424691 0.025122 0.028633
2 0.756323 0.480655 0.034174 0.045146
2 0.560326 0.422553 0.032090 0.028759
