2 0.813517 0.491604 0.020607 0.034570
2 0.837420 0.491252 0.020171 0.033357
2 0.714544 0.547888 0.020274 0.035428
2 0.789626 0.492243 0.020778 0.033954
2 0.705767 0.673526 0.029815 0.044974
2 0.921006 0.680134 0.028430 0.047932
2 0.690384 0.545549 0.021449 0.039164
2 0.738190 0.545751 0.021170 0.037783
2 0.551344 0.587059 0.025507 0.034820
2 0.728523 0.588826 0.024798 0.042810
2 0.932246 0.540646 0.025913 0.047505
2 0.599306 0.588760 0.028456 0.033709
2 0.940732 0.487069 0.023638 0.036823
2 0.912221 0.491093 0.024711 0.033976
2 0.443623 0.605639 0.028641 0.039502
2 0.877122 0.590306 0.024604 0.039592
2 0.691790 0.608911 0.025592 0.044212
2 0.861294 0.489232 0.020884 0.035221
2 0.651981 0.532933 0.022526 0.031201
2 0.576610 0.549354 0.022503 0.033559
2 0.574367 0.587415 0.023755 0.033118
2 0.764929 0.546376 0.021941 0.037441
2 0.791565 0.542173 0.024620 0.045806
2 0.464301 0.584748 0.024559 0.034708
2 0.664575 0.611499 0.023340 0.039257
2 0.958922 0.527417 0.025048 0.034374
2 0.965420 0.486343 0.023447 0.037333
2 0.701384 0.496082 0.021104 0.031586
2 0.749782 0.613386 0.027200 0.047883
2 0.941672 0.588474 0.032250 0.037590
2 0.666843 0.546929 0.020162 0.035695
2 0.780862 0.611921 0.027104 0.046072
2 0.845939 0.540566 0.024433 0.048794
2 0.369640 0.537019 0.026048 0.031135
2 0.767328 0.492968 0.018866 0.032084
2 0.987921 0.525149 0.024159 0.035926
2 0.817880 0.586538 0.028161 0.037826
2 0.776116 0.674608 0.024459 0.044141
2 0.757500 0.586857 0.025455 0.031757
2 0.650489 0.586906 0.026581 0.038924
2 0.783806 0.585138 0.024462 0.034900
2 0.487124 0.604947 0.027677 0.039872
2 0.475891 0.659647 0.032999 0.044112
2 0.844632 0.615912 0.027093 0.045529
2 0.573640 0.542660 0.022805 0.040595
2 0.508029 0.583180 0.022984 0.029817
2 0.885881 0.489423 0.022600 0.034525
2 0.845986 0.588985 0.027279 0.035797
2 0.515856 0.545319 0.026086 0.038562
2 0.811763 0.615221 0.025477 0.043083
2 0.621542 0.496985 0.020927 0.031260
2 0.597462 0.545481 0.021742 0.040047
2 0.673469 0.673198 0.028469 0.042728
2 0.983756 0.617053 0.029608 0.041444
2 0.672708 0.587111 0.023472 0.035876
2 0.723103 0.495492 0.020694 0.030339
2 0.908441 0.585863 0.026761 0.033091
2 0.902703 0.546637 0.025220 0.039071
2 0.637448 0.608611 0.024419 0.035050
2 0.886024 0.681786 0.030027 0.044757
2 0.989774 0.482596 0.020451 0.038841
2 0.599407 0.497968 0.021749 0.030328
2 0.535756 0.542975 0.021624 0.043531
2 0.975542 0.587423 0.028258 0.041086
2 0.659763 0.496316 0.018354 0.029535
2 0.420433 0.548989 0.024214 0.033648
2 0.680704 0.495067 0.020511 0.034358
2 0.948409 0.613231 0.028623 0.047732
2 0.582849 0.496832 0.018712 0.027630
2 0.628601 0.531067 0.022519 0.035820
2 0.819261 0.546023 0.025263 0.037843
2 0.641119 0.496699 0.018605 0.029955
2 0.874640 0.544790 0.023882 0.043254
2 0.486069 0.584867 0.025289 0.028801
2 0.406929 0.585601 0.024990 0.029964
2 0.393865 0.555909 0.024228 0.028277
2 0.846622 0.681408 0.027057 0.042721
2 0.966738 0.685162 0.025268 0.045341
2 0.341266 0.507239 0.021454 0.028743
2 0.992466 0.687508 0.015068 0.049429
2 0.241236 0.519581 0.021700 0.028619
2 0.744632 0.495248 0.019906 0.029423
2 0.314225 0.508725 0.015877 0.028807
2 0.223718 0.520812 0.021678 0.028218
2 0.351026 0.539160 0.023213 0.029764
2 0.808767 0.682881 0.023992 0.035808
2 0.911261 0.616031 0.028770 0.045857
2 0.489450 0.534255 0.020578 0.027560
2 0.401657 0.504276 0.026091 0.033295
2 0.619682 0.551807 0.023107 0.033823
2 0.552858 0.548735 0.020778 0.031226
2 0.546370 0.499343 0.021264 0.028814
2 0.564501 0.498865 0.021585 0.028816
2 0.599482 0.539394 0.023534 0.037882
2 0.348231 0.542594 0.022746 0.025614
2 0.456821 0.549946 0.027325 0.032607
2 0.992131 0.549073 0.015738 0.038817
2 0.313517 0.511365 0.021951 0.027724
2 0.586738 0.530795 0.019483 0.028634
2 0.659543 0.587000 0.026915 0.032995
2 0.526980 0.501486 0.017582 0.025787
2 0.269246 0.518443 0.023923 0.027435
2 0.167924 0.546748 0.030609 0.021052
2 0.326895 0.506940 0.016379 0.029843
2 0.509163 0.535856 0.023813 0.028204
2 0.306837 0.509489 0.019599 0.029211
2 0.486014 0.579869 0.021763 0.034326
2 0.435388 0.551938 0.021310 0.027881
2 0.721282 0.530017 0.019221 0.030909
2 0.283123 0.514012 0.020839 0.028600
2 0.317366 0.544147 0.026747 0.022926
2 0.386992 0.595240 0.021449 0.042507
2 0.607421 0.531601 0.017065 0.031345
2 0.819744 0.524913 0.021768 0.026215
2 0.279571 0.543863 0.026902 0.024421
2 0.385619 0.589435 0.022149 0.028568
2 0.567414 0.531559 0.020248 0.029986
2 0.134059 0.547224 0.029833 0.020933
2 0.231392 0.547761 0.028791 0.018721
2 0.932565 0.528526 0.024221 0.033928
2 0.514017 0.603288 0.026994 0.037756
2 0.513063 0.596053 0.027564 0.041606
2 0.380933 0.506091 0.021532 0.028868
2 0.343936 0.544773 0.025577 0.022247
2 0.536531 0.548304 0.019419 0.034789
2 0.260399 0.543894 0.029704 0.024396
2 0.902566 0.528453 0.025020 0.034989
2 0.357008 0.507367 0.017703 0.028394
2 0.195900 0.488442 0.021681 0.029781
2 0.335343 0.541195 0.022911 0.025193
2 0.191477 0.547431 0.029578 0.019905
2 0.303242 0.540676 0.027954 0.026450
2 0.753134 0.590457 0.027033 0.042105
2 0.368863 0.507376 0.017767 0.028532
2 0.212195 0.522127 0.019703 0.026206
2 0.700082 0.530275 0.017839 0.031984
2 0.507278 0.531766 0.023840 0.031881
2 0.297406 0.511003 0.017848 0.028598
2 0.447783 0.547084 0.029942 0.037853
2 0.555878 0.550874 0.021782 0.029464
2 0.471953 0.535395 0.018683 0.028125
2 0.209096 0.548922 0.016745 0.017490
2 0.233956 0.544673 0.023185 0.025131
2 0.163717 0.545764 0.023057 0.022844
2 0.766381 0.525297 0.021559 0.030895
2 0.362122 0.507211 0.022496 0.028209
2 0.393431 0.552064 0.022965 0.038859
2 0.513649 0.531973 0.019156 0.031134
2 0.534695 0.534491 0.018997 0.031934
2 0.192972 0.542164 0.025221 0.027723
2 0.439426 0.593489 0.026444 0.038854
2 0.582025 0.670500 0.025344 0.032840
2 0.258064 0.540797 0.027765 0.028283
2 0.103993 0.539011 0.016871 0.026439
