2 0.580443 0.555955 0.029195 0.039301
2 0.342887 0.590086 0.032184 0.045136
2 0.238622 0.428140 0.021988 0.033906
2 0.318415 0.539975 0.026049 0.046427
2 0.069495 0.566992 0.029069 0.052501
2 0.314350 0.597387 0.028115 0.043746
2 0.289298 0.544279 0.025232 0.039399
2 0.370344 0.535929 0.025068 0.041803
2 0.553867 0.552046 0.028009 0.035194
2 0.043395 0.438312 0.025018 0.037963
2 0.032618 0.568153 0.029247 0.051557
2 0.260910 0.424787 0.022104 0.034521
2 0.016290 0.439312 0.023319 0.037223
2 0.146202 0.623847 0.027330 0.046537
2 0.284777 0.598598 0.029481 0.044740
2 0.263570 0.546042 0.025654 0.039490
2 0.528963 0.560372 0.034281 0.044065
2 0.249298 0.610139 0.032382 0.042059
2 0.187776 0.482810 0.023006 0.041205
2 0.312454 0.474481 0.022781 0.036971
2 0.375547 0.594532 0.029979 0.041748
2 0.210645 0.468501 0.022849 0.034044
2 0.105617 0.487318 0.027174 0.048515
2 0.402495 0.586042 0.030383 0.039045
2 0.242176 0.483036 0.023336 0.031483
2 0.178436 0.615452 0.027931 0.045474
2 0.337850 0.474115 0.023311 0.034334
2 0.397837 0.531204 0.027022 0.041160
2 0.343961 0.535989 0.025021 0.041520
2 0.282273 0.515241 0.025856 0.034703
2 0.309811 0.516048 0.026511 0.036665
2 0.225421 0.522533 0.025185 0.038650
2 0.134554 0.490060 0.023281 0.041911
2 0.382473 0.508922 0.024641 0.036816
2 0.231460 0.549127 0.024270 0.039217
2 0.562326 0.514134 0.031360 0.035678
2 0.433191 0.583815 0.027996 0.036437
2 0.383527 0.469325 0.031318 0.042013
2 0.259378 0.464840 0.024101 0.032860
2 0.105465 0.564541 0.027818 0.045548
2 0.013649 0.500397 0.025641 0.041305
2 0.421618 0.527747 0.025440 0.039856
2 0.216418 0.430009 0.020926 0.034393
2 0.095903 0.436872 0.021659 0.034844
2 0.236286 0.463652 0.019517 0.032898
2 0.626068 0.549507 0.030342 0.041063
2 0.070550 0.437312 0.021482 0.036896
2 0.138021 0.535704 0.024895 0.038190
2 0.282313 0.426868 0.019553 0.030247
2 0.486829 0.461557 0.024272 0.035272
2 0.199557 0.546213 0.028074 0.047871
2 0.415896 0.476321 0.026857 0.040937
2 0.359746 0.508911 0.022095 0.036952
2 0.028137 0.639014 0.027849 0.048383
2 0.144941 0.434868 0.021745 0.033011
2 0.287165 0.479765 0.025773 0.036487
2 0.045376 0.492763 0.027632 0.051039
2 0.450087 0.466864 0.024492 0.035916
2 0.107751 0.628862 0.027734 0.048193
2 0.161465 0.487675 0.025544 0.039494
2 0.508262 0.461647 0.024086 0.032857
2 0.361025 0.474229 0.025816 0.030400
2 0.338357 0.515971 0.029490 0.034226
2 0.336508 0.509111 0.027288 0.037083
2 0.244131 0.487068 0.025453 0.035814
2 0.120357 0.435077 0.020320 0.035987
2 0.504291 0.536181 0.036335 0.030624
2 0.169833 0.435509 0.021402 0.033168
2 0.518044 0.514212 0.028848 0.036552
2 0.066789 0.636564 0.025138 0.032427
2 0.468350 0.464242 0.018331 0.030893
2 0.218298 0.611087 0.022499 0.039269
2 0.582795 0.510644 0.028404 0.032577
2 0.195232 0.431495 0.021078 0.035562
2 0.566692 0.456558 0.022916 0.032376
2 0.540082 0.515861 0.025096 0.031886
2 0.360505 0.514681 0.024640 0.034045
2 0.525650 0.458969 0.022257 0.035201
2 0.635874 0.486726 0.031231 0.026648
2 0.254683 0.522672 0.023444 0.035033
2 0.476182 0.496668 0.025991 0.035396
2 0.499873 0.496433 0.021314 0.031211
2 0.583957 0.487350 0.028620 0.026208
2 0.465854 0.419510 0.023132 0.028154
2 0.585262 0.457040 0.024817 0.029988
2 0.170363 0.556147 0.026828 0.045041
2 0.305924 0.428185 0.020621 0.026993
2 0.638891 0.505070 0.030005 0.033971
2 0.076337 0.492745 0.023598 0.043356
2 0.611002 0.508781 0.031341 0.032068
2 0.562155 0.486560 0.027354 0.026984
2 0.483852 0.419253 0.021679 0.024619
2 0.195733 0.525787 0.028825 0.035299
2 0.561041 0.419113 0.023399 0.025655
2 0.283517 0.460566 0.023467 0.031972
2 0.602971 0.508514 0.027098 0.032567
2 0.547156 0.455518 0.026354 0.039930
2 0.615593 0.488338 0.027898 0.028150
2 0.491876 0.514304 0.022251 0.035861
2 0.520308 0.494137 0.026339 0.027833
2 0.674025 0.499015 0.028904 0.034968
2 0.615762 0.455834 0.024566 0.028785
2 0.596052 0.488367 0.025674 0.028475
2 0.075148 0.537829 0.026474 0.041032
2 0.037136 0.539724 0.025372 0.042495
2 0.590313 0.418659 0.026013 0.030211
2 0.512489 0.418466 0.023946 0.027770
2 0.068496 0.639287 0.029321 0.040156
2 0.356386 0.462331 0.024384 0.027825
2 0.330525 0.459382 0.028229 0.026589
2 0.010673 0.549694 0.021347 0.037373
2 0.336421 0.464186 0.025525 0.031257
2 0.619131 0.505364 0.026013 0.036070
2 0.076670 0.476470 0.023105 0.034596
2 0.449593 0.419656 0.026724 0.029671
2 0.284884 0.534857 0.025677 0.047289
2 0.543540 0.490066 0.028511 0.028963
2 0.533872 0.420732 0.024037 0.027052
2 0.198247 0.536344 0.027396 0.054371
2 0.455791 0.449806 0.020414 0.024819
2 0.580916 0.491332 0.029453 0.034041
2 0.165839 0.527208 0.026100 0.034721
2 0.640221 0.498646 0.026212 0.040278
2 0.008990 0.563466 0.017906 0.062582
2 0.105374 0.535419 0.027077 0.038076
2 0.634932 0.495589 0.030130 0.042841
2 0.308625 0.462447 0.025110 0.036514
2 0.597343 0.457198 0.024696 0.029242
2 0.576626 0.419310 0.020454 0.027357
2 0.440398 0.447954 0.024595 0.022428
2 0.418150 0.524419 0.027859 0.038028
2 0.557092 0.485580 0.024152 0.029905
2 0.493752 0.518235 0.027578 0.034371
2 0.455620 0.445848 0.021737 0.025006
2 0.544260 0.419743 0.020064 0.026659
2 0.475288 0.447319 0.019707 0.026298
2 0.007234 0.571208 0.014296 0.058561
2 0.547111 0.448076 0.024095 0.028809
2 0.605453 0.494389 0.034695 0.036334
2 0.014805 0.477130 0.025084 0.040097
2 0.160403 0.473729 0.024931 0.034811
2 0.409797 0.503868 0.025651 0.034050
2 0.029953 0.632254 0.028499 0.051586
2 0.068871 0.625250 0.029857 0.042493
2 0.604198 0.555731 0.024707 0.034485
2 0.530006 0.493412 0.025671 0.029624
2 0.374392 0.465932 0.022668 0.035084
2 0.603041 0.456839 0.023562 0.027440
2 0.633069 0.454435 0.024454 0.029402
2 0.499253 0.419866 0.021418 0.026060
2 0.598778 0.439621 0.021934 0.020334
2 0.572870 0.486775 0.028476 0.031549
2 0.600301 0.436722 0.021929 0.023296
2 0.364649 0.535997 0.023090 0.040712
2 0.339655 0.527770 0.026696 0.040841
2 0.513902 0.499475 0.035979 0.046297
2 0.645326 0.451676 0.029401 0.031817
2 0.496087 0.521888 0.031685 0.045791
2 0.047547 0.480742 0.027293 0.037929
2 0.277516 0.524584 0.022338 0.047913
2 0.652472 0.485671 0.019176 0.029666
2 0.505569 0.445247 0.023388 0.023566
2 0.532107 0.564872 0.038826 0.041666
2 0.527510 0.453440 0.021840 0.036330
2 0.187626 0.473196 0.022181 0.045878
2 0.498397 0.444841 0.021090 0.022898
2 0.302307 0.426962 0.025427 0.032044
2 0.564971 0.448206 0.020862 0.027722
2 0.629104 0.553894 0.035913 0.035993
