2 0.676009 0.624523 0.031935 0.041324
2 0.390546 0.678039 0.031556 0.046334
2 0.366037 0.623590 0.026351 0.047258
2 0.150253 0.530475 0.020823 0.032833
2 0.261475 0.557828 0.023325 0.032822
2 0.173352 0.527771 0.019087 0.032895
2 0.288068 0.515941 0.020886 0.032888
2 0.333569 0.686960 0.030662 0.045227
2 0.576990 0.639564 0.034986 0.043585
2 0.418312 0.617863 0.023250 0.042186
2 0.052873 0.671065 0.032253 0.052423
2 0.423242 0.679110 0.028992 0.043950
2 0.125703 0.531164 0.022202 0.037346
2 0.157744 0.658417 0.028014 0.045301
2 0.362552 0.683448 0.028292 0.043130
2 0.238391 0.573263 0.022329 0.039784
2 0.628155 0.631334 0.031581 0.040284
2 0.123582 0.659773 0.027600 0.050737
2 0.089298 0.660952 0.029036 0.050980
2 0.020824 0.541565 0.026026 0.037106
2 0.221060 0.525492 0.022110 0.031691
2 0.309539 0.513689 0.021543 0.035082
2 0.266498 0.519162 0.020138 0.034025
2 0.450488 0.667653 0.030612 0.041555
2 0.196588 0.525977 0.021125 0.031813
2 0.189577 0.626454 0.024985 0.040468
2 0.391738 0.618931 0.025077 0.043229
2 0.298865 0.697465 0.031684 0.042285
2 0.337857 0.629143 0.025138 0.041809
2 0.244555 0.520712 0.020276 0.034630
2 0.287281 0.554543 0.022281 0.034217
2 0.229110 0.705880 0.027067 0.046939
2 0.159145 0.578931 0.024172 0.049485
2 0.361345 0.559655 0.023361 0.038367
2 0.099758 0.533231 0.022549 0.036953
2 0.308851 0.552352 0.023433 0.033989
2 0.480660 0.664993 0.029303 0.038032
2 0.469147 0.609551 0.024858 0.039406
2 0.444898 0.613296 0.025136 0.040498
2 0.159245 0.720380 0.027720 0.046934
2 0.197226 0.715405 0.027299 0.045308
2 0.100837 0.592834 0.023497 0.038344
2 0.610017 0.587797 0.033969 0.040970
2 0.038762 0.597655 0.025651 0.043837
2 0.386613 0.558655 0.023497 0.036621
2 0.062531 0.642629 0.028862 0.042858
2 0.212688 0.580439 0.022454 0.036550
2 0.312060 0.632750 0.026314 0.041589
2 0.026941 0.647735 0.030367 0.049395
2 0.565450 0.593901 0.028868 0.035912
2 0.275211 0.610603 0.024166 0.040514
2 0.431024 0.590609 0.025894 0.031721
2 0.408525 0.592209 0.023143 0.031701
2 0.157957 0.627260 0.024976 0.037057
2 0.187613 0.581466 0.023505 0.038964
2 0.084306 0.734005 0.027484 0.048486
2 0.539807 0.597297 0.025555 0.037578
2 0.331744 0.513601 0.019684 0.030424
2 0.010881 0.605076 0.021762 0.041002
2 0.456735 0.585514 0.026269 0.032560
2 0.695055 0.522629 0.026666 0.030885
2 0.220171 0.620736 0.026743 0.034671
2 0.548134 0.571159 0.027229 0.033163
2 0.130647 0.586734 0.023916 0.036660
2 0.407647 0.554330 0.022745 0.036117
2 0.293860 0.574470 0.024757 0.036354
2 0.250515 0.633771 0.027789 0.047925
2 0.046555 0.539659 0.023118 0.032890
2 0.267978 0.700983 0.023132 0.042751
2 0.073895 0.535765 0.021901 0.035370
2 0.432215 0.552803 0.025852 0.039559
2 0.653877 0.631719 0.024985 0.037196
2 0.645874 0.528385 0.025704 0.034141
2 0.070730 0.595985 0.024860 0.040495
2 0.572035 0.570961 0.026526 0.030473
2 0.332738 0.553950 0.024021 0.033184
2 0.280138 0.635601 0.023015 0.039270
2 0.629980 0.584190 0.031099 0.035526
2 0.385598 0.592836 0.027296 0.033265
2 0.523879 0.573588 0.026039 0.037711
2 0.513393 0.543432 0.021641 0.030959
2 0.333692 0.580985 0.028694 0.041344
2 0.668554 0.580475 0.028264 0.033824
2 0.131462 0.580539 0.022052 0.051418
2 0.635659 0.489061 0.025548 0.031989
2 0.554229 0.537705 0.024179 0.032349
2 0.361135 0.593378 0.025768 0.035660
2 0.534017 0.540563 0.021391 0.032740
2 0.495654 0.547090 0.023360 0.034212
2 0.331352 0.599934 0.023010 0.032365
2 0.354575 0.513293 0.020149 0.026003
2 0.517531 0.545003 0.024348 0.027851
2 0.119699 0.733621 0.025595 0.040449
2 0.652864 0.581015 0.028061 0.035957
2 0.303590 0.610956 0.024535 0.038614
2 0.688841 0.577334 0.031056 0.033279
2 0.594561 0.531498 0.031043 0.040549
2 0.239713 0.563284 0.025184 0.036398
2 0.130263 0.628200 0.025665 0.039056
2 0.090417 0.646193 0.028145 0.054414
2 0.008039 0.751462 0.015926 0.049298
2 0.659364 0.528954 0.019990 0.029842
2 0.607963 0.493419 0.025455 0.025400
2 0.542299 0.589261 0.027381 0.037556
2 0.722301 0.614232 0.027600 0.038671
2 0.308401 0.630046 0.024863 0.038902
2 0.220646 0.645530 0.025398 0.046586
2 0.247234 0.620073 0.028391 0.036500
2 0.528570 0.497074 0.021117 0.027536
2 0.583388 0.494563 0.022787 0.025658
2 0.613995 0.491550 0.026932 0.027312
2 0.679205 0.527578 0.025115 0.026462
2 0.667986 0.528403 0.019116 0.028069
2 0.012140 0.592207 0.023696 0.041933
2 0.603357 0.636244 0.030813 0.046995
2 0.588081 0.589924 0.028241 0.036391
2 0.071806 0.569022 0.023491 0.031373
2 0.104738 0.572600 0.024530 0.033113
2 0.211994 0.561980 0.021117 0.031551
2 0.512917 0.496867 0.023076 0.029271
2 0.424547 0.591826 0.023661 0.037381
2 0.723828 0.566688 0.030467 0.044267
2 0.450533 0.590947 0.024134 0.036437
2 0.016334 0.582985 0.027242 0.028699
2 0.558227 0.492217 0.022692 0.031798
2 0.686720 0.559139 0.031683 0.032410
2 0.629277 0.530573 0.023690 0.034280
2 0.576282 0.573661 0.029152 0.039236
2 0.553179 0.532689 0.025870 0.039351
2 0.646218 0.511456 0.022490 0.022434
2 0.593486 0.593567 0.033717 0.043848
2 0.614496 0.530508 0.021351 0.035611
2 0.358171 0.550120 0.023633 0.036293
2 0.500202 0.522655 0.022703 0.025205
2 0.571921 0.533752 0.022237 0.036565
2 0.705348 0.557674 0.018251 0.028609
2 0.103123 0.588394 0.026996 0.039519
2 0.679951 0.626341 0.032634 0.035359
2 0.574666 0.493951 0.020031 0.027315
2 0.682018 0.560560 0.026675 0.026948
2 0.661626 0.521683 0.025227 0.027913
2 0.363616 0.613147 0.026955 0.048898
2 0.439275 0.610358 0.029557 0.035510
2 0.544104 0.495659 0.018652 0.028180
2 0.522551 0.525607 0.020177 0.022993
2 0.541044 0.539165 0.017490 0.032985
2 0.587777 0.494215 0.021927 0.026035
2 0.412168 0.553225 0.022043 0.038667
2 0.379140 0.542653 0.032244 0.029051
2 0.603491 0.530648 0.037997 0.041557
2 0.560184 0.530438 0.031507 0.038946
2 0.652517 0.559624 0.029163 0.025793
2 0.598294 0.573991 0.026975 0.045677
2 0.625491 0.512771 0.021596 0.024880
2 0.648587 0.582868 0.029082 0.035573
2 0.246075 0.615879 0.023569 0.034247
2 0.335505 0.567862 0.030470 0.046875
2 0.422822 0.542119 0.020500 0.026971
2 0.490690 0.524020 0.030729 0.031176
2 0.372609 0.543226 0.023155 0.023547
2 0.644658 0.560571 0.025290 0.024596
2 0.219119 0.617472 0.021300 0.035518
2 0.215240 0.561821 0.026343 0.035152
2 0.595162 0.603651 0.035513 0.037996
2 0.722191 0.573556 0.030264 0.035978
2 0.101608 0.581387 0.025055 0.050460
2 0.527802 0.534838 0.028311 0.041077
2 0.632316 0.552648 0.030550 0.030638
2 0.094178 0.634688 0.026980 0.042330
2 0.335463 0.575123 0.033596 0.044059
2 0.509263 0.502083 0.026987 0.036798
2 0.659873 0.559127 0.033694 0.031091
2 0.629700 0.561403 0.029297 0.026671
2 0.132464 0.566253 0.019871 0.029887
2 0.667252 0.562834 0.031566 0.032523
2 0.631439 0.533471 0.020919 0.030062
2 0.436341 0.528238 0.020017 0.024208
2 0.586652 0.494288 0.024463 0.036362
2 0.398696 0.544096 0.020745 0.025414
2 0.510377 0.521180 0.028914 0.024981
2 0.713666 0.558145 0.027418 0.032018
