2 0.969092 0.616644 0.028057 0.045834
2 0.870384 0.676618 0.027866 0.049315
2 0.558894 0.592250 0.027240 0.034866
2 0.813583 0.491554 0.018909 0.033082
2 0.610235 0.536303 0.021100 0.031719
2 0.905943 0.528225 0.025656 0.034132
2 0.790497 0.493606 0.018300 0.030755
2 0.685427 0.591119 0.024265 0.044041
2 0.888122 0.488909 0.023049 0.036866
2 0.957173 0.588796 0.027622 0.040164
2 0.880392 0.539295 0.024302 0.049087
2 0.829047 0.589874 0.024425 0.039590
2 0.510997 0.591157 0.026171 0.035151
2 0.964859 0.483242 0.026304 0.040601
2 0.523518 0.503442 0.021484 0.029137
2 0.988615 0.681245 0.022769 0.052234
2 0.559982 0.502442 0.020917 0.030722
2 0.423889 0.590626 0.024117 0.036495
2 0.861664 0.492682 0.022516 0.032609
2 0.534097 0.591254 0.024886 0.035641
2 0.663505 0.674979 0.030278 0.044943
2 0.836513 0.491220 0.021545 0.033019
2 0.588292 0.533374 0.021315 0.033751
2 0.436289 0.665497 0.031556 0.042889
2 0.732487 0.674744 0.024506 0.045033
2 0.974881 0.547265 0.025970 0.041593
2 0.935635 0.524133 0.025050 0.031265
2 0.648984 0.547219 0.022301 0.043044
2 0.631154 0.674621 0.026587 0.043064
2 0.852615 0.547340 0.023678 0.037413
2 0.542178 0.501980 0.018003 0.029121
2 0.378933 0.554754 0.023132 0.031284
2 0.351573 0.566321 0.027400 0.032243
2 0.937521 0.485134 0.025334 0.036930
2 0.526945 0.534917 0.022731 0.030657
2 0.944536 0.548545 0.025893 0.039487
2 0.890466 0.586799 0.031429 0.035011
2 0.837385 0.680674 0.028530 0.046638
2 0.962922 0.524754 0.026170 0.031458
2 0.826472 0.546746 0.022414 0.040804
2 0.911708 0.487156 0.021742 0.037110
2 0.766565 0.614710 0.025831 0.047494
2 0.638073 0.498745 0.019757 0.032718
2 0.746418 0.543506 0.023206 0.047039
2 0.618349 0.500609 0.018415 0.030654
2 0.797630 0.615869 0.025985 0.045029
2 0.768176 0.495294 0.019216 0.032989
2 0.799034 0.541989 0.024433 0.047874
2 0.649576 0.611422 0.024216 0.040511
2 0.741011 0.584850 0.027359 0.031191
2 0.720590 0.548311 0.021115 0.038396
2 0.714487 0.587596 0.026262 0.030722
2 0.929837 0.615213 0.026072 0.040383
2 0.547341 0.534525 0.021216 0.030116
2 0.598828 0.501074 0.018079 0.031112
2 0.694934 0.548003 0.020801 0.038707
2 0.736073 0.613105 0.025449 0.039048
2 0.504085 0.503615 0.017981 0.027384
2 0.580504 0.501107 0.020725 0.031335
2 0.861499 0.614468 0.027908 0.044769
2 0.672471 0.550103 0.021605 0.036387
2 0.700850 0.497785 0.019446 0.029765
2 0.722417 0.496316 0.018711 0.031822
2 0.658630 0.499947 0.020320 0.029976
2 0.707027 0.615345 0.027107 0.048382
2 0.858970 0.584859 0.026669 0.032110
2 0.894931 0.609849 0.029665 0.046955
2 0.360126 0.511276 0.026278 0.033730
2 0.625029 0.549289 0.020350 0.038778
2 0.450912 0.539415 0.021488 0.029947
2 0.949800 0.684194 0.035769 0.046153
2 0.744585 0.495694 0.020041 0.034521
2 0.402456 0.612033 0.028961 0.040036
2 0.298154 0.513800 0.021527 0.030300
2 0.990576 0.484195 0.018848 0.033457
2 0.446154 0.588806 0.023697 0.028994
2 0.179187 0.528850 0.021652 0.027095
2 0.494856 0.547806 0.024291 0.042656
2 0.623832 0.612249 0.025678 0.038083
2 0.417213 0.553033 0.028811 0.033787
2 0.328772 0.546290 0.026255 0.031688
2 0.922209 0.584866 0.028723 0.037494
2 0.396133 0.558957 0.021436 0.030975
2 0.609214 0.589386 0.026165 0.032956
2 0.487780 0.504616 0.019119 0.028973
2 0.771246 0.586887 0.025497 0.037269
2 0.475906 0.544226 0.024358 0.035989
2 0.989122 0.585926 0.021756 0.040003
2 0.195516 0.526189 0.019511 0.026566
2 0.577663 0.557080 0.021261 0.032123
2 0.679111 0.499343 0.021157 0.029940
2 0.992634 0.616115 0.014732 0.048886
2 0.472697 0.540194 0.020841 0.029300
2 0.913948 0.682489 0.025421 0.044991
2 0.764943 0.681098 0.025628 0.035885
2 0.554712 0.546866 0.026761 0.043856
2 0.236307 0.552488 0.027083 0.022895
2 0.340053 0.512307 0.022709 0.030072
2 0.366062 0.591615 0.028025 0.031979
2 0.555379 0.553921 0.021048 0.031598
2 0.565094 0.537694 0.022080 0.034340
2 0.257278 0.551215 0.025673 0.022754
2 0.237869 0.521359 0.022526 0.027474
2 0.712473 0.590410 0.024487 0.042189
2 0.630142 0.589159 0.024470 0.032450
2 0.515114 0.553352 0.022353 0.029307
2 0.267779 0.518083 0.025349 0.029435
2 0.595538 0.611505 0.022501 0.038386
2 0.447705 0.612599 0.027101 0.038326
2 0.772213 0.543477 0.023060 0.046709
2 0.536246 0.554160 0.020893 0.029543
2 0.468518 0.587261 0.024165 0.027453
2 0.118965 0.556281 0.029722 0.022899
2 0.675422 0.540796 0.024205 0.036800
2 0.414950 0.550264 0.028658 0.043664
2 0.796788 0.588425 0.026251 0.036341
2 0.305648 0.550657 0.024057 0.025448
2 0.344587 0.606927 0.021668 0.042875
2 0.852195 0.529057 0.022776 0.033117
2 0.413118 0.541487 0.027148 0.027680
2 0.457943 0.587821 0.029531 0.028014
2 0.990168 0.519297 0.019663 0.024672
2 0.289649 0.552339 0.024383 0.020827
2 0.318354 0.514889 0.019374 0.028458
2 0.474304 0.610220 0.026504 0.041230
2 0.799560 0.672890 0.025317 0.035133
2 0.433963 0.538679 0.018240 0.030233
2 0.053703 0.551107 0.017652 0.025027
2 0.192200 0.554592 0.023365 0.020772
2 0.223452 0.523537 0.020606 0.030580
2 0.255082 0.518433 0.020393 0.030474
2 0.084727 0.555286 0.025811 0.022057
2 0.166698 0.529473 0.018664 0.028109
2 0.191340 0.526812 0.029042 0.031677
2 0.289268 0.515975 0.020777 0.027660
2 0.208604 0.552454 0.021968 0.018802
2 0.979636 0.548578 0.028538 0.041608
2 0.738175 0.590438 0.025099 0.044623
2 0.354940 0.557172 0.024830 0.035674
2 0.673574 0.499257 0.018823 0.030453
2 0.541059 0.672495 0.026355 0.035165
2 0.603155 0.605894 0.020586 0.031126
2 0.475598 0.551222 0.024060 0.037888
2 0.344673 0.598809 0.020991 0.039482
2 0.282845 0.515060 0.016387 0.029927
2 0.129228 0.557579 0.023786 0.020855
2 0.568866 0.534498 0.017933 0.032488
2 0.502611 0.544698 0.020303 0.040745
2 0.229062 0.547403 0.028778 0.025918
2 0.273023 0.552568 0.024649 0.021285
2 0.257855 0.544994 0.023399 0.023884
2 0.361402 0.590847 0.021089 0.030082
2 0.268671 0.515857 0.019314 0.031728
2 0.222799 0.541465 0.021245 0.023844
2 0.143039 0.553656 0.028744 0.021261
2 0.179897 0.556182 0.023764 0.021246
2 0.992879 0.544974 0.014242 0.041826
2 0.345360 0.589820 0.024245 0.032775
2 0.860406 0.597205 0.026001 0.057762
2 0.677498 0.532147 0.020690 0.028731
2 0.465027 0.541548 0.026218 0.029946
2 0.114461 0.555640 0.025125 0.023769
2 0.322038 0.515044 0.021639 0.027860
2 0.641927 0.611653 0.020319 0.034755
2 0.180946 0.489907 0.020172 0.028524
2 0.581452 0.552100 0.025779 0.028254
2 0.437937 0.589315 0.024427 0.031773
2 0.772676 0.532758 0.022149 0.037167
2 0.986312 0.520599 0.018555 0.034355
2 0.392952 0.540768 0.022654 0.024854
2 0.328830 0.513557 0.019897 0.028480
2 0.473943 0.593868 0.026270 0.041518
2 0.070194 0.558089 0.015857 0.018639
