2 0.385718 0.519136 0.026002 0.041953
2 0.029953 0.612418 0.037098 0.050250
2 0.352690 0.577201 0.028649 0.043903
2 0.380270 0.576260 0.026092 0.039614
2 0.436238 0.518580 0.023867 0.042248
2 0.262522 0.460420 0.022378 0.039546
2 0.176732 0.411969 0.020744 0.032836
2 0.012758 0.470192 0.025444 0.043536
2 0.357569 0.521730 0.023011 0.040517
2 0.312626 0.409278 0.023690 0.033183
2 0.627448 0.505077 0.033060 0.040306
2 0.117656 0.534994 0.028394 0.047801
2 0.333046 0.406689 0.021042 0.034909
2 0.462387 0.516186 0.025269 0.041654
2 0.710732 0.544360 0.026511 0.039136
2 0.026407 0.414270 0.026649 0.035336
2 0.220520 0.593625 0.025669 0.044608
2 0.593339 0.551101 0.036432 0.044704
2 0.440234 0.576327 0.030352 0.041824
2 0.052611 0.413679 0.025038 0.034282
2 0.407854 0.571207 0.029375 0.042133
2 0.199898 0.411108 0.019962 0.033328
2 0.182501 0.534218 0.026765 0.042441
2 0.411164 0.518141 0.023630 0.039803
2 0.332791 0.524161 0.024635 0.041168
2 0.014378 0.540567 0.028478 0.050447
2 0.149291 0.535946 0.026330 0.047813
2 0.338928 0.462534 0.021610 0.038330
2 0.691311 0.545477 0.030682 0.038883
2 0.184610 0.460074 0.023800 0.047975
2 0.103848 0.412618 0.022259 0.033925
2 0.128820 0.412986 0.022871 0.035454
2 0.153384 0.412751 0.021092 0.034360
2 0.040978 0.473451 0.024101 0.035385
2 0.214124 0.507308 0.023578 0.040664
2 0.354872 0.409281 0.019989 0.028380
2 0.466570 0.568118 0.030158 0.040049
2 0.317553 0.583230 0.030629 0.043977
2 0.083900 0.539960 0.030193 0.048914
2 0.100154 0.469060 0.024532 0.039366
2 0.058887 0.516967 0.028569 0.047190
2 0.644772 0.549193 0.031201 0.038928
2 0.070226 0.468848 0.023320 0.042542
2 0.315467 0.464619 0.021761 0.036841
2 0.047580 0.456234 0.026573 0.036604
2 0.222119 0.411793 0.019677 0.033004
2 0.584562 0.508756 0.028937 0.033843
2 0.236959 0.460023 0.023152 0.042473
2 0.077780 0.413985 0.022795 0.031595
2 0.212057 0.463786 0.021955 0.041483
2 0.496148 0.568009 0.026958 0.037125
2 0.557409 0.508324 0.027680 0.039164
2 0.146712 0.602539 0.024799 0.037155
2 0.250857 0.587961 0.026583 0.044741
2 0.285431 0.449318 0.023095 0.030700
2 0.130024 0.464782 0.024726 0.044768
2 0.329878 0.512139 0.026557 0.046910
2 0.271596 0.512273 0.026617 0.053830
2 0.087833 0.524073 0.028890 0.040211
2 0.270597 0.410958 0.022102 0.034418
2 0.358067 0.462310 0.022651 0.036568
2 0.245817 0.413672 0.021773 0.033268
2 0.486564 0.513764 0.024098 0.038864
2 0.290731 0.409706 0.019444 0.032807
2 0.406702 0.457221 0.019957 0.035406
2 0.093867 0.513719 0.029030 0.037592
2 0.426790 0.456378 0.024111 0.034612
2 0.381053 0.454302 0.021807 0.042205
2 0.157459 0.465655 0.022525 0.039625
2 0.615277 0.448591 0.029563 0.038471
2 0.112695 0.602783 0.027934 0.041534
2 0.288764 0.586333 0.022621 0.042213
2 0.686475 0.499854 0.026150 0.036366
2 0.451687 0.454086 0.027108 0.043040
2 0.183433 0.596551 0.026464 0.044487
2 0.376759 0.410934 0.019165 0.026901
2 0.706988 0.498167 0.028576 0.036735
2 0.131392 0.458792 0.024868 0.041962
2 0.645156 0.483899 0.027658 0.028407
2 0.448535 0.491748 0.023641 0.035839
2 0.540772 0.449434 0.027276 0.034058
2 0.566708 0.453977 0.032182 0.037176
2 0.541248 0.484933 0.027376 0.037952
2 0.532265 0.406875 0.022092 0.031639
2 0.308796 0.444115 0.021386 0.030718
2 0.632422 0.449606 0.022562 0.034416
2 0.548520 0.409426 0.019763 0.026013
2 0.310173 0.455500 0.021959 0.040472
2 0.183216 0.514351 0.024959 0.038645
2 0.157215 0.508957 0.025186 0.042778
2 0.586802 0.486661 0.029361 0.029966
2 0.651142 0.502972 0.028020 0.036088
2 0.724615 0.497218 0.026304 0.035880
2 0.425478 0.491468 0.022837 0.035884
2 0.666836 0.449700 0.027749 0.032840
2 0.591978 0.448226 0.024398 0.037294
2 0.183720 0.507170 0.023499 0.037627
2 0.352115 0.494030 0.022616 0.030924
2 0.514940 0.455530 0.023483 0.033859
2 0.608798 0.482836 0.023529 0.029403
2 0.685991 0.493903 0.026150 0.033278
2 0.583970 0.497946 0.028308 0.044029
2 0.378051 0.494449 0.026703 0.038087
2 0.405167 0.491905 0.027450 0.034203
2 0.298261 0.499675 0.023938 0.038646
2 0.519981 0.445740 0.023840 0.037180
2 0.242944 0.525299 0.025969 0.046292
2 0.629597 0.409073 0.026226 0.030118
2 0.618971 0.550873 0.029715 0.041502
2 0.474045 0.487613 0.025806 0.032926
2 0.122611 0.504090 0.024479 0.033629
2 0.325413 0.501661 0.023406 0.039383
2 0.024773 0.452929 0.019633 0.034437
2 0.350211 0.407692 0.020847 0.032329
2 0.645557 0.490622 0.028526 0.036930
2 0.242035 0.502177 0.023002 0.034014
2 0.608787 0.410213 0.021552 0.026942
2 0.608249 0.508584 0.021984 0.037404
2 0.744972 0.540054 0.020018 0.033065
2 0.558789 0.491969 0.027108 0.036688
2 0.119281 0.529258 0.028325 0.040358
2 0.716846 0.446842 0.025522 0.033053
2 0.563848 0.487148 0.030502 0.029206
2 0.261967 0.453629 0.021298 0.045125
2 0.541294 0.441654 0.024720 0.031642
2 0.013534 0.463558 0.026216 0.038875
2 0.332746 0.444473 0.023993 0.028472
2 0.402538 0.453279 0.027742 0.043295
2 0.505913 0.438234 0.023262 0.029002
2 0.665047 0.485846 0.026228 0.030897
2 0.006361 0.412653 0.012484 0.038743
2 0.571190 0.451178 0.027188 0.043745
2 0.536104 0.445338 0.029791 0.040164
2 0.684939 0.449281 0.022912 0.029977
2 0.312292 0.461401 0.025022 0.043358
2 0.302506 0.526006 0.024633 0.038217
2 0.700119 0.447168 0.024687 0.032113
2 0.666385 0.499030 0.023868 0.036166
2 0.598940 0.410542 0.020422 0.028160
2 0.043821 0.452837 0.027997 0.032407
2 0.062818 0.459931 0.021337 0.037667
2 0.271043 0.504852 0.024635 0.041753
2 0.636153 0.411437 0.033211 0.030792
2 0.658984 0.409750 0.026926 0.032479
2 0.367162 0.458349 0.019544 0.041250
2 0.713494 0.498672 0.023150 0.034552
2 0.049094 0.451517 0.023951 0.035492
2 0.648263 0.446160 0.022232 0.039691
2 0.641983 0.409345 0.022259 0.028991
2 0.670462 0.502372 0.020308 0.034070
2 0.471575 0.490602 0.024989 0.032600
2 0.582350 0.406445 0.023437 0.031807
2 0.145167 0.596259 0.028305 0.042687
2 0.740648 0.490921 0.030226 0.032253
2 0.514247 0.406785 0.026055 0.032240
2 0.374149 0.501715 0.019882 0.036785
2 0.607645 0.487431 0.027827 0.037548
2 0.396628 0.442593 0.023107 0.026154
2 0.355482 0.438966 0.022138 0.028202
2 0.728683 0.498503 0.026219 0.034514
2 0.158087 0.448714 0.021823 0.034962
2 0.132290 0.452560 0.023231 0.037923
2 0.656302 0.504066 0.024091 0.034039
2 0.236357 0.448827 0.021446 0.033795
2 0.668454 0.549008 0.025331 0.036284
2 0.652416 0.451509 0.019602 0.029623
2 0.663349 0.446913 0.028282 0.038121
2 0.565638 0.408115 0.025181 0.031074
2 0.740750 0.497163 0.029768 0.035035
2 0.536569 0.451227 0.021165 0.035980
2 0.355607 0.492681 0.026020 0.033906
2 0.436101 0.454722 0.023809 0.038694
2 0.649328 0.480631 0.030335 0.030261
2 0.348585 0.513160 0.018648 0.040527
2 0.644831 0.448836 0.028697 0.036383
2 0.420570 0.444385 0.022117 0.024913
