2 0.254737 0.641235 0.031361 0.036708
2 0.762758 0.638374 0.028676 0.043518
2 0.768452 0.695243 0.033060 0.044485
2 0.201262 0.642595 0.030077 0.037345
2 0.340404 0.540423 0.021386 0.034591
2 0.227544 0.641600 0.026324 0.035765
2 0.110978 0.728996 0.039593 0.047992
2 0.070599 0.671832 0.035126 0.044441
2 0.679575 0.641811 0.026441 0.046677
2 0.703957 0.696892 0.032924 0.044088
2 0.361256 0.541313 0.019348 0.031412
2 0.674931 0.699365 0.027244 0.041553
2 0.238587 0.544445 0.020184 0.030972
2 0.855455 0.605178 0.032656 0.039492
2 0.624091 0.525265 0.021609 0.034715
2 0.603634 0.528322 0.020878 0.033947
2 0.258296 0.545582 0.023563 0.032721
2 0.650956 0.643817 0.023817 0.040036
2 0.984559 0.681420 0.030802 0.044990
2 0.921968 0.683561 0.045780 0.050697
2 0.646644 0.697977 0.029116 0.044876
2 0.300331 0.542592 0.020990 0.031622
2 0.325896 0.592665 0.020695 0.037221
2 0.404169 0.655136 0.025857 0.044142
2 0.626298 0.644290 0.023655 0.039678
2 0.280618 0.543020 0.021219 0.032262
2 0.277483 0.600412 0.023045 0.036294
2 0.229959 0.601114 0.023473 0.030530
2 0.839488 0.519221 0.026137 0.034217
2 0.706176 0.641318 0.025440 0.044595
2 0.489557 0.580728 0.021744 0.040973
2 0.789681 0.635826 0.026409 0.041197
2 0.040516 0.607589 0.030303 0.036829
2 0.311202 0.580201 0.021305 0.032566
2 0.521176 0.708019 0.024284 0.043538
2 0.954852 0.683366 0.038433 0.057572
2 0.558746 0.579126 0.022013 0.039959
2 0.319696 0.541686 0.018635 0.031657
2 0.252004 0.598712 0.023965 0.036980
2 0.700090 0.578093 0.023522 0.033956
2 0.016971 0.553582 0.033701 0.039638
2 0.350917 0.588493 0.023147 0.042432
2 0.577194 0.565571 0.021495 0.031952
2 0.893377 0.568337 0.029347 0.034563
2 0.606513 0.583358 0.023952 0.035159
2 0.218507 0.546776 0.023983 0.032526
2 0.288471 0.579223 0.023168 0.036587
2 0.738148 0.701751 0.031776 0.044027
2 0.801466 0.697435 0.031856 0.038739
2 0.063744 0.610174 0.027850 0.034514
2 0.821770 0.572210 0.026418 0.036990
2 0.381708 0.540043 0.020158 0.031810
2 0.394749 0.588692 0.021286 0.037609
2 0.514702 0.625846 0.022099 0.038355
2 0.329649 0.720709 0.027200 0.041671
2 0.644514 0.527750 0.019244 0.030829
2 0.622246 0.564298 0.022984 0.031708
2 0.548646 0.704199 0.024434 0.043437
2 0.734614 0.645530 0.026010 0.039654
2 0.488183 0.623704 0.022057 0.030085
2 0.583719 0.530543 0.018776 0.033423
2 0.564585 0.531701 0.019388 0.033353
2 0.745982 0.615964 0.027273 0.037279
2 0.521904 0.534152 0.018606 0.029993
2 0.966299 0.630886 0.042155 0.045771
2 0.612119 0.704273 0.029136 0.040553
2 0.513014 0.582396 0.021232 0.039578
2 0.501983 0.533858 0.016541 0.031062
2 0.372243 0.593733 0.021041 0.033485
2 0.565941 0.630817 0.025740 0.051571
2 0.674022 0.576399 0.023654 0.038008
2 0.487886 0.649901 0.022414 0.041255
2 0.089475 0.604933 0.029355 0.040661
2 0.748189 0.571780 0.032099 0.044702
2 0.427421 0.712285 0.022473 0.042836
2 0.460124 0.650891 0.024078 0.041405
2 0.868684 0.567099 0.023961 0.037760
2 0.722647 0.573217 0.024769 0.041312
2 0.465515 0.623400 0.024875 0.031327
2 0.401834 0.539934 0.019846 0.028136
2 0.862048 0.520222 0.023953 0.032010
2 0.619641 0.619131 0.026963 0.033118
2 0.599861 0.562366 0.018505 0.030439
2 0.294976 0.659839 0.024336 0.039365
2 0.467184 0.580369 0.020148 0.044616
2 0.197178 0.547585 0.023501 0.030772
2 0.591019 0.618235 0.023530 0.036474
2 0.131233 0.586849 0.024881 0.029675
2 0.361836 0.717949 0.030102 0.043132
2 0.432626 0.649489 0.023471 0.046855
2 0.097086 0.646058 0.029181 0.038368
2 0.535110 0.573532 0.021308 0.039648
2 0.323815 0.660438 0.026865 0.041846
2 0.463137 0.535992 0.017868 0.033567
2 0.775941 0.611623 0.027931 0.037510
2 0.543546 0.535161 0.019505 0.029604
2 0.565271 0.623891 0.025930 0.037467
2 0.489168 0.708742 0.023912 0.041213
2 0.945158 0.561931 0.037461 0.048902
2 0.843826 0.569456 0.023422 0.032632
2 0.249948 0.593860 0.026533 0.042922
2 0.906318 0.628798 0.036032 0.039565
2 0.160806 0.600053 0.028361 0.039336
2 0.442153 0.537198 0.019485 0.031998
2 0.218741 0.585640 0.027313 0.031022
2 0.421779 0.537510 0.016680 0.030616
2 0.437267 0.623089 0.024852 0.031302
2 0.385433 0.631741 0.023025 0.042518
2 0.108660 0.585827 0.026326 0.031161
2 0.456729 0.714803 0.022783 0.034878
2 0.482526 0.535435 0.016713 0.030855
2 0.535764 0.583888 0.021424 0.034947
2 0.540970 0.645015 0.022972 0.043290
2 0.181970 0.589523 0.026995 0.035081
2 0.883663 0.605195 0.030836 0.035356
2 0.567944 0.638840 0.023479 0.047120
2 0.419333 0.587502 0.018835 0.037016
2 0.643778 0.615269 0.021890 0.032804
2 0.443422 0.584093 0.023680 0.040066
2 0.540402 0.622250 0.022986 0.031598
2 0.466353 0.586550 0.019352 0.033579
2 0.981790 0.518801 0.031118 0.033143
2 0.151482 0.640104 0.029443 0.033577
2 0.413654 0.627382 0.024700 0.034353
2 0.908502 0.604735 0.034628 0.035810
2 0.205722 0.600624 0.023367 0.031209
2 0.242626 0.581761 0.025030 0.028252
2 0.917064 0.566113 0.029349 0.037361
2 0.444334 0.578591 0.020884 0.040664
2 0.175263 0.549864 0.022954 0.029784
2 0.309415 0.634896 0.026243 0.041082
2 0.158124 0.664125 0.030720 0.047662
2 0.595496 0.644708 0.023168 0.037325
2 0.940271 0.520740 0.027025 0.032765
2 0.934302 0.632657 0.032529 0.041513
2 0.882489 0.617624 0.030753 0.042153
2 0.217507 0.584045 0.020664 0.031626
2 0.831974 0.552817 0.024511 0.032390
2 0.721493 0.615424 0.025037 0.037712
2 0.019831 0.649562 0.039107 0.037967
2 0.583461 0.700147 0.022169 0.035539
2 0.156387 0.588714 0.023814 0.032037
2 0.331807 0.634590 0.022887 0.038071
2 0.965252 0.521117 0.033654 0.034164
2 0.667928 0.529008 0.019426 0.025891
2 0.655077 0.593494 0.032630 0.042810
2 0.540301 0.628255 0.022315 0.046844
2 0.893532 0.650786 0.047207 0.038234
2 0.985795 0.626681 0.027748 0.043389
2 0.377629 0.571606 0.021363 0.028725
2 0.986397 0.614152 0.027205 0.055298
2 0.124745 0.639829 0.030136 0.029383
2 0.698073 0.613750 0.028128 0.039389
2 0.967107 0.562749 0.032642 0.044548
2 0.650180 0.583914 0.026690 0.044145
2 0.646790 0.567816 0.024399 0.034806
2 0.915023 0.604763 0.029248 0.036105
2 0.860934 0.557874 0.031615 0.032025
2 0.920522 0.519689 0.024236 0.030562
2 0.830210 0.550196 0.022629 0.025242
2 0.126918 0.664659 0.034055 0.050672
2 0.809406 0.551939 0.024709 0.028928
2 0.419725 0.581257 0.018733 0.040866
2 0.083940 0.588810 0.031987 0.027783
2 0.728016 0.626999 0.020379 0.034046
2 0.264791 0.579522 0.023888 0.031668
2 0.893425 0.555510 0.032096 0.032828
2 0.973504 0.519328 0.045098 0.033598
2 0.670725 0.616660 0.026516 0.034357
2 0.913359 0.559591 0.033729 0.039020
2 0.852021 0.551842 0.024143 0.032545
2 0.183714 0.601352 0.025302 0.035428
2 0.987744 0.558189 0.024512 0.039115
2 0.882062 0.518189 0.029769 0.033551
2 0.688226 0.559918 0.025632 0.024843
2 0.263756 0.583437 0.026989 0.031654
2 0.067989 0.658964 0.034542 0.038719
2 0.818578 0.521976 0.022798 0.031222
2 0.601154 0.567494 0.022805 0.033566
2 0.876391 0.627318 0.032368 0.040774
2 0.935393 0.602668 0.034197 0.035170
2 0.846003 0.572607 0.024214 0.030739
2 0.670084 0.564721 0.026544 0.040699
2 0.849909 0.548486 0.021694 0.030345
2 0.323874 0.587642 0.022721 0.045701
2 0.464097 0.625650 0.022581 0.041548
2 0.375380 0.576712 0.022748 0.034339
2 0.875821 0.513727 0.026230 0.030691
2 0.622321 0.636896 0.024803 0.042476
2 0.557561 0.566643 0.019263 0.034126
2 0.988058 0.576831 0.023885 0.044841
2 0.987519 0.544698 0.024915 0.030428
2 0.913296 0.566789 0.023784 0.034099
2 0.656405 0.600559 0.037528 0.050323
2 0.770214 0.614028 0.027249 0.036673
2 0.988634 0.565851 0.022731 0.036741
2 0.355124 0.588208 0.024720 0.037435
2 0.661003 0.589379 0.036839 0.048067
2 0.899689 0.546838 0.027962 0.031297
2 0.232539 0.580167 0.029574 0.033476
2 0.961440 0.519836 0.025828 0.031124
2 0.329425 0.641520 0.028846 0.041002
2 0.964973 0.598826 0.031436 0.035950
2 0.184357 0.593888 0.024650 0.043822
2 0.718483 0.574705 0.024156 0.037994
2 0.150277 0.586037 0.023628 0.033164
2 0.899732 0.517827 0.025701 0.032189
2 0.065656 0.587361 0.029590 0.029782
2 0.899905 0.639954 0.047782 0.047900
2 0.944431 0.549509 0.030935 0.027536
2 0.317077 0.652313 0.023809 0.029024
2 0.691469 0.557976 0.031028 0.027911
2 0.891600 0.519454 0.032255 0.032285
2 0.060431 0.586269 0.030214 0.030666
2 0.665476 0.527548 0.023837 0.030420
2 0.409097 0.633465 0.025868 0.033237
2 0.873359 0.546936 0.021050 0.029712
2 0.329881 0.634033 0.025888 0.047066
2 0.718131 0.569377 0.028049 0.039459
2 0.330347 0.589065 0.022122 0.036315
2 0.608946 0.586902 0.023134 0.035669
2 0.987030 0.598871 0.025603 0.034241
2 0.298772 0.547080 0.020819 0.030565
2 0.825363 0.571105 0.026789 0.031186
2 0.615820 0.618629 0.024004 0.038457
2 0.985797 0.520676 0.027969 0.036146
2 0.234095 0.726694 0.027886 0.038267
2 0.959784 0.599459 0.029537 0.034127
2 0.424276 0.537365 0.019817 0.033428
