2 0.699974 0.519899 0.026722 0.043695
2 0.784319 0.520405 0.028987 0.042375
2 0.480902 0.523702 0.024568 0.045588
2 0.278819 0.506444 0.030039 0.034790
2 0.671171 0.522078 0.024127 0.041059
2 0.693930 0.577859 0.028699 0.040337
2 0.665452 0.576781 0.028611 0.042730
2 0.930571 0.516922 0.035230 0.042586
2 0.979970 0.572562 0.039681 0.058360
2 0.943317 0.569240 0.043611 0.050366
2 0.754121 0.522758 0.026069 0.042106
2 0.226732 0.505849 0.028686 0.035292
2 0.757741 0.581910 0.032766 0.042755
2 0.363077 0.411177 0.021124 0.032660
2 0.726541 0.521641 0.025396 0.044244
2 0.579651 0.455903 0.020583 0.038057
2 0.464208 0.458401 0.020723 0.040256
2 0.788069 0.576538 0.032297 0.042703
2 0.646329 0.521120 0.023903 0.040391
2 0.626714 0.406569 0.020485 0.032735
2 0.600782 0.444889 0.021149 0.031086
2 0.252292 0.505672 0.025377 0.034051
2 0.453704 0.522240 0.023890 0.042466
2 0.440670 0.461548 0.020607 0.034764
2 0.723858 0.575545 0.030945 0.044694
2 0.811883 0.519062 0.027373 0.041986
2 0.262251 0.411079 0.019690 0.028979
2 0.277290 0.464973 0.023284 0.036083
2 0.985435 0.517711 0.029026 0.044588
2 0.303407 0.411982 0.021242 0.032760
2 0.301575 0.467250 0.022594 0.036977
2 0.242373 0.412999 0.024465 0.032587
2 0.878950 0.491060 0.033752 0.044102
2 0.254677 0.466844 0.023818 0.029750
2 0.820931 0.580384 0.030985 0.037437
2 0.349530 0.462799 0.021135 0.035511
2 0.140318 0.587084 0.038019 0.045836
2 0.568041 0.578699 0.023865 0.040231
2 0.920884 0.453706 0.028871 0.035990
2 0.630356 0.579993 0.029336 0.041438
2 0.647604 0.404380 0.021377 0.035596
2 0.895192 0.454009 0.027114 0.035910
2 0.867596 0.403650 0.026496 0.035926
2 0.416764 0.461495 0.020114 0.036423
2 0.125388 0.506196 0.028717 0.037269
2 0.323786 0.411888 0.021514 0.030963
2 0.426466 0.527154 0.025663 0.042628
2 0.606942 0.407788 0.018499 0.032588
2 0.343346 0.411703 0.018613 0.030633
2 0.333339 0.449708 0.021092 0.030165
2 0.488157 0.461145 0.020386 0.033455
2 0.959926 0.519734 0.031180 0.042677
2 0.383549 0.412600 0.020477 0.030915
2 0.696278 0.453328 0.024599 0.042802
2 0.588050 0.409757 0.020530 0.032750
2 0.846281 0.455717 0.025988 0.037216
2 0.645333 0.441915 0.021242 0.031588
2 0.723072 0.455004 0.025421 0.040246
2 0.623460 0.439941 0.019159 0.030385
2 0.565826 0.411499 0.019294 0.029948
2 0.281840 0.412695 0.023297 0.032178
2 0.669152 0.406670 0.018934 0.029887
2 0.395538 0.464308 0.020918 0.033190
2 0.768913 0.497736 0.026652 0.036303
2 0.523974 0.409749 0.016770 0.029912
2 0.890269 0.405795 0.024610 0.030480
2 0.540159 0.581842 0.024618 0.040902
2 0.373203 0.458348 0.022316 0.044380
2 0.798401 0.493142 0.028754 0.038929
2 0.069849 0.467836 0.029816 0.037769
2 0.533621 0.461068 0.019552 0.035447
2 0.510719 0.455992 0.020662 0.042684
2 0.745529 0.454051 0.026332 0.040704
2 0.630462 0.463375 0.022526 0.033874
2 0.384629 0.584917 0.029093 0.042155
2 0.200215 0.413692 0.022570 0.028047
2 0.617008 0.522079 0.023305 0.035903
2 0.556814 0.456621 0.021572 0.038534
2 0.156188 0.450351 0.024711 0.029557
2 0.970813 0.406130 0.025569 0.032633
2 0.010760 0.453789 0.021520 0.036312
2 0.092399 0.470214 0.024979 0.033029
2 0.868748 0.453936 0.023668 0.033752
2 0.505185 0.410300 0.016857 0.029380
2 0.464055 0.410998 0.018905 0.032201
2 0.665548 0.493609 0.025399 0.033381
2 0.969603 0.490337 0.032687 0.031918
2 0.507969 0.525906 0.023516 0.039729
2 0.693560 0.494485 0.026771 0.034600
2 0.691662 0.408674 0.019955 0.026205
2 0.221556 0.412693 0.023567 0.031123
2 0.045005 0.414548 0.032256 0.038312
2 0.601996 0.574227 0.019322 0.027993
2 0.945535 0.452506 0.028111 0.036552
2 0.432460 0.502359 0.024920 0.035552
2 0.403191 0.412805 0.019627 0.029512
2 0.052238 0.506112 0.036474 0.037763
2 0.972992 0.450419 0.034716 0.048050
2 0.407281 0.503427 0.022332 0.041180
2 0.544213 0.410514 0.018723 0.029161
2 0.423200 0.412640 0.018580 0.027868
2 0.208392 0.457097 0.024179 0.037649
2 0.670517 0.457382 0.025642 0.041943
2 0.312108 0.446734 0.023492 0.035687
2 0.988326 0.405650 0.023348 0.032209
2 0.318859 0.526549 0.024460 0.036660
2 0.154699 0.527460 0.031815 0.044334
2 0.612198 0.496592 0.023193 0.033426
2 0.939161 0.491394 0.030046 0.030761
2 0.769838 0.452793 0.034086 0.044727
2 0.588644 0.514383 0.024065 0.046218
2 0.115882 0.464999 0.030574 0.041879
2 0.477604 0.586582 0.023610 0.038254
2 0.987093 0.486423 0.025791 0.035878
2 0.443548 0.410943 0.017950 0.029929
2 0.267112 0.445024 0.022184 0.025995
2 0.935709 0.493789 0.030817 0.036786
2 0.230079 0.465790 0.023005 0.030736
2 0.562127 0.521063 0.024285 0.040220
2 0.484394 0.410985 0.017522 0.032769
2 0.100038 0.530136 0.032803 0.041529
2 0.152888 0.506233 0.030466 0.031919
2 0.352982 0.586660 0.027306 0.040154
2 0.182237 0.454647 0.023831 0.032630
2 0.951387 0.406788 0.023635 0.028991
2 0.346392 0.526541 0.025460 0.039830
2 0.243813 0.453434 0.027290 0.033260
2 0.720350 0.493620 0.028895 0.035808
2 0.185171 0.463081 0.025735 0.038408
2 0.027339 0.528562 0.027754 0.047499
2 0.447779 0.581243 0.022239 0.042470
2 0.909096 0.495437 0.029821 0.035154
2 0.333997 0.502788 0.025657 0.040766
2 0.880809 0.531452 0.046304 0.035548
2 0.178515 0.503092 0.029111 0.033642
2 0.898160 0.513258 0.030445 0.037592
2 0.859169 0.433858 0.022966 0.030753
2 0.720830 0.448631 0.027283 0.035440
2 0.175705 0.399476 0.025110 0.027491
2 0.744391 0.494821 0.027022 0.037503
2 0.183267 0.521418 0.031586 0.040323
2 0.397731 0.412465 0.018063 0.029728
2 0.912397 0.492201 0.030583 0.032359
2 0.465377 0.450759 0.019837 0.036760
2 0.638886 0.497698 0.022627 0.036713
2 0.635113 0.494021 0.026032 0.039355
2 0.800671 0.451718 0.026592 0.035022
2 0.488046 0.442198 0.019414 0.025537
2 0.931001 0.435649 0.024843 0.030777
2 0.133558 0.450100 0.025942 0.029163
2 0.242931 0.451479 0.020396 0.033670
2 0.964825 0.491213 0.035701 0.040095
2 0.507609 0.582297 0.024273 0.038037
2 0.355155 0.503058 0.022284 0.037098
2 0.285784 0.449288 0.025296 0.026803
2 0.929154 0.403657 0.030536 0.039921
2 0.586392 0.503200 0.024310 0.044794
2 0.910181 0.405363 0.022468 0.030978
2 0.700159 0.445843 0.020739 0.034576
2 0.508440 0.503098 0.022923 0.036478
2 0.429204 0.520493 0.028010 0.033314
2 0.584866 0.495451 0.027531 0.037835
2 0.556334 0.448955 0.019797 0.036904
2 0.535074 0.500917 0.021000 0.033643
2 0.748876 0.501377 0.027565 0.040094
2 0.650583 0.519611 0.017881 0.042339
2 0.178025 0.447776 0.027170 0.033157
2 0.251629 0.446131 0.027631 0.031464
2 0.845225 0.405257 0.022985 0.031855
2 0.403880 0.458469 0.014877 0.040862
2 0.632516 0.404785 0.022981 0.033358
2 0.377265 0.449711 0.022558 0.032690
2 0.399471 0.447871 0.020956 0.033040
2 0.245379 0.447903 0.024254 0.033338
2 0.089766 0.452033 0.029085 0.027356
2 0.904412 0.435898 0.018899 0.031748
2 0.020449 0.415704 0.024670 0.035732
2 0.458374 0.496972 0.021259 0.035285
2 0.016758 0.417056 0.030654 0.031657
2 0.371880 0.463923 0.020593 0.034239
2 0.879228 0.435160 0.023101 0.033128
2 0.208262 0.466575 0.024794 0.033672
2 0.914654 0.404804 0.029935 0.033768
2 0.036877 0.414405 0.047402 0.037898
2 0.385904 0.457296 0.017404 0.037323
2 0.627638 0.460416 0.024851 0.038392
2 0.344221 0.519762 0.025013 0.028379
2 0.441679 0.439234 0.018304 0.024830
2 0.485378 0.494774 0.022021 0.034913
2 0.208439 0.450630 0.021833 0.034101
2 0.855348 0.431744 0.024029 0.027987
2 0.006763 0.420242 0.013478 0.029167
2 0.509656 0.496042 0.021734 0.036829
2 0.169265 0.407045 0.034832 0.037456
2 0.832835 0.436410 0.023858 0.034181
2 0.487476 0.448377 0.020178 0.036344
2 0.416407 0.504393 0.023755 0.042787
2 0.027995 0.520225 0.029583 0.046190
2 0.604525 0.445812 0.024775 0.035969
2 0.559165 0.496668 0.024389 0.039677
2 0.184430 0.469391 0.029218 0.037815
2 0.991514 0.447166 0.016972 0.040587
2 0.491891 0.410245 0.017079 0.032889
2 0.322758 0.523781 0.024398 0.033842
2 0.370562 0.457723 0.025948 0.037583
2 0.200657 0.447086 0.024155 0.030735
2 0.540625 0.458741 0.022290 0.039719
