2 0.819045 0.605182 0.031093 0.036883
2 0.946255 0.704591 0.037280 0.051399
2 0.891382 0.507494 0.023180 0.032992
2 0.916787 0.505261 0.026176 0.038913
2 0.929331 0.631625 0.029905 0.046276
2 0.821681 0.508108 0.023997 0.032342
2 0.970165 0.506368 0.026778 0.035289
2 0.682070 0.672344 0.033407 0.042477
2 0.846194 0.505066 0.023740 0.034886
2 0.975351 0.611502 0.029335 0.046134
2 0.855695 0.545327 0.025159 0.039772
2 0.801634 0.507195 0.021881 0.031182
2 0.943586 0.507695 0.026130 0.035794
2 0.987418 0.564526 0.024352 0.042852
2 0.882032 0.547050 0.025999 0.033802
2 0.929033 0.562550 0.026280 0.042372
2 0.791301 0.603562 0.026833 0.035960
2 0.899904 0.562854 0.024198 0.039303
2 0.879175 0.608520 0.032130 0.044752
2 0.897122 0.632863 0.030220 0.044067
2 0.698219 0.543920 0.023166 0.031813
2 0.622784 0.557023 0.023304 0.031904
2 0.781229 0.508636 0.023131 0.030614
2 0.868620 0.505872 0.022461 0.032225
2 0.760045 0.507738 0.021829 0.028511
2 0.765008 0.601373 0.027751 0.037202
2 0.794349 0.562596 0.025961 0.033757
2 0.817690 0.563357 0.023794 0.034991
2 0.907513 0.702163 0.035119 0.044806
2 0.747744 0.557016 0.024191 0.042874
2 0.957573 0.565885 0.025136 0.038267
2 0.545787 0.512208 0.019507 0.028962
2 0.641588 0.560212 0.021195 0.030054
2 0.842121 0.566769 0.024154 0.035772
2 0.662128 0.557627 0.026328 0.037175
2 0.669817 0.594793 0.026125 0.035734
2 0.739384 0.509778 0.020534 0.026817
2 0.806375 0.539172 0.023832 0.027746
2 0.648116 0.615561 0.028469 0.039084
2 0.695554 0.617209 0.027385 0.043082
2 0.725937 0.557495 0.027823 0.040219
2 0.573329 0.543496 0.025267 0.031241
2 0.692772 0.595813 0.024349 0.029639
2 0.964987 0.553485 0.027731 0.034864
2 0.907955 0.608549 0.027583 0.043928
2 0.863016 0.628117 0.025796 0.036905
2 0.441182 0.522117 0.025913 0.028887
2 0.724015 0.618316 0.029754 0.040488
2 0.789783 0.557326 0.027966 0.030619
2 0.992131 0.507114 0.015738 0.030950
2 0.609798 0.591694 0.028866 0.033121
2 0.767762 0.562318 0.022292 0.031805
2 0.605226 0.510998 0.025382 0.033885
2 0.593947 0.558629 0.018841 0.035974
2 0.883853 0.607697 0.026422 0.041436
2 0.966737 0.547257 0.024288 0.035304
2 0.388493 0.546740 0.026882 0.020476
2 0.563781 0.514052 0.020364 0.027205
2 0.517747 0.515065 0.026195 0.028034
2 0.442949 0.549053 0.027175 0.019471
2 0.560330 0.513173 0.019545 0.028243
2 0.830411 0.543570 0.022732 0.035369
2 0.694431 0.592289 0.028091 0.033202
2 0.960878 0.559458 0.025953 0.034750
2 0.585064 0.511885 0.023738 0.030101
2 0.718723 0.593764 0.029179 0.031723
2 0.787467 0.539049 0.027830 0.032533
2 0.483942 0.519311 0.026589 0.026997
2 0.453386 0.522890 0.020436 0.029633
2 0.834247 0.551683 0.021779 0.030927
2 0.816184 0.554777 0.030983 0.032704
2 0.678843 0.542751 0.022350 0.031309
2 0.531814 0.513468 0.016437 0.028413
2 0.735795 0.555590 0.032317 0.039956
2 0.415390 0.547630 0.023029 0.021269
2 0.490585 0.547160 0.027634 0.021643
2 0.511737 0.548041 0.031328 0.022186
2 0.832393 0.562807 0.021947 0.038840
2 0.590692 0.609107 0.021961 0.039203
2 0.992640 0.640362 0.014719 0.052618
2 0.480140 0.521359 0.023649 0.030573
2 0.358592 0.546868 0.030181 0.019281
2 0.555010 0.543078 0.021700 0.026254
2 0.569726 0.546061 0.030002 0.030758
2 0.463132 0.548574 0.022556 0.018656
2 0.659898 0.542301 0.027282 0.028040
2 0.821252 0.548262 0.032085 0.041900
2 0.783764 0.542366 0.026587 0.033825
2 0.355374 0.544350 0.032166 0.022968
2 0.436276 0.522174 0.023913 0.028212
2 0.660892 0.551720 0.027794 0.043364
2 0.718968 0.541416 0.021884 0.029889
2 0.694446 0.545089 0.026949 0.030534
2 0.506733 0.543254 0.023369 0.024500
2 0.540395 0.549423 0.024275 0.021199
2 0.948615 0.507638 0.023849 0.033797
2 0.521331 0.545081 0.025929 0.026729
2 0.532843 0.543125 0.027429 0.024824
2 0.348448 0.543585 0.025294 0.024049
2 0.590698 0.589952 0.021996 0.028843
2 0.590556 0.596411 0.022029 0.035449
2 0.940227 0.547326 0.024363 0.034946
2 0.494215 0.517955 0.018973 0.030375
2 0.720387 0.547614 0.024404 0.033598
2 0.903738 0.561167 0.024098 0.038763
2 0.540636 0.541489 0.024983 0.028876
2 0.363222 0.544530 0.026694 0.022277
2 0.457951 0.544648 0.025305 0.026482
2 0.484938 0.542973 0.026476 0.024985
2 0.933073 0.554745 0.031929 0.035289
2 0.507950 0.513660 0.013887 0.028783
2 0.475996 0.524136 0.022581 0.034676
