2 0.100607 0.460095 0.024928 0.035535
2 0.538989 0.502295 0.024560 0.039372
2 0.757560 0.527835 0.033482 0.041499
2 0.463505 0.509567 0.023400 0.039732
2 0.490479 0.505734 0.024754 0.043396
2 0.545506 0.561305 0.031139 0.044085
2 0.074039 0.459693 0.025553 0.038856
2 0.513367 0.557200 0.029855 0.044787
2 0.487332 0.561709 0.026140 0.039712
2 0.225104 0.411962 0.020189 0.032966
2 0.565074 0.499246 0.026067 0.042505
2 0.012606 0.423838 0.024656 0.034245
2 0.514440 0.504116 0.023109 0.038535
2 0.038207 0.528663 0.035390 0.038814
2 0.036590 0.424232 0.027359 0.034679
2 0.702615 0.531059 0.037626 0.046198
2 0.691093 0.484442 0.031416 0.039035
2 0.460610 0.562425 0.027106 0.043049
2 0.063323 0.420344 0.023286 0.034977
2 0.439742 0.511298 0.024682 0.038350
2 0.393226 0.438489 0.020366 0.030783
2 0.247278 0.410716 0.019863 0.034692
2 0.325439 0.458208 0.020277 0.038667
2 0.086979 0.419646 0.022730 0.034448
2 0.313205 0.406874 0.018452 0.031401
2 0.188093 0.511309 0.026260 0.043504
2 0.300592 0.454845 0.022480 0.044909
2 0.589343 0.496482 0.026283 0.039053
2 0.062117 0.484238 0.025849 0.037937
2 0.378325 0.403436 0.019058 0.032369
2 0.131318 0.606967 0.032943 0.046205
2 0.364988 0.573399 0.025596 0.044856
2 0.333858 0.406795 0.018927 0.030489
2 0.165845 0.603399 0.031302 0.045096
2 0.210829 0.534343 0.028600 0.047744
2 0.149425 0.537551 0.027916 0.044943
2 0.428005 0.570221 0.028478 0.040329
2 0.721984 0.423584 0.028293 0.041782
2 0.201754 0.415206 0.020348 0.029799
2 0.291851 0.409240 0.017944 0.030667
2 0.382219 0.505016 0.026380 0.050515
2 0.249926 0.458922 0.022857 0.045937
2 0.109147 0.419419 0.019707 0.033498
2 0.120053 0.474385 0.023014 0.038013
2 0.238776 0.592059 0.024487 0.044548
2 0.728922 0.526582 0.030162 0.043060
2 0.241274 0.528034 0.026025 0.043847
2 0.372315 0.449795 0.021350 0.041474
2 0.484456 0.441909 0.023896 0.041985
2 0.664358 0.488515 0.027712 0.036039
2 0.178977 0.416367 0.021607 0.031705
2 0.738078 0.483580 0.034453 0.037244
2 0.355997 0.407384 0.019684 0.030443
2 0.336708 0.581480 0.023596 0.042905
2 0.571402 0.551220 0.029208 0.039908
2 0.146562 0.470393 0.024367 0.041929
2 0.555371 0.438910 0.022803 0.040976
2 0.033771 0.484460 0.026349 0.032926
2 0.132868 0.417026 0.023467 0.036205
2 0.269954 0.409814 0.019748 0.034324
2 0.348376 0.453837 0.021956 0.042581
2 0.418148 0.436706 0.024233 0.032544
2 0.223592 0.465588 0.020614 0.039007
2 0.509248 0.447291 0.022935 0.030177
2 0.529012 0.440050 0.022998 0.037021
2 0.601652 0.550756 0.027901 0.037998
2 0.102631 0.518343 0.031710 0.037257
2 0.270759 0.529901 0.024535 0.044593
2 0.275708 0.460514 0.020455 0.038930
2 0.300558 0.526951 0.024508 0.041125
2 0.328166 0.498911 0.022927 0.037718
2 0.400700 0.572887 0.023086 0.042953
2 0.801256 0.475715 0.028736 0.036551
2 0.406089 0.487612 0.022671 0.035003
2 0.196666 0.466401 0.019848 0.039273
2 0.156941 0.417437 0.022184 0.031963
2 0.436697 0.397457 0.021343 0.034024
2 0.119045 0.544506 0.027372 0.041629
2 0.824208 0.473510 0.029425 0.035306
2 0.010767 0.530974 0.021533 0.037524
2 0.457646 0.482012 0.021932 0.029532
2 0.269351 0.594400 0.022555 0.035173
2 0.397271 0.402240 0.019333 0.032181
2 0.462140 0.448016 0.023272 0.037687
2 0.741797 0.423963 0.023731 0.036551
2 0.433455 0.486616 0.021408 0.029345
2 0.303469 0.586788 0.025425 0.041650
2 0.483055 0.482881 0.024311 0.032025
2 0.760660 0.480825 0.030546 0.034086
2 0.508313 0.481222 0.026635 0.032406
2 0.417439 0.400163 0.020615 0.031220
2 0.635185 0.386469 0.025086 0.031486
2 0.808978 0.521797 0.032467 0.039837
2 0.171015 0.473091 0.022159 0.032539
2 0.487206 0.493035 0.026904 0.045687
2 0.009958 0.485728 0.019917 0.034845
2 0.443441 0.448448 0.023100 0.039915
2 0.699630 0.426586 0.023501 0.037052
2 0.085709 0.544635 0.027654 0.036994
2 0.551084 0.476303 0.024148 0.032611
2 0.619246 0.434974 0.026099 0.036629
2 0.828634 0.518696 0.028402 0.036697
2 0.411316 0.513805 0.024590 0.034086
2 0.577631 0.473807 0.025918 0.030595
2 0.217923 0.509188 0.025421 0.040850
2 0.759363 0.423967 0.025180 0.032658
2 0.103883 0.460056 0.025421 0.031796
2 0.128003 0.518644 0.025900 0.035980
2 0.784873 0.526828 0.028536 0.039512
2 0.018851 0.461601 0.026899 0.028821
2 0.176834 0.452759 0.022066 0.030305
2 0.243364 0.503104 0.024167 0.036716
2 0.645543 0.418907 0.023945 0.032327
2 0.416281 0.433058 0.020398 0.028937
2 0.646401 0.466133 0.028441 0.037341
2 0.435416 0.493700 0.024869 0.047736
2 0.531765 0.482057 0.024859 0.032522
2 0.300399 0.501353 0.022617 0.036907
2 0.845816 0.471861 0.027999 0.034566
2 0.047110 0.462493 0.026092 0.034532
2 0.760731 0.455626 0.027622 0.027177
2 0.843770 0.452127 0.028868 0.028887
2 0.715013 0.485355 0.026754 0.035145
2 0.355937 0.518355 0.022200 0.042986
2 0.348398 0.446113 0.021428 0.034203
2 0.457213 0.399360 0.018801 0.030197
2 0.780902 0.478917 0.025610 0.032821
2 0.479623 0.399232 0.020550 0.026112
2 0.832975 0.416594 0.029446 0.034074
2 0.654737 0.386833 0.020539 0.028095
2 0.818217 0.453010 0.030366 0.026558
2 0.482709 0.435636 0.022061 0.034746
2 0.528677 0.479408 0.023789 0.034741
2 0.798095 0.457688 0.023328 0.027334
2 0.741735 0.383549 0.029588 0.030014
2 0.674885 0.432166 0.030160 0.040157
2 0.125037 0.521376 0.028551 0.042891
2 0.842036 0.474048 0.030240 0.034846
2 0.215112 0.517835 0.027391 0.043724
2 0.148671 0.461575 0.026112 0.041188
2 0.754582 0.385355 0.023399 0.032459
2 0.800774 0.468347 0.028939 0.045730
2 0.686156 0.385131 0.024912 0.031442
2 0.510790 0.487588 0.024861 0.038859
2 0.419123 0.453561 0.028168 0.036249
2 0.719245 0.385068 0.022645 0.030860
2 0.865713 0.516148 0.025191 0.034688
2 0.779119 0.422031 0.025717 0.029810
2 0.624735 0.413009 0.021300 0.026647
2 0.275454 0.441713 0.019611 0.025500
2 0.850787 0.470116 0.026066 0.035764
2 0.607688 0.418639 0.023515 0.026311
2 0.784292 0.454825 0.030966 0.027413
2 0.686369 0.424885 0.030302 0.037157
2 0.623899 0.423382 0.024836 0.039449
2 0.354538 0.496497 0.020471 0.036086
2 0.272251 0.503935 0.024778 0.039517
2 0.616873 0.388172 0.024133 0.029170
2 0.715725 0.386859 0.031935 0.033105
2 0.762804 0.425480 0.022174 0.031086
2 0.436786 0.435957 0.022122 0.032169
2 0.776886 0.455959 0.028795 0.032776
2 0.863563 0.467706 0.031064 0.038572
2 0.770332 0.455506 0.029376 0.030970
2 0.821502 0.463773 0.031348 0.044032
2 0.013388 0.478146 0.021464 0.039863
2 0.739639 0.455924 0.030069 0.028640
2 0.797460 0.421768 0.021657 0.028964
2 0.704592 0.384722 0.020544 0.030495
2 0.815926 0.420524 0.029252 0.029245
2 0.718697 0.459152 0.030042 0.032078
2 0.551353 0.437122 0.030219 0.044349
2 0.843451 0.463478 0.030260 0.046468
2 0.669936 0.422126 0.024883 0.032263
2 0.486462 0.445637 0.021322 0.034647
2 0.692280 0.463147 0.026884 0.030216
2 0.150969 0.529018 0.030033 0.046836
2 0.153779 0.456792 0.024892 0.034489
2 0.435289 0.431754 0.019322 0.030828
2 0.497001 0.427407 0.020128 0.022190
2 0.439103 0.431887 0.023761 0.032236
2 0.770472 0.383989 0.028714 0.036603
2 0.696203 0.852118 0.034839 0.040810
2 0.644711 0.451434 0.028606 0.027477
2 0.500725 0.429367 0.025374 0.030256
2 0.712334 0.460496 0.021047 0.027124
2 0.669842 0.438396 0.029223 0.036033
2 0.179636 0.458204 0.022145 0.035078
2 0.758106 0.407453 0.025425 0.026369
2 0.639431 0.437231 0.021497 0.028882
2 0.018327 0.623816 0.031603 0.036252
2 0.521383 0.427335 0.019814 0.024102
2 0.864450 0.451023 0.031124 0.029714
2 0.077703 0.458644 0.026035 0.033501
2 0.671669 0.466173 0.025449 0.032968
2 0.195013 0.470604 0.023186 0.036038
2 0.546994 0.431991 0.027443 0.036423
2 0.779817 0.405385 0.023075 0.024396
2 0.223645 0.445521 0.018660 0.028445
2 0.684003 0.411918 0.025775 0.027614
2 0.400044 0.400704 0.021447 0.033823
2 0.671799 0.387190 0.020389 0.028955
2 0.690348 0.455687 0.032994 0.036480
2 0.457434 0.428489 0.018588 0.026612
2 0.710120 0.480180 0.027322 0.042098
2 0.733995 0.455229 0.022935 0.027603
2 0.378850 0.500394 0.028831 0.047613
