2 0.966357 0.624284 0.041422 0.047645
2 0.943343 0.572069 0.040284 0.045758
2 0.326339 0.475147 0.021322 0.033323
2 0.564470 0.504561 0.020197 0.031800
2 0.721995 0.641705 0.032038 0.043805
2 0.093449 0.660605 0.039789 0.048698
2 0.079447 0.577473 0.030675 0.039480
2 0.186073 0.576008 0.029961 0.037263
2 0.347401 0.476177 0.019090 0.030249
2 0.886336 0.570903 0.032849 0.040218
2 0.630750 0.636570 0.029901 0.042366
2 0.020010 0.537714 0.029853 0.038023
2 0.716408 0.581650 0.026320 0.042810
2 0.730900 0.512483 0.033764 0.044304
2 0.446297 0.587540 0.024538 0.046063
2 0.264281 0.476520 0.020845 0.031899
2 0.239820 0.574616 0.032201 0.035692
2 0.913635 0.573916 0.029885 0.041833
2 0.214973 0.533285 0.023276 0.033028
2 0.488974 0.471380 0.017958 0.031344
2 0.899467 0.624241 0.043189 0.050339
2 0.312242 0.528058 0.021207 0.037278
2 0.932644 0.624848 0.039620 0.052796
2 0.286038 0.477043 0.021177 0.030341
2 0.337009 0.523081 0.023880 0.042788
2 0.746172 0.579029 0.028047 0.043331
2 0.391113 0.590750 0.026815 0.044246
2 0.664393 0.580388 0.025595 0.044008
2 0.419313 0.586114 0.024125 0.041693
2 0.588120 0.503928 0.020578 0.030248
2 0.533820 0.639263 0.023922 0.044124
2 0.783318 0.636696 0.031135 0.037185
2 0.544639 0.516436 0.020035 0.040130
2 0.856387 0.573294 0.031957 0.042412
2 0.476219 0.517951 0.021126 0.041124
2 0.305761 0.476309 0.018925 0.030703
2 0.689717 0.580923 0.026092 0.043724
2 0.237652 0.531243 0.025130 0.037364
2 0.552753 0.567916 0.025851 0.047919
2 0.597154 0.641966 0.028461 0.042893
2 0.508548 0.472414 0.017908 0.029574
2 0.296610 0.513942 0.022694 0.032853
2 0.850498 0.511857 0.023918 0.032692
2 0.804092 0.513529 0.025055 0.036840
2 0.202071 0.479649 0.024407 0.031952
2 0.823646 0.462315 0.024527 0.032278
2 0.261500 0.533680 0.022490 0.036982
2 0.825976 0.512725 0.022611 0.035503
2 0.552043 0.469583 0.018962 0.032580
2 0.368369 0.475846 0.019797 0.029613
2 0.242670 0.479607 0.023973 0.030516
2 0.211550 0.574281 0.026606 0.036122
2 0.358501 0.528968 0.020978 0.032665
2 0.189462 0.534498 0.023349 0.030589
2 0.608845 0.503569 0.021328 0.032077
2 0.750722 0.636309 0.032215 0.040971
2 0.687396 0.635430 0.031068 0.042869
2 0.473990 0.587507 0.023685 0.041417
2 0.499522 0.520258 0.020180 0.038860
2 0.590732 0.467092 0.020163 0.032037
2 0.506873 0.644077 0.022559 0.041302
2 0.706410 0.513601 0.024818 0.037211
2 0.452484 0.523353 0.019209 0.032883
2 0.874267 0.511603 0.027239 0.034399
2 0.969195 0.569537 0.034256 0.043078
2 0.730232 0.553597 0.026925 0.036432
2 0.845250 0.463232 0.025348 0.031470
2 0.347646 0.652818 0.028790 0.042948
2 0.787295 0.541273 0.029856 0.033857
2 0.316595 0.654287 0.028241 0.041422
2 0.469258 0.472808 0.017256 0.029944
2 0.429138 0.474111 0.018887 0.031191
2 0.634356 0.583205 0.025934 0.036372
2 0.772169 0.577694 0.026732 0.041020
2 0.657879 0.511740 0.023595 0.043888
2 0.051669 0.603581 0.036442 0.042504
2 0.758999 0.550893 0.026900 0.032914
2 0.576917 0.556127 0.022020 0.035562
2 0.380970 0.524958 0.019996 0.038140
2 0.429896 0.521027 0.021882 0.039258
2 0.582007 0.581556 0.021474 0.036709
2 0.707556 0.552979 0.025646 0.033821
2 0.659236 0.636733 0.028500 0.039492
2 0.530218 0.473329 0.019945 0.029866
2 0.610475 0.582083 0.023780 0.040347
2 0.501115 0.562231 0.020529 0.035749
2 0.222691 0.477479 0.019428 0.029037
2 0.521381 0.510799 0.021117 0.034287
2 0.387750 0.475854 0.018434 0.029200
2 0.070733 0.535494 0.029161 0.043884
2 0.629038 0.552057 0.022663 0.031218
2 0.113090 0.518958 0.026431 0.029686
2 0.045298 0.540144 0.028303 0.036073
2 0.683232 0.552526 0.026313 0.034226
2 0.206182 0.519243 0.024290 0.034333
2 0.521103 0.518607 0.021735 0.041300
2 0.685164 0.516324 0.023679 0.033172
2 0.924225 0.507692 0.033823 0.045188
2 0.449234 0.473370 0.017925 0.031814
2 0.631524 0.467814 0.018980 0.029798
2 0.568640 0.634329 0.020403 0.032039
2 0.406066 0.524437 0.020555 0.033282
2 0.981193 0.462768 0.036171 0.038235
2 0.168096 0.530403 0.025190 0.042155
2 0.801217 0.463853 0.023735 0.031922
2 0.610038 0.466066 0.020034 0.034137
2 0.656808 0.552806 0.026721 0.031804
2 0.273539 0.512886 0.024462 0.037399
2 0.987638 0.566873 0.024013 0.042283
2 0.010739 0.580763 0.021478 0.038673
2 0.897472 0.509509 0.027234 0.037231
2 0.360887 0.523461 0.022001 0.033432
2 0.947757 0.510847 0.030575 0.038535
2 0.653960 0.468811 0.020144 0.026995
2 0.144245 0.532222 0.026946 0.041349
2 0.180988 0.479262 0.023227 0.030757
2 0.408173 0.473853 0.017727 0.031261
2 0.133266 0.570852 0.029574 0.032035
2 0.065819 0.489286 0.028118 0.030830
2 0.813205 0.489810 0.021649 0.024878
2 0.453306 0.513716 0.019538 0.039978
2 0.901936 0.463483 0.024234 0.029993
2 0.836554 0.547640 0.031216 0.037757
2 0.570692 0.468756 0.017575 0.031831
2 0.226597 0.513438 0.022591 0.030278
2 0.983000 0.509411 0.029376 0.035212
2 0.279986 0.594388 0.026717 0.037887
2 0.308795 0.594849 0.026365 0.042096
2 0.865901 0.549404 0.030633 0.032741
2 0.090757 0.518574 0.026240 0.032173
2 0.371425 0.567854 0.023538 0.040942
2 0.889302 0.551005 0.030819 0.031735
2 0.633573 0.519648 0.025416 0.034285
2 0.430307 0.513876 0.021403 0.037157
2 0.067585 0.519810 0.032541 0.028029
2 0.110393 0.598140 0.033674 0.048964
2 0.969555 0.548149 0.035104 0.030958
2 0.594926 0.523653 0.021748 0.032518
2 0.603562 0.559563 0.022643 0.037245
2 0.917436 0.546857 0.032653 0.032761
2 0.973142 0.512661 0.025720 0.032964
2 0.141591 0.595475 0.032473 0.046795
2 0.159474 0.481397 0.023823 0.029745
2 0.921121 0.463503 0.024372 0.031468
2 0.233499 0.521233 0.023695 0.032891
2 0.413719 0.647715 0.022609 0.041763
2 0.475054 0.561236 0.020230 0.034697
2 0.881583 0.459751 0.025080 0.034598
2 0.266795 0.516949 0.031343 0.038130
2 0.942927 0.545482 0.034690 0.033190
2 0.137611 0.521643 0.027025 0.032500
2 0.245094 0.452706 0.028103 0.025750
2 0.228227 0.478144 0.020831 0.030199
2 0.934860 0.506328 0.051246 0.045842
2 0.080863 0.524388 0.024666 0.039065
2 0.975777 0.544244 0.043592 0.032629
2 0.836884 0.494093 0.022708 0.027410
2 0.857620 0.462926 0.023201 0.031329
2 0.988806 0.507307 0.022389 0.034561
2 0.443102 0.650633 0.022340 0.038727
2 0.106223 0.572427 0.028471 0.030786
2 0.475521 0.642189 0.022448 0.040901
2 0.398135 0.565333 0.024008 0.036847
2 0.296131 0.570565 0.026379 0.042791
2 0.960982 0.462918 0.025238 0.030507
2 0.965299 0.486381 0.031895 0.025590
2 0.991371 0.627692 0.017259 0.039815
2 0.964683 0.475604 0.027864 0.041200
2 0.526553 0.582056 0.022563 0.045327
2 0.423614 0.558306 0.021871 0.034655
2 0.880827 0.487765 0.026759 0.028466
2 0.041097 0.520142 0.027822 0.028680
2 0.744410 0.566577 0.023696 0.037237
2 0.841968 0.489999 0.030446 0.026592
2 0.451076 0.558879 0.020084 0.036039
2 0.987636 0.554412 0.024728 0.033741
2 0.250065 0.513899 0.020482 0.032207
2 0.134856 0.575785 0.032636 0.040532
2 0.139751 0.588045 0.036043 0.043121
2 0.941753 0.464009 0.028030 0.030665
2 0.687076 0.555177 0.026827 0.044847
2 0.822071 0.471194 0.026784 0.035940
2 0.892178 0.510882 0.025498 0.034724
2 0.661762 0.555296 0.026895 0.041265
2 0.988011 0.488835 0.023979 0.030132
2 0.656659 0.504326 0.021817 0.035838
2 0.118036 0.480053 0.027648 0.035771
2 0.189584 0.527293 0.024014 0.039321
2 0.060927 0.520537 0.023521 0.029447
2 0.363566 0.507787 0.021116 0.027955
2 0.219527 0.659853 0.026971 0.038672
2 0.317458 0.568858 0.022447 0.037867
2 0.525661 0.560545 0.021440 0.036863
2 0.132316 0.518055 0.026614 0.030166
2 0.800092 0.517236 0.020737 0.042098
2 0.332251 0.475598 0.020297 0.031952
2 0.792121 0.490088 0.023187 0.025701
2 0.406401 0.505703 0.018699 0.026681
2 0.861047 0.492051 0.023309 0.025887
2 0.864701 0.462086 0.024819 0.032062
2 0.923698 0.500510 0.032313 0.041635
2 0.869647 0.512200 0.024875 0.032452
2 0.591836 0.518690 0.025417 0.032797
2 0.988381 0.496662 0.023137 0.041886
2 0.892346 0.624268 0.032875 0.047608
2 0.007605 0.482297 0.015210 0.034950
2 0.654263 0.555518 0.025310 0.040726
2 0.845867 0.471978 0.026152 0.046021
2 0.863824 0.488767 0.026027 0.027100
2 0.830895 0.513076 0.023946 0.034435
2 0.963083 0.490047 0.036648 0.029622
2 0.918209 0.489182 0.036223 0.030940
2 0.282853 0.589924 0.030038 0.031416
2 0.514154 0.472810 0.019678 0.031704
2 0.714926 0.478612 0.021772 0.027881
2 0.988176 0.541458 0.023358 0.028134
2 0.715532 0.475989 0.024954 0.035139
2 0.963490 0.469244 0.029575 0.039797
2 0.310678 0.521603 0.022376 0.044146
2 0.117046 0.572462 0.037477 0.032602
2 0.789763 0.510821 0.028185 0.037580
2 0.631899 0.498936 0.019588 0.031219
