2 0.629160 0.545122 0.026277 0.042981
2 0.680823 0.545708 0.025895 0.041121
2 0.652647 0.597375 0.030815 0.042917
2 0.715118 0.596755 0.031606 0.041680
2 0.654712 0.544167 0.023946 0.040365
2 0.625015 0.600643 0.026093 0.039163
2 0.601472 0.546281 0.023541 0.040001
2 0.982432 0.575880 0.034711 0.044568
2 0.922576 0.581030 0.038786 0.044965
2 0.275637 0.564591 0.024666 0.039770
2 0.106374 0.572828 0.031656 0.045828
2 0.058120 0.637386 0.041283 0.048803
2 0.476416 0.442236 0.019338 0.029580
2 0.261462 0.486698 0.022329 0.032856
2 0.315867 0.623701 0.030199 0.044845
2 0.710204 0.541049 0.027627 0.042005
2 0.577102 0.547251 0.024422 0.038920
2 0.597519 0.599160 0.027650 0.041268
2 0.041330 0.553377 0.032045 0.040346
2 0.531854 0.473581 0.019177 0.029833
2 0.337976 0.537892 0.023890 0.040620
2 0.859250 0.582233 0.041405 0.050125
2 0.735657 0.538479 0.026522 0.041339
2 0.291160 0.448218 0.020770 0.033062
2 0.415952 0.444292 0.018465 0.030842
2 0.302875 0.561002 0.025982 0.041183
2 0.496481 0.441697 0.018338 0.030655
2 0.845641 0.532254 0.033157 0.040448
2 0.413865 0.556076 0.022961 0.044696
2 0.786091 0.426724 0.025511 0.030119
2 0.312858 0.448986 0.021265 0.030934
2 0.301808 0.497913 0.021423 0.039733
2 0.511741 0.484166 0.020856 0.041825
2 0.488749 0.488955 0.020125 0.037183
2 0.165308 0.454211 0.024103 0.031182
2 0.436424 0.443008 0.017951 0.029298
2 0.686186 0.603207 0.030103 0.044219
2 0.775152 0.453936 0.020768 0.027477
2 0.204753 0.547768 0.030329 0.035064
2 0.816750 0.533618 0.029804 0.043185
2 0.179272 0.508316 0.026136 0.032220
2 0.576716 0.433687 0.019151 0.033672
2 0.456341 0.441218 0.016017 0.031005
2 0.326267 0.498853 0.022358 0.036599
2 0.202490 0.507553 0.023724 0.032037
2 0.074638 0.494802 0.026188 0.033790
2 0.502717 0.606117 0.024802 0.044267
2 0.747204 0.597776 0.028992 0.038454
2 0.016269 0.579523 0.032238 0.047687
2 0.950127 0.527934 0.030711 0.038181
2 0.564270 0.605521 0.028076 0.041612
2 0.625007 0.479874 0.023049 0.038452
2 0.374967 0.445637 0.018510 0.030528
2 0.238492 0.484783 0.023726 0.036708
2 0.347730 0.496457 0.019074 0.037262
2 0.474997 0.611410 0.022689 0.041543
2 0.466749 0.491038 0.019228 0.037952
2 0.106756 0.509394 0.030614 0.040406
2 0.394958 0.444399 0.018485 0.032409
2 0.766696 0.477843 0.024669 0.035775
2 0.900683 0.531644 0.038507 0.042794
2 0.177243 0.548580 0.026513 0.035183
2 0.189991 0.485139 0.025043 0.031085
2 0.153268 0.510004 0.024165 0.031558
2 0.625009 0.530123 0.026047 0.046931
2 0.694406 0.518657 0.028990 0.033210
2 0.441976 0.557014 0.023991 0.040456
2 0.333413 0.447694 0.020441 0.031103
2 0.229353 0.450652 0.021873 0.033447
2 0.555989 0.469144 0.020885 0.028158
2 0.283035 0.626859 0.028150 0.042473
2 0.150534 0.550127 0.029247 0.037908
2 0.518135 0.438160 0.018661 0.032978
2 0.926427 0.528067 0.032030 0.040283
2 0.167146 0.489002 0.024062 0.028301
2 0.372150 0.495603 0.020070 0.036274
2 0.596424 0.434906 0.018410 0.028998
2 0.556635 0.435283 0.019188 0.031209
2 0.891420 0.581501 0.036757 0.051903
2 0.260844 0.542550 0.026750 0.037398
2 0.249265 0.450218 0.019290 0.031210
2 0.276854 0.500169 0.020768 0.040630
2 0.386972 0.554890 0.023685 0.044318
2 0.798642 0.457038 0.024146 0.032042
2 0.270145 0.450009 0.019704 0.031265
2 0.185324 0.451627 0.020068 0.030813
2 0.976561 0.527110 0.031716 0.040959
2 0.226125 0.508259 0.022442 0.032863
2 0.215591 0.485529 0.025843 0.035764
2 0.031519 0.512993 0.030890 0.043228
2 0.650573 0.527897 0.025938 0.047432
2 0.578657 0.479889 0.025542 0.043599
2 0.395994 0.492511 0.021033 0.040252
2 0.806112 0.426527 0.022171 0.029502
2 0.142915 0.453824 0.023160 0.031053
2 0.381851 0.616797 0.022699 0.042122
2 0.132096 0.511783 0.023898 0.033251
2 0.649916 0.480974 0.023618 0.035894
2 0.670651 0.518587 0.026198 0.034125
2 0.353773 0.447316 0.018323 0.029461
2 0.938205 0.423153 0.030818 0.033827
2 0.072310 0.576552 0.032160 0.043335
2 0.956014 0.582627 0.033282 0.037238
2 0.558902 0.490683 0.024883 0.034211
2 0.104053 0.551525 0.031070 0.035131
2 0.519914 0.532643 0.024656 0.043950
2 0.443695 0.489197 0.022657 0.039932
2 0.050443 0.495344 0.028471 0.035888
2 0.207354 0.452560 0.025105 0.031700
2 0.600465 0.484407 0.023936 0.039429
2 0.521065 0.539989 0.025254 0.052457
2 0.411952 0.620714 0.022437 0.036232
2 0.857876 0.470241 0.027207 0.034998
2 0.284069 0.542641 0.025244 0.041811
2 0.645347 0.518285 0.027143 0.033756
2 0.713561 0.519161 0.028456 0.033101
2 0.882482 0.467067 0.033202 0.044227
2 0.853804 0.508459 0.034295 0.035540
2 0.949051 0.465638 0.028827 0.035862
2 0.671088 0.478257 0.024755 0.038363
2 0.359309 0.560902 0.026057 0.043558
2 0.070224 0.550981 0.028935 0.033225
2 0.792866 0.476799 0.026472 0.028265
2 0.695553 0.477555 0.031611 0.043300
2 0.537456 0.606838 0.022978 0.042926
2 0.536636 0.436946 0.018334 0.033918
2 0.683665 0.521583 0.024692 0.039841
2 0.544461 0.521937 0.022637 0.033160
2 0.798649 0.508030 0.030914 0.041824
2 0.987694 0.509073 0.024612 0.046974
2 0.575003 0.469909 0.022517 0.030161
2 0.788530 0.475683 0.021948 0.032013
2 0.443689 0.613477 0.024622 0.043068
2 0.469306 0.531274 0.020981 0.036641
2 0.905465 0.466920 0.031578 0.043199
2 0.419796 0.494089 0.019026 0.033267
2 0.832624 0.475240 0.036181 0.033948
2 0.096176 0.548212 0.028426 0.035468
2 0.756670 0.456001 0.024399 0.029056
2 0.582869 0.486930 0.019130 0.037948
2 0.722200 0.514419 0.028093 0.036831
2 0.821486 0.477984 0.031039 0.034954
2 0.570210 0.524454 0.022905 0.036317
2 0.598824 0.478858 0.022304 0.038514
2 0.902348 0.424584 0.030133 0.029816
2 0.621064 0.520089 0.025820 0.036133
2 0.878971 0.424803 0.023702 0.029801
2 0.915970 0.423766 0.025737 0.030166
2 0.595066 0.519015 0.022571 0.031561
2 0.825786 0.512322 0.030087 0.033004
2 0.121663 0.456421 0.023163 0.030317
2 0.619269 0.435475 0.019428 0.025746
2 0.364369 0.535676 0.025548 0.036180
2 0.362356 0.545580 0.026826 0.054496
2 0.971849 0.465316 0.026445 0.034472
2 0.119914 0.491380 0.028139 0.027974
2 0.863134 0.425920 0.023558 0.027574
2 0.495014 0.551604 0.021940 0.043284
2 0.009592 0.518016 0.019182 0.036289
2 0.930340 0.472024 0.026742 0.031105
2 0.882594 0.503052 0.030021 0.033800
2 0.307071 0.490392 0.021346 0.031656
2 0.331504 0.486989 0.019865 0.029740
2 0.387215 0.546972 0.023157 0.039972
2 0.095513 0.492963 0.027929 0.030115
2 0.928743 0.501570 0.037928 0.031883
2 0.548823 0.547716 0.023459 0.035594
2 0.872807 0.533706 0.029719 0.042476
2 0.840829 0.423449 0.027823 0.034934
2 0.968617 0.506539 0.024648 0.032605
2 0.839935 0.453234 0.029956 0.024229
2 0.842474 0.523498 0.036137 0.030861
2 0.823565 0.424860 0.020967 0.030021
2 0.817815 0.515371 0.029988 0.037732
2 0.988647 0.522498 0.022705 0.040031
2 0.252533 0.561468 0.020439 0.035888
2 0.133756 0.493953 0.022226 0.033017
2 0.106099 0.494706 0.032039 0.034082
2 0.245876 0.565247 0.022522 0.037465
2 0.331427 0.480739 0.019795 0.027324
2 0.962000 0.526402 0.041282 0.038877
2 0.764873 0.423793 0.023795 0.036025
2 0.944874 0.460845 0.030459 0.037455
2 0.956074 0.503504 0.035819 0.035091
2 0.493576 0.528913 0.020211 0.036148
2 0.857957 0.464231 0.025810 0.041385
2 0.985295 0.466160 0.027979 0.034748
2 0.442263 0.530099 0.024046 0.038764
2 0.338996 0.447758 0.018617 0.030013
2 0.869126 0.505068 0.029387 0.035462
2 0.810326 0.458272 0.031015 0.030230
2 0.791339 0.457518 0.030320 0.030013
2 0.596980 0.525994 0.024529 0.048055
2 0.969905 0.457358 0.028998 0.026602
2 0.859808 0.518762 0.043999 0.036535
2 0.283258 0.495800 0.020236 0.038707
2 0.600624 0.434759 0.018398 0.028803
2 0.926570 0.460427 0.026512 0.042928
2 0.243843 0.560683 0.023122 0.035606
2 0.688534 0.517832 0.023041 0.038608
2 0.948158 0.446510 0.025445 0.026021
2 0.420718 0.476773 0.019092 0.027425
2 0.891098 0.501055 0.032294 0.034304
2 0.836316 0.456174 0.026849 0.031498
2 0.924419 0.447379 0.024326 0.026347
2 0.701170 0.479088 0.020170 0.041548
2 0.817498 0.455400 0.020975 0.029611
2 0.025716 0.496482 0.033837 0.032128
2 0.911642 0.462955 0.030039 0.039771
2 0.942313 0.502682 0.030466 0.032378
2 0.921969 0.504977 0.032974 0.032950
2 0.903952 0.500682 0.033300 0.036313
2 0.988456 0.470968 0.023088 0.040538
2 0.488580 0.480370 0.020619 0.037592
2 0.829523 0.423483 0.025270 0.032753
2 0.619748 0.466759 0.017423 0.026656
2 0.165110 0.495519 0.025780 0.047083
2 0.789555 0.442483 0.028117 0.041359
2 0.019780 0.494002 0.032339 0.024554
2 0.131258 0.500067 0.025570 0.042143
2 0.796604 0.496462 0.031289 0.057273
2 0.726781 0.514883 0.031993 0.039332
2 0.372812 0.474820 0.019850 0.022213
2 0.637089 0.463333 0.019588 0.024268
2 0.079182 0.455754 0.026366 0.035335
2 0.606822 0.485318 0.021661 0.035478
2 0.540286 0.471065 0.018662 0.033682
2 0.577596 0.466809 0.023463 0.031813
2 0.185928 0.633720 0.028176 0.035048
2 0.062074 0.493594 0.024469 0.033253
2 0.962691 0.468954 0.033323 0.038071
2 0.639060 0.598792 0.015927 0.040443
2 0.571901 0.466659 0.017010 0.031058
