2 0.469536 0.556799 0.029111 0.043099
2 0.415015 0.562949 0.028042 0.043072
2 0.445852 0.506998 0.025400 0.043549
2 0.027948 0.411332 0.024782 0.033101
2 0.052764 0.411046 0.023592 0.033384
2 0.442115 0.562364 0.025727 0.039117
2 0.078111 0.408698 0.024831 0.038088
2 0.325865 0.448807 0.021540 0.039491
2 0.439111 0.442506 0.022862 0.040267
2 0.103229 0.410537 0.024199 0.034124
2 0.091587 0.464465 0.024495 0.042161
2 0.317754 0.573650 0.024731 0.044856
2 0.776133 0.525386 0.028630 0.037800
2 0.135700 0.507639 0.026138 0.045180
2 0.043795 0.453155 0.026587 0.035150
2 0.276857 0.454666 0.021503 0.038972
2 0.525960 0.553501 0.029430 0.038948
2 0.301347 0.456221 0.021080 0.032717
2 0.381796 0.570555 0.028531 0.039750
2 0.126318 0.409013 0.022791 0.033109
2 0.251867 0.451978 0.023063 0.043602
2 0.689852 0.487662 0.034153 0.039850
2 0.175020 0.406389 0.020724 0.032899
2 0.063709 0.467715 0.023512 0.041732
2 0.252116 0.524871 0.026110 0.043932
2 0.500190 0.562299 0.029016 0.041138
2 0.654877 0.535570 0.037576 0.045608
2 0.494794 0.504965 0.024336 0.038780
2 0.221139 0.526198 0.025325 0.048554
2 0.094921 0.531900 0.028856 0.046655
2 0.190483 0.524001 0.026086 0.046739
2 0.264753 0.403177 0.018336 0.032509
2 0.419000 0.509844 0.023510 0.039625
2 0.150613 0.408955 0.021337 0.030084
2 0.347245 0.436452 0.022229 0.032115
2 0.521508 0.501761 0.026225 0.040159
2 0.118478 0.466535 0.023044 0.037360
2 0.463019 0.444520 0.024268 0.037134
2 0.394981 0.511409 0.023667 0.039275
2 0.288987 0.581487 0.026691 0.042401
2 0.782867 0.425325 0.027613 0.033800
2 0.286126 0.402613 0.020412 0.032271
2 0.413581 0.398845 0.019706 0.029912
2 0.470075 0.505103 0.024099 0.040903
2 0.197730 0.405125 0.022430 0.036165
2 0.144787 0.462053 0.022065 0.040859
2 0.063455 0.535994 0.026691 0.043973
2 0.391437 0.396668 0.022699 0.034759
2 0.044505 0.512853 0.033046 0.042110
2 0.226004 0.457455 0.021133 0.036842
2 0.556016 0.553720 0.028092 0.035520
2 0.112875 0.599461 0.032484 0.045360
2 0.280775 0.497237 0.023456 0.037088
2 0.643779 0.490148 0.030161 0.036551
2 0.366487 0.512835 0.022276 0.036456
2 0.026660 0.539094 0.027393 0.040197
2 0.308950 0.403510 0.020899 0.031256
2 0.186904 0.590010 0.026523 0.045089
2 0.617270 0.492045 0.027360 0.038275
2 0.354121 0.571972 0.021274 0.041886
2 0.301093 0.444519 0.021006 0.038838
2 0.159586 0.530852 0.029465 0.047780
2 0.645701 0.471005 0.029706 0.034731
2 0.072469 0.510784 0.025610 0.041382
2 0.544905 0.498683 0.024975 0.039980
2 0.756257 0.527924 0.031359 0.039194
2 0.415702 0.494570 0.024877 0.054698
2 0.674046 0.429163 0.028104 0.041328
2 0.309367 0.518732 0.023622 0.039154
2 0.485702 0.442394 0.024749 0.039665
2 0.418021 0.448256 0.022378 0.037170
2 0.336859 0.508974 0.025478 0.044015
2 0.438818 0.484110 0.026844 0.033813
2 0.199854 0.456106 0.023234 0.045495
2 0.243585 0.404842 0.018797 0.032296
2 0.708676 0.533017 0.031354 0.040428
2 0.414609 0.482908 0.024042 0.031652
2 0.361605 0.487092 0.023449 0.033522
2 0.464290 0.483431 0.028760 0.032861
2 0.219130 0.588186 0.022328 0.032505
2 0.351309 0.399694 0.021187 0.033380
2 0.770373 0.480249 0.030987 0.037576
2 0.372534 0.397916 0.019455 0.033938
2 0.389164 0.488006 0.023649 0.039735
2 0.507117 0.481256 0.025252 0.035223
2 0.015589 0.452052 0.029290 0.039480
2 0.377877 0.453581 0.023516 0.035288
2 0.600862 0.469195 0.027380 0.038587
2 0.435806 0.399509 0.021084 0.027282
2 0.730111 0.429695 0.025561 0.033332
2 0.484085 0.481833 0.021500 0.032647
2 0.668817 0.389485 0.025534 0.029918
2 0.173116 0.462149 0.022461 0.037131
2 0.712457 0.486101 0.030338 0.034846
2 0.511825 0.443637 0.025769 0.038024
2 0.565265 0.422265 0.025675 0.030669
2 0.075191 0.604137 0.032553 0.044855
2 0.220530 0.404567 0.019818 0.035649
2 0.749600 0.481345 0.024071 0.034683
2 0.399353 0.449630 0.022172 0.039444
2 0.332093 0.401204 0.019281 0.031454
2 0.580743 0.420832 0.021835 0.029069
2 0.590589 0.389183 0.025017 0.033987
2 0.693980 0.390202 0.032361 0.028866
2 0.766321 0.428533 0.026836 0.030778
2 0.721901 0.388935 0.026474 0.031817
2 0.226007 0.449034 0.021383 0.046400
2 0.167298 0.503798 0.027130 0.038934
2 0.334795 0.491923 0.025034 0.033126
2 0.702154 0.389754 0.025799 0.029089
2 0.695248 0.429456 0.024545 0.039290
2 0.811766 0.521059 0.022673 0.035220
2 0.730565 0.482619 0.028007 0.036298
2 0.688895 0.390594 0.023443 0.027440
2 0.007784 0.412173 0.015569 0.035219
2 0.369578 0.434851 0.021439 0.031456
2 0.335865 0.501073 0.025325 0.049838
2 0.533417 0.473744 0.023623 0.032757
2 0.598973 0.423993 0.023795 0.031508
2 0.397064 0.444280 0.024000 0.043520
2 0.254091 0.584489 0.026173 0.037652
2 0.634328 0.424256 0.023534 0.031294
2 0.710085 0.418139 0.024028 0.021987
2 0.573859 0.441158 0.023004 0.034203
2 0.125613 0.447340 0.022378 0.034826
2 0.748330 0.429255 0.019765 0.030963
2 0.729310 0.424333 0.025168 0.028034
2 0.794312 0.478514 0.029220 0.037190
2 0.707841 0.429753 0.025274 0.038095
2 0.762137 0.526825 0.041578 0.037825
2 0.620971 0.478735 0.028983 0.038601
2 0.667299 0.489048 0.025965 0.035857
2 0.460501 0.492141 0.022603 0.032105
2 0.625352 0.470672 0.029646 0.031736
2 0.725990 0.430345 0.027661 0.036006
2 0.609185 0.390129 0.020834 0.031195
2 0.474443 0.505258 0.018314 0.039202
2 0.652034 0.430949 0.023743 0.038230
2 0.814834 0.478193 0.027505 0.033000
2 0.636870 0.421076 0.026300 0.028574
2 0.123037 0.454074 0.024703 0.033152
2 0.200585 0.445177 0.022810 0.034266
2 0.251741 0.497718 0.022822 0.034725
2 0.008817 0.476498 0.017592 0.039052
2 0.641864 0.388977 0.023308 0.030481
2 0.661103 0.389447 0.021781 0.029391
2 0.624698 0.439294 0.027135 0.035574
2 0.072404 0.525355 0.025753 0.040267
2 0.306236 0.492115 0.023969 0.036050
2 0.683240 0.534696 0.031573 0.041084
2 0.190399 0.516086 0.025624 0.042268
2 0.710088 0.476831 0.031067 0.039852
2 0.669810 0.470895 0.027318 0.037530
2 0.811459 0.455531 0.031984 0.030412
2 0.119120 0.458247 0.027359 0.038912
2 0.528943 0.558144 0.029777 0.036690
2 0.538292 0.483705 0.025612 0.025397
2 0.100467 0.453127 0.020315 0.032159
2 0.733976 0.532454 0.027460 0.038277
2 0.621858 0.432040 0.025596 0.046229
2 0.101555 0.448356 0.021377 0.034587
2 0.715667 0.433928 0.020663 0.029817
2 0.610591 0.425299 0.028183 0.031464
2 0.740384 0.462910 0.023724 0.029063
2 0.710521 0.462908 0.025696 0.027632
2 0.808478 0.477770 0.026670 0.036502
2 0.622668 0.390807 0.020537 0.028186
2 0.437010 0.438039 0.022682 0.040557
2 0.766311 0.460839 0.024529 0.025679
2 0.223200 0.502874 0.024096 0.038379
2 0.731507 0.409864 0.021846 0.021231
2 0.515707 0.559180 0.024503 0.036609
2 0.226643 0.498616 0.024425 0.039088
2 0.591756 0.437505 0.022318 0.033892
2 0.173317 0.437373 0.021668 0.028280
2 0.392191 0.433201 0.019828 0.029335
2 0.631496 0.388802 0.021244 0.031108
2 0.709999 0.411258 0.023089 0.023488
2 0.514374 0.444799 0.018291 0.037243
2 0.416198 0.429121 0.021149 0.026709
2 0.648438 0.467758 0.027625 0.034771
2 0.713058 0.457934 0.028901 0.027161
2 0.788491 0.459295 0.023800 0.030194
2 0.732803 0.460775 0.025519 0.025698
2 0.355994 0.565578 0.022739 0.040386
2 0.431889 0.507963 0.010518 0.040783
2 0.672444 0.464387 0.022789 0.030647
2 0.702752 0.533509 0.041239 0.044289
2 0.704076 0.431871 0.027556 0.035794
2 0.194417 0.499654 0.023822 0.038236
2 0.419660 0.565738 0.025294 0.041668
2 0.760602 0.460548 0.017934 0.024438
2 0.282349 0.502221 0.026047 0.038158
2 0.384489 0.431105 0.011929 0.028972
2 0.303621 0.451522 0.023791 0.039054
2 0.575481 0.435991 0.026678 0.033810
