2 0.895356 0.626317 0.036388 0.048585
2 0.971614 0.630385 0.037701 0.047974
2 0.829374 0.626674 0.032285 0.047408
2 0.965962 0.566802 0.034836 0.046161
2 0.945719 0.541252 0.030437 0.041330
2 0.431182 0.552607 0.026740 0.035476
2 0.755277 0.487251 0.022207 0.032855
2 0.833565 0.568837 0.025292 0.044243
2 0.532035 0.630696 0.026758 0.042231
2 0.721845 0.627679 0.024934 0.045658
2 0.716781 0.454566 0.021106 0.031901
2 0.867262 0.566406 0.029924 0.047164
2 0.304805 0.629403 0.034567 0.044661
2 0.651234 0.454631 0.018730 0.030037
2 0.628233 0.570529 0.024831 0.045593
2 0.805060 0.445854 0.023694 0.037789
2 0.740093 0.451076 0.019597 0.032387
2 0.539973 0.511132 0.019924 0.033113
2 0.861089 0.628959 0.032391 0.042914
2 0.807336 0.568446 0.025165 0.043254
2 0.657168 0.571465 0.023925 0.041123
2 0.732903 0.499362 0.022225 0.042924
2 0.509669 0.458107 0.019073 0.032203
2 0.451316 0.514827 0.021141 0.034124
2 0.548261 0.457912 0.019736 0.029899
2 0.790633 0.630831 0.031813 0.045602
2 0.936482 0.636299 0.038838 0.047698
2 0.595742 0.629185 0.023364 0.041388
2 0.529710 0.459578 0.018847 0.029573
2 0.929429 0.568498 0.030015 0.045477
2 0.383768 0.552352 0.025104 0.034612
2 0.782873 0.446737 0.020920 0.035332
2 0.433563 0.462882 0.022422 0.031321
2 0.291913 0.552693 0.026176 0.036834
2 0.269927 0.576118 0.029186 0.040025
2 0.897589 0.567135 0.029381 0.045237
2 0.588763 0.456342 0.018220 0.030712
2 0.472768 0.460467 0.018879 0.028756
2 0.780497 0.484775 0.022788 0.033411
2 0.609508 0.455593 0.019347 0.032462
2 0.672361 0.452867 0.017917 0.032279
2 0.453757 0.460682 0.018161 0.028162
2 0.829383 0.447580 0.022350 0.032393
2 0.490284 0.460777 0.018039 0.028089
2 0.568740 0.458689 0.017696 0.026100
2 0.918073 0.496800 0.028565 0.040534
2 0.601523 0.565641 0.023635 0.043187
2 0.397529 0.463994 0.021194 0.029367
2 0.482030 0.496756 0.020633 0.031076
2 0.519373 0.568869 0.024317 0.039962
2 0.708196 0.502530 0.022713 0.039810
2 0.659288 0.501222 0.022988 0.042130
2 0.553288 0.549378 0.024782 0.040998
2 0.694101 0.453438 0.018836 0.031345
2 0.316508 0.552498 0.025889 0.031863
2 0.891112 0.498908 0.026656 0.039136
2 0.496721 0.510084 0.019655 0.034688
2 0.187897 0.506257 0.028852 0.032228
2 0.787318 0.509455 0.026215 0.033027
2 0.318513 0.574767 0.028442 0.040230
2 0.741884 0.556783 0.029789 0.056154
2 0.916604 0.540547 0.027826 0.042904
2 0.409642 0.514442 0.022404 0.033089
2 0.861318 0.497689 0.026498 0.040638
2 0.760694 0.449850 0.020972 0.029215
2 0.691783 0.631269 0.025450 0.041986
2 0.495288 0.572845 0.024240 0.039575
2 0.768788 0.540382 0.024636 0.039285
2 0.428447 0.512752 0.022054 0.035091
2 0.407877 0.552826 0.024330 0.031179
2 0.243506 0.517942 0.025394 0.034185
2 0.562661 0.508405 0.019102 0.036499
2 0.502210 0.631485 0.026027 0.040263
2 0.345369 0.572711 0.027693 0.042933
2 0.519155 0.508332 0.020864 0.038445
2 0.631104 0.455129 0.017596 0.032987
2 0.826819 0.541833 0.025542 0.040675
2 0.684140 0.504424 0.021620 0.038643
2 0.217847 0.531479 0.028887 0.034626
2 0.461438 0.493994 0.022020 0.036725
2 0.039776 0.487561 0.025104 0.029088
2 0.573107 0.570486 0.027861 0.044664
2 0.229439 0.554398 0.030766 0.036698
2 0.813742 0.504326 0.021480 0.040074
2 0.343440 0.556159 0.027466 0.040485
2 0.513465 0.458109 0.018298 0.032541
2 0.367305 0.510735 0.022277 0.040663
2 0.586357 0.509279 0.020371 0.030580
2 0.377849 0.463500 0.020072 0.028784
2 0.798119 0.543602 0.025466 0.039657
2 0.685868 0.547170 0.022789 0.035652
2 0.340521 0.550224 0.026120 0.030244
2 0.634165 0.506991 0.021882 0.031341
2 0.807321 0.485776 0.026717 0.032831
2 0.609534 0.509232 0.020304 0.029546
2 0.019590 0.489279 0.024796 0.030238
2 0.262566 0.519381 0.023270 0.032100
2 0.415116 0.462177 0.017637 0.028005
2 0.856871 0.540511 0.029289 0.041796
2 0.657761 0.546582 0.023358 0.034333
2 0.347025 0.510373 0.024224 0.040767
2 0.949260 0.496432 0.036346 0.048947
2 0.990342 0.564732 0.019316 0.046107
2 0.222664 0.470127 0.027123 0.034828
2 0.155701 0.473760 0.021650 0.029972
2 0.834676 0.503342 0.025373 0.035498
2 0.712785 0.553666 0.025125 0.042698
2 0.387377 0.512624 0.021753 0.034684
2 0.161565 0.514499 0.025956 0.023775
2 0.285078 0.518323 0.026803 0.031250
2 0.481821 0.551737 0.026510 0.037370
2 0.887690 0.538825 0.029577 0.041977
2 0.981479 0.537788 0.034636 0.039793
2 0.126260 0.476570 0.015674 0.028766
2 0.035222 0.515928 0.023186 0.023617
2 0.855161 0.448107 0.022004 0.029413
2 0.175357 0.474141 0.022266 0.029758
2 0.658092 0.629945 0.025117 0.041208
2 0.201944 0.471236 0.024099 0.031885
2 0.611658 0.495760 0.020569 0.036134
2 0.631833 0.548752 0.024577 0.035804
2 0.546214 0.491993 0.019572 0.029792
2 0.319107 0.500872 0.021597 0.029019
2 0.634023 0.496034 0.021238 0.037805
2 0.773075 0.567689 0.025434 0.038589
2 0.207673 0.572499 0.023915 0.043952
2 0.626023 0.633660 0.023227 0.037773
2 0.831279 0.493345 0.025987 0.038905
2 0.129205 0.513745 0.026003 0.023710
2 0.713422 0.570478 0.026364 0.044937
2 0.759403 0.630454 0.022949 0.041459
2 0.087969 0.481392 0.023321 0.029593
2 0.108935 0.479088 0.020440 0.029373
2 0.089329 0.516606 0.025768 0.021033
2 0.284906 0.511601 0.025179 0.033742
2 0.109633 0.515660 0.028801 0.022075
2 0.797004 0.487718 0.015293 0.034198
2 0.861880 0.558875 0.030136 0.039700
2 0.892755 0.546830 0.030561 0.038373
2 0.466889 0.572262 0.020387 0.033158
2 0.499167 0.556387 0.025439 0.044658
2 0.064226 0.513986 0.035468 0.025991
2 0.439110 0.496163 0.021935 0.031184
2 0.586844 0.493183 0.018962 0.030820
2 0.016165 0.489201 0.021687 0.026997
2 0.139536 0.473874 0.018571 0.030482
2 0.514264 0.561120 0.020709 0.040698
2 0.580567 0.547780 0.022878 0.035050
2 0.829986 0.548037 0.026787 0.041403
2 0.337234 0.498269 0.022483 0.030614
2 0.418793 0.493388 0.020642 0.024462
2 0.811853 0.567294 0.019950 0.041971
2 0.603779 0.552677 0.025464 0.037420
2 0.073216 0.484002 0.023603 0.032055
2 0.498733 0.548812 0.026420 0.035483
2 0.017906 0.519825 0.025892 0.019702
2 0.605155 0.540418 0.021486 0.029897
2 0.111939 0.507205 0.026755 0.025340
2 0.472538 0.566063 0.028445 0.039835
2 0.399560 0.496416 0.021500 0.029573
2 0.610493 0.504355 0.022339 0.041936
2 0.855918 0.484021 0.024676 0.034914
2 0.359402 0.466302 0.020106 0.027991
2 0.299356 0.498675 0.021572 0.032876
2 0.805240 0.548799 0.025945 0.044778
2 0.523724 0.496652 0.021389 0.034351
2 0.496956 0.499143 0.019888 0.035344
2 0.215103 0.553863 0.029586 0.030854
2 0.183283 0.473210 0.025630 0.030937
2 0.148488 0.505713 0.025121 0.025292
2 0.206639 0.564663 0.024840 0.040468
2 0.522054 0.501314 0.023404 0.040755
2 0.435114 0.499463 0.025818 0.035298
2 0.505778 0.570198 0.014612 0.039481
2 0.333140 0.500363 0.023014 0.029019
2 0.006897 0.489024 0.013795 0.029636
2 0.791203 0.510900 0.028747 0.040682
2 0.800123 0.483031 0.016832 0.033705
2 0.220820 0.523683 0.028488 0.038349
2 0.468075 0.556070 0.028015 0.037613
2 0.022920 0.446774 0.024466 0.028260
2 0.414328 0.633737 0.024893 0.031512
2 0.070065 0.486431 0.023538 0.028775
2 0.069351 0.510003 0.028587 0.031864
2 0.558856 0.495934 0.021712 0.032946
2 0.263805 0.557482 0.027413 0.035616
2 0.089068 0.511859 0.024223 0.030218
2 0.874694 0.566243 0.025034 0.046271
2 0.628067 0.633542 0.027569 0.049748
