2 0.242826 0.689039 0.034046 0.046221
2 0.179714 0.519462 0.022255 0.033724
2 0.301172 0.622778 0.028092 0.043599
2 0.491311 0.638691 0.030519 0.040992
2 0.017440 0.640208 0.026914 0.042665
2 0.181048 0.700316 0.032982 0.049547
2 0.154946 0.518841 0.023354 0.038015
2 0.131798 0.521252 0.023451 0.037524
2 0.439687 0.645902 0.034905 0.045382
2 0.279190 0.691618 0.034028 0.045236
2 0.153366 0.560392 0.025690 0.034247
2 0.427517 0.600121 0.029437 0.037190
2 0.182923 0.573662 0.029587 0.042524
2 0.184814 0.641367 0.026773 0.044012
2 0.307451 0.678005 0.032568 0.041696
2 0.100289 0.565293 0.025110 0.034836
2 0.212580 0.697168 0.030489 0.043661
2 0.216805 0.634353 0.027836 0.046759
2 0.083421 0.527501 0.023623 0.037002
2 0.465342 0.642026 0.031923 0.047440
2 0.025876 0.531718 0.023888 0.034926
2 0.326891 0.618161 0.026128 0.041669
2 0.075134 0.579707 0.025342 0.048234
2 0.320287 0.560922 0.028038 0.037492
2 0.127758 0.559877 0.024696 0.034631
2 0.204533 0.518662 0.022803 0.030756
2 0.013806 0.594079 0.026215 0.041886
2 0.244778 0.631462 0.028406 0.044744
2 0.055323 0.532170 0.025581 0.035634
2 0.062238 0.725517 0.030511 0.050614
2 0.141649 0.713583 0.034517 0.042709
2 0.107224 0.524205 0.021145 0.036572
2 0.025706 0.736646 0.032630 0.048420
2 0.238136 0.565124 0.024187 0.037989
2 0.157386 0.644835 0.027110 0.042534
2 0.535311 0.629932 0.030208 0.039356
2 0.402436 0.604383 0.027293 0.037115
2 0.116065 0.622031 0.026700 0.041930
2 0.338696 0.676550 0.028455 0.035771
2 0.209611 0.564929 0.025874 0.044524
2 0.138025 0.583783 0.025683 0.038441
2 0.261202 0.561407 0.026485 0.039525
2 0.288827 0.560232 0.028019 0.043086
2 0.044088 0.591990 0.026716 0.039296
2 0.416776 0.545911 0.025521 0.033338
2 0.272663 0.630335 0.026053 0.043933
2 0.122931 0.649916 0.026178 0.041917
2 0.087762 0.650774 0.031997 0.043793
2 0.178271 0.613616 0.027115 0.041184
2 0.356197 0.554875 0.024533 0.034849
2 0.472265 0.595011 0.032641 0.039565
2 0.286827 0.601173 0.026422 0.038439
2 0.107933 0.716740 0.025031 0.039863
2 0.182949 0.634377 0.026630 0.043932
2 0.436319 0.543411 0.023566 0.036525
2 0.147815 0.619918 0.026705 0.037107
2 0.235410 0.605292 0.028451 0.040166
2 0.261651 0.602122 0.024903 0.039508
2 0.181566 0.556092 0.027165 0.032586
2 0.385686 0.582895 0.027490 0.037783
2 0.082950 0.626395 0.030465 0.035248
2 0.397217 0.547110 0.020571 0.033780
2 0.458096 0.540440 0.030421 0.039904
2 0.207162 0.609372 0.027917 0.039815
2 0.408822 0.581343 0.024972 0.027879
2 0.542745 0.548737 0.027713 0.031002
2 0.209629 0.621037 0.027825 0.031614
2 0.450327 0.598333 0.025462 0.038929
2 0.372692 0.504931 0.024465 0.029305
2 0.504815 0.540756 0.033846 0.034234
2 0.482997 0.501470 0.024293 0.026919
2 0.534343 0.584106 0.034888 0.035644
2 0.493023 0.591135 0.030516 0.038043
2 0.044682 0.574175 0.026634 0.040824
2 0.473031 0.539863 0.025794 0.035843
2 0.240993 0.622874 0.029418 0.033628
2 0.384817 0.550285 0.029578 0.032075
2 0.512393 0.588095 0.031177 0.032645
2 0.314907 0.594913 0.025906 0.034445
2 0.431835 0.584502 0.032215 0.034172
2 0.508117 0.522541 0.021635 0.023209
2 0.454244 0.571372 0.030295 0.031390
2 0.381434 0.544004 0.021958 0.041921
2 0.496403 0.541852 0.025905 0.032521
2 0.554129 0.531393 0.026221 0.031905
2 0.453221 0.503675 0.020874 0.025762
2 0.429465 0.578171 0.026344 0.028283
2 0.469759 0.502541 0.023143 0.025384
2 0.391779 0.504724 0.020381 0.027135
2 0.509033 0.577201 0.028449 0.034013
2 0.004970 0.532292 0.009776 0.036250
2 0.527114 0.585038 0.028779 0.036275
2 0.439103 0.503642 0.023108 0.026572
2 0.052992 0.657358 0.028423 0.050033
2 0.176303 0.558125 0.022108 0.035898
2 0.580031 0.577145 0.029630 0.035467
2 0.449514 0.574560 0.029732 0.032005
2 0.491346 0.581596 0.030066 0.044324
2 0.207755 0.555499 0.025269 0.038825
2 0.494249 0.502297 0.030635 0.031913
2 0.494507 0.540208 0.018966 0.029523
2 0.468828 0.569536 0.030688 0.031525
2 0.547465 0.581607 0.027715 0.037503
2 0.376993 0.552466 0.021355 0.031229
2 0.052587 0.649372 0.027505 0.046532
2 0.454770 0.532400 0.023994 0.030185
2 0.364165 0.539177 0.023673 0.036862
2 0.488093 0.571996 0.027558 0.034508
2 0.269506 0.625147 0.029616 0.040343
2 0.354937 0.506608 0.026600 0.030521
2 0.384165 0.530625 0.020000 0.025576
2 0.125362 0.522770 0.021135 0.038439
2 0.482627 0.525652 0.028715 0.019900
2 0.486758 0.521011 0.023842 0.024446
2 0.567911 0.554957 0.036378 0.030133
2 0.472969 0.530010 0.023787 0.026054
2 0.180776 0.550140 0.024231 0.033545
2 0.361091 0.530819 0.023764 0.024967
2 0.421894 0.526808 0.023929 0.023708
2 0.390986 0.510089 0.026303 0.029003
2 0.160911 0.616913 0.020119 0.037008
2 0.276358 0.629205 0.026743 0.040053
2 0.527457 0.525608 0.025663 0.027756
2 0.344400 0.538264 0.024775 0.029377
2 0.579648 0.556932 0.033616 0.030430
2 0.525070 0.522678 0.023435 0.026470
2 0.261775 0.584889 0.029121 0.080516
2 0.415420 0.515485 0.032125 0.024923
2 0.420074 0.504209 0.026727 0.031623
2 0.423321 0.531777 0.024752 0.032646
2 0.259427 0.520550 0.022684 0.032464
2 0.408945 0.504416 0.021575 0.028005
2 0.287460 0.618565 0.027989 0.031766
2 0.440248 0.511429 0.028739 0.026719
2 0.487335 0.516924 0.028836 0.023390
2 0.388508 0.531426 0.025976 0.027262
2 0.329921 0.621988 0.029579 0.036953
2 0.501229 0.503991 0.028030 0.034860
2 0.568968 0.559990 0.032151 0.033824
