2 0.164700 0.359882 0.026667 0.036159
2 0.533221 0.463643 0.037460 0.046500
2 0.297112 0.544144 0.040249 0.050051
2 0.156556 0.505489 0.030383 0.049326
2 0.328879 0.527419 0.038478 0.046737
2 0.257060 0.546408 0.039931 0.051810
2 0.343759 0.457058 0.031954 0.044564
2 0.221452 0.488232 0.033647 0.054141
2 0.584758 0.447814 0.037521 0.043891
2 0.137084 0.360837 0.029285 0.043675
2 0.145989 0.584488 0.039527 0.047109
2 0.024290 0.621823 0.035714 0.052998
2 0.429707 0.433632 0.032626 0.044163
2 0.027667 0.390063 0.027996 0.039598
2 0.290849 0.392181 0.042858 0.051528
2 0.509030 0.414370 0.039268 0.042918
2 0.141676 0.409465 0.028903 0.038370
2 0.189544 0.566572 0.036777 0.053589
2 0.474903 0.477342 0.042391 0.050312
2 0.295426 0.441729 0.029210 0.043378
2 0.283294 0.476528 0.031975 0.047715
2 0.407239 0.410376 0.031076 0.040936
2 0.080601 0.519921 0.034128 0.052499
2 0.238478 0.408232 0.028703 0.039558
2 0.441167 0.362872 0.028758 0.036075
2 0.207268 0.412410 0.029300 0.043054
2 0.112148 0.412443 0.026908 0.038448
2 0.185972 0.498554 0.031846 0.048937
2 0.056826 0.446514 0.029212 0.045861
2 0.082602 0.421409 0.029081 0.039141
2 0.552122 0.400921 0.030941 0.039829
2 0.364165 0.520742 0.036036 0.040625
2 0.222842 0.558582 0.034210 0.048305
2 0.434686 0.407195 0.027453 0.040183
2 0.206812 0.461219 0.031375 0.044425
2 0.385139 0.318282 0.027339 0.035764
2 0.125876 0.438309 0.029825 0.044070
2 0.602906 0.327311 0.031108 0.034517
2 0.377127 0.350834 0.023849 0.029708
2 0.084731 0.374041 0.025277 0.041557
2 0.371198 0.379861 0.028363 0.038630
2 0.238352 0.452746 0.032315 0.040637
2 0.058511 0.380191 0.027362 0.040621
2 0.463564 0.358759 0.027512 0.034661
2 0.417956 0.367908 0.024082 0.037244
2 0.267698 0.446911 0.028256 0.043655
2 0.573508 0.394254 0.031124 0.040806
2 0.316074 0.465751 0.033083 0.048853
2 0.107305 0.484624 0.029956 0.041741
2 0.251187 0.480274 0.031198 0.048025
2 0.062808 0.605273 0.033750 0.055766
2 0.193211 0.355829 0.027128 0.031556
2 0.142239 0.480343 0.028317 0.043372
2 0.458299 0.401832 0.030124 0.038470
2 0.530056 0.405192 0.034081 0.043209
2 0.596977 0.389223 0.033617 0.039903
2 0.260165 0.399109 0.035731 0.044628
2 0.486225 0.354724 0.034822 0.034212
2 0.109317 0.592438 0.027902 0.050058
2 0.363446 0.321661 0.026912 0.035809
2 0.406724 0.317359 0.025220 0.031559
2 0.111295 0.366160 0.028019 0.043493
2 0.010031 0.518069 0.020063 0.042721
2 0.356470 0.354806 0.025858 0.028954
2 0.545894 0.341304 0.028511 0.034857
2 0.326710 0.430111 0.031289 0.040730
2 0.118776 0.515495 0.030732 0.045550
2 0.200477 0.396333 0.030767 0.041448
2 0.393508 0.373446 0.024086 0.033596
2 0.024569 0.459725 0.029200 0.041923
2 0.175038 0.468074 0.028495 0.042560
2 0.176613 0.423235 0.031195 0.043386
2 0.496870 0.842789 0.038466 0.047297
2 0.399329 0.351972 0.023508 0.034829
2 0.507943 0.349740 0.028608 0.034128
2 0.446082 0.337545 0.027005 0.031862
2 0.071339 0.493472 0.030868 0.040452
2 0.483005 0.391319 0.032773 0.034640
2 0.584314 0.331582 0.030794 0.034316
2 0.039506 0.516729 0.030252 0.037199
2 0.534877 0.345243 0.034208 0.032180
2 0.504649 0.470470 0.035324 0.053746
2 0.531051 0.381671 0.032740 0.028867
2 0.636178 0.379244 0.035665 0.034902
2 0.005134 0.393329 0.010246 0.037396
2 0.413167 0.354071 0.035257 0.034171
2 0.054715 0.422917 0.028173 0.038678
2 0.226066 0.391094 0.029839 0.036074
2 0.505661 0.384017 0.028802 0.032019
2 0.546199 0.321124 0.026645 0.027024
2 0.890022 0.369423 0.026844 0.037362
2 0.480242 0.420102 0.032758 0.037168
2 0.505347 0.300686 0.036516 0.030613
2 0.222113 0.388883 0.028554 0.036749
2 0.595714 0.382492 0.035461 0.051847
2 0.042335 0.531754 0.030338 0.049690
2 0.173590 0.417909 0.034185 0.045978
2 0.529839 0.346229 0.024720 0.034745
2 0.458395 0.419486 0.031053 0.031577
2 0.464087 0.307240 0.027319 0.030569
2 0.532339 0.296273 0.031339 0.034290
2 0.037622 0.505819 0.026141 0.044857
2 0.440954 0.307860 0.026150 0.034645
2 0.514348 0.300964 0.025002 0.028102
2 0.635729 0.354117 0.034277 0.030196
2 0.197047 0.392031 0.026867 0.032619
2 0.480426 0.414206 0.029651 0.037670
2 0.424721 0.343811 0.023772 0.033502
2 0.023163 0.449656 0.030607 0.061138
2 0.022254 0.434662 0.029261 0.036712
2 0.423589 0.313156 0.022101 0.030414
2 0.455395 0.426276 0.030141 0.033446
2 0.498250 0.302768 0.024760 0.030052
2 0.524802 0.321902 0.022556 0.026573
2 0.478690 0.305681 0.026145 0.030252
2 0.074229 0.511460 0.034979 0.050034
2 0.466778 0.340886 0.023436 0.031412
2 0.565671 0.336003 0.025479 0.033439
2 0.615265 0.363425 0.026983 0.036413
2 0.432938 0.310137 0.031816 0.035135
2 0.780702 0.330281 0.018722 0.038803
2 0.482756 0.308025 0.029733 0.031964
2 0.572114 0.380224 0.030633 0.039852
2 0.458197 0.425621 0.034531 0.042104
2 0.539631 0.322296 0.040340 0.030355
2 0.478873 0.435424 0.040668 0.056285
2 0.557429 0.323120 0.027988 0.027736
2 0.584035 0.380020 0.038020 0.048968
2 0.536563 0.379039 0.028379 0.030092
2 0.551386 0.373631 0.030550 0.032302
2 0.169223 0.398067 0.025866 0.034354
2 0.015082 0.511277 0.020839 0.046670
2 0.174743 0.467607 0.031621 0.056171
2 0.005322 0.462248 0.010432 0.048843
2 0.443290 0.404302 0.036303 0.038864
2 0.318740 0.460013 0.038029 0.044256
2 0.507706 0.329493 0.021277 0.022272
2 0.245882 0.485332 0.030508 0.049208
2 0.511159 0.318077 0.034470 0.029522
