2 0.693605 0.508077 0.019947 0.0201442 0.806435 0.603362 0.030393 0.037439
2 0.902642 0.504855 0.025144 0.037982
2 0.928456 0.506691 0.025550 0.034815
2 0.877524 0.505603 0.022767 0.033663
2 0.954471 0.505855 0.026750 0.035563
2 0.808530 0.506503 0.023786 0.032369
2 0.841627 0.543929 0.026056 0.040638
2 0.960743 0.609144 0.028761 0.045717
2 0.931192 0.703164 0.036329 0.049663
2 0.914340 0.561086 0.025766 0.041857
2 0.868201 0.545402 0.025689 0.033348
2 0.789573 0.505294 0.022298 0.032436
2 0.972551 0.563484 0.026177 0.042377
2 0.833235 0.504035 0.022875 0.035469
2 0.670408 0.669721 0.033799 0.044063
2 0.768708 0.507146 0.023668 0.031637
2 0.942122 0.564289 0.024271 0.037502
2 0.915234 0.629627 0.029962 0.046744
2 0.855454 0.504876 0.022351 0.032821
2 0.885804 0.560904 0.024355 0.040286
2 0.981673 0.506363 0.023203 0.032052
2 0.778361 0.601932 0.026200 0.035356
2 0.597479 0.588309 0.029291 0.034036
2 0.752827 0.599359 0.027653 0.036822
2 0.747652 0.505707 0.022193 0.031309
2 0.985435 0.635005 0.028928 0.059985
2 0.658483 0.591709 0.025980 0.035798
2 0.562256 0.540520 0.027797 0.029906
2 0.865773 0.606761 0.032300 0.045403
2 0.794213 0.538848 0.024712 0.027696
2 0.828513 0.564691 0.023839 0.035443
2 0.893486 0.700458 0.034553 0.045928
2 0.630624 0.558450 0.021611 0.028990
2 0.726984 0.507717 0.021120 0.028725
2 0.582488 0.555308 0.019036 0.031426
2 0.684344 0.615694 0.028605 0.039037
2 0.611279 0.553779 0.022915 0.034021
2 0.780851 0.561240 0.024685 0.033165
2 0.681648 0.588673 0.025263 0.031066
2 0.804459 0.562018 0.024701 0.035351
2 0.686622 0.542909 0.023729 0.029576
2 0.636615 0.612612 0.028870 0.039696
2 0.714741 0.553638 0.027864 0.040031
2 0.735186 0.556390 0.024618 0.040607
2 0.650598 0.554526 0.027339 0.037099
2 0.712783 0.614331 0.028727 0.044599
2 0.594177 0.508693 0.025774 0.033477
2 0.534865 0.509511 0.019551 0.028779
2 0.469502 0.519689 0.025356 0.028219
2 0.706868 0.592138 0.025073 0.031901
2 0.882991 0.630177 0.029473 0.041874
2 0.506885 0.512149 0.021119 0.027557
2 0.850086 0.627047 0.026506 0.038685
2 0.893712 0.606982 0.028110 0.044458
2 0.776513 0.538695 0.031487 0.032078
2 0.758814 0.553414 0.026852 0.034920
2 0.950654 0.544556 0.024921 0.039075
2 0.425915 0.520777 0.024937 0.027492
2 0.539858 0.548227 0.024878 0.021384
2 0.578022 0.601041 0.022865 0.046372
2 0.440324 0.521141 0.026129 0.028939
2 0.809959 0.551109 0.032075 0.039035
2 0.815724 0.543398 0.025279 0.037887
2 0.756157 0.560748 0.022313 0.030839
2 0.555331 0.510873 0.022304 0.026117
2 0.510927 0.546022 0.025825 0.022186
2 0.544588 0.510474 0.027515 0.027524
2 0.559091 0.509095 0.025040 0.030035
2 0.807522 0.546301 0.036375 0.042159
2 0.574803 0.508012 0.020054 0.030672
2 0.485441 0.515493 0.016071 0.024901
2 0.782515 0.556342 0.028723 0.030603
2 0.713056 0.542950 0.025580 0.032097
2 0.648326 0.542386 0.028720 0.030658
2 0.703502 0.588871 0.026024 0.031990
2 0.432343 0.544454 0.027138 0.020713
2 0.521599 0.510747 0.016121 0.028388
2 0.378094 0.543281 0.027094 0.021436
2 0.770815 0.541053 0.026609 0.033118
2 0.496406 0.541981 0.022629 0.026421
2 0.667538 0.540556 0.021497 0.031441
2 0.508970 0.543145 0.027764 0.025296
2 0.533398 0.541819 0.024003 0.027305
2 0.458529 0.543070 0.025903 0.022068
2 0.344991 0.542814 0.026244 0.023336
2 0.303018 0.504562 0.021188 0.026907
2 0.889709 0.612286 0.033900 0.052425
2 0.486100 0.544196 0.032116 0.023859
2 0.653161 0.545466 0.027537 0.032936
2 0.948914 0.551791 0.027434 0.029551
2 0.918668 0.550465 0.031465 0.041906
2 0.277140 0.507708 0.018878 0.022298
2 0.381926 0.544122 0.028016 0.019489
2 0.924966 0.543519 0.022434 0.039102
2 0.495785 0.511952 0.014845 0.026939
2 0.402921 0.489012 0.019760 0.029882
2 0.320330 0.538198 0.016067 0.028944
2 0.415612 0.545111 0.019664 0.018604
2 0.318464 0.495167 0.017475 0.023607
2 0.990300 0.608598 0.019399 0.034435
2 0.287679 0.482706 0.017175 0.026811
2 0.987358 0.610637 0.025284 0.044197
2 0.479978 0.541852 0.021626 0.024697
2 0.883111 0.545242 0.022923 0.038513
2 0.584299 0.555428 0.023371 0.038374
2 0.482851 0.513522 0.016965 0.027831
2 0.350098 0.542553 0.029387 0.022428
2 0.419390 0.522940 0.021558 0.027256
2 0.886515 0.604104 0.031608 0.042780
2 0.737293 0.506632 0.022885 0.030619
2 0.305158 0.539850 0.025944 0.028340
