2 0.672460 0.503716 0.018800 0.023839
2 0.980164 0.532072 0.021055 0.019204
2 0.765921 0.684471 0.026226 0.0256052 0.731425 0.594207 0.028258 0.036802
2 0.905760 0.694718 0.035058 0.050491
2 0.978621 0.557289 0.026931 0.040987
2 0.890728 0.622015 0.029218 0.046841
2 0.616325 0.608098 0.029299 0.039226
2 0.890678 0.552913 0.027964 0.044662
2 0.869185 0.691639 0.031855 0.046295
2 0.844877 0.539079 0.025166 0.034437
2 0.877513 0.498167 0.023927 0.037509
2 0.902904 0.500149 0.024119 0.034056
2 0.934935 0.602615 0.029666 0.047608
2 0.916934 0.558929 0.025263 0.036512
2 0.542602 0.536588 0.026324 0.031704
2 0.861623 0.554978 0.023447 0.039689
2 0.785329 0.597856 0.031792 0.037048
2 0.960660 0.631658 0.032320 0.050316
2 0.788037 0.501777 0.025032 0.032291
2 0.927796 0.499440 0.024530 0.033307
2 0.819442 0.536592 0.026598 0.037825
2 0.854460 0.500205 0.021164 0.031966
2 0.651017 0.664103 0.033373 0.042357
2 0.946527 0.556090 0.025551 0.042841
2 0.988058 0.700953 0.023883 0.051614
2 0.982185 0.498010 0.024505 0.036742
2 0.756875 0.595658 0.025845 0.036009
2 0.991177 0.630364 0.017646 0.049479
2 0.807337 0.559846 0.025755 0.035828
2 0.638249 0.587157 0.025776 0.036974
2 0.578114 0.583873 0.028787 0.033208
2 0.746693 0.501484 0.023767 0.030444
2 0.592148 0.550523 0.024544 0.032812
2 0.563778 0.553561 0.022087 0.034517
2 0.858712 0.624848 0.028663 0.043739
2 0.923683 0.539562 0.025164 0.033710
2 0.954411 0.499886 0.022981 0.030441
2 0.661571 0.611494 0.029423 0.037843
2 0.766985 0.501099 0.020515 0.029627
2 0.631277 0.550106 0.027555 0.034310
2 0.748326 0.535205 0.022598 0.031137
2 0.861747 0.542962 0.023271 0.041027
2 0.682791 0.586991 0.024495 0.029184
2 0.809857 0.500680 0.022338 0.034073
2 0.782791 0.556871 0.024686 0.033404
2 0.843036 0.599874 0.030991 0.042464
2 0.759230 0.555942 0.024931 0.031523
2 0.489258 0.507241 0.017362 0.029362
2 0.771075 0.534383 0.022057 0.030040
2 0.661680 0.585972 0.027964 0.029536
2 0.726436 0.500397 0.023706 0.030799
2 0.665714 0.536773 0.022167 0.031808
2 0.693766 0.547370 0.027918 0.041432
2 0.516055 0.506705 0.021797 0.028455
2 0.733965 0.553510 0.022740 0.030035
2 0.794031 0.536990 0.024481 0.037149
2 0.574430 0.504596 0.024969 0.033070
2 0.519633 0.543019 0.024259 0.023417
2 0.815470 0.539517 0.029149 0.042349
2 0.831824 0.499931 0.022469 0.032574
2 0.408048 0.517723 0.022846 0.028001
2 0.714439 0.553084 0.024873 0.036213
2 0.691279 0.609981 0.028978 0.042534
2 0.866005 0.602566 0.027417 0.040968
2 0.493351 0.540728 0.024372 0.023804
2 0.489519 0.510288 0.022124 0.027203
2 0.505470 0.506325 0.022122 0.029465
2 0.971228 0.603772 0.030503 0.041877
2 0.869315 0.599817 0.026216 0.039786
2 0.825534 0.620169 0.023876 0.037658
2 0.783061 0.547132 0.030549 0.049989
2 0.554869 0.505887 0.022532 0.030078
2 0.559796 0.597685 0.020087 0.041952
2 0.609522 0.552485 0.021774 0.028742
2 0.485373 0.507391 0.023276 0.030313
2 0.421613 0.517352 0.023488 0.029229
2 0.559093 0.589546 0.020486 0.030395
2 0.463171 0.512671 0.020584 0.027464
2 0.705647 0.503301 0.018845 0.026936
2 0.896632 0.540855 0.026482 0.035158
2 0.409332 0.541770 0.026521 0.021697
2 0.707669 0.547076 0.032769 0.044736
2 0.809650 0.556401 0.027356 0.032906
2 0.459814 0.540517 0.024764 0.024091
2 0.563451 0.542636 0.022385 0.042430
2 0.354191 0.540719 0.022994 0.022181
2 0.383556 0.488051 0.020299 0.028059
2 0.410122 0.482270 0.023915 0.025987
2 0.683993 0.537032 0.026227 0.030171
2 0.531079 0.507254 0.018148 0.028760
2 0.466339 0.509268 0.017465 0.027712
2 0.685118 0.592379 0.028798 0.039963
2 0.447335 0.521155 0.019827 0.031502
2 0.628335 0.547772 0.031117 0.040960
2 0.377753 0.538994 0.028343 0.025836
2 0.931859 0.498337 0.030465 0.035619
2 0.479163 0.538830 0.025903 0.025602
2 0.735374 0.547001 0.023232 0.044037
2 0.464095 0.538906 0.026019 0.025858
2 0.546219 0.507222 0.017684 0.029702
2 0.513107 0.541935 0.023074 0.022453
2 0.315960 0.493202 0.020521 0.021959
2 0.328197 0.540453 0.031095 0.023878
2 0.307508 0.494224 0.018354 0.024129
2 0.380321 0.541261 0.027587 0.022547
2 0.459115 0.512393 0.022118 0.027765
2 0.964914 0.613470 0.035902 0.059958
2 0.434070 0.540966 0.023382 0.023059
2 0.372942 0.539213 0.028180 0.025322
2 0.359513 0.540867 0.030571 0.022592
2 0.661214 0.582616 0.027138 0.041760
2 0.320870 0.540632 0.028602 0.023052
2 0.648537 0.536455 0.017861 0.030061
2 0.495633 0.473569 0.020078 0.032533
