0 0.30907 0.7704 0.208345 0.1731066666666667
0 0.24221 0.9066200000000001 0.16716999999999999 0.15674000000000002
0 0.784655 0.8506333333333334 0.12769 0.17069333333333334
0 0.577855 0.6145533333333334 0.09854 0.08224666666666668
0 0.280805 0.56932 0.08229 0.07186666666666666
0 0.483205 0.6848799999999999 0.10824500000000001 0.11546
0 0.4154 0.7282 0.12487000000000001 0.12953333333333333
0 0.3723 0.5151266666666667 0.072275 0.05808666666666666
0 0.5314450000000001 0.64956 0.1119 0.10588
0 0.645385 0.5889066666666667 0.09329000000000001 0.07975333333333333
0 0.211035 0.6087533333333334 0.096145 0.06742
0 0.42329 0.49022000000000004 0.07950499999999999 0.06459333333333334
0 0.33654 0.5414666666666667 0.076545 0.06062000000000001
0 0.684385 0.56202 0.088035 0.08535333333333334
0 0.32527999999999996 0.45636 0.077875 0.05552
0 0.24455000000000002 0.48679333333333336 0.089875 0.06276666666666667
0 0.83138 0.7418666666666667 0.07767 0.10044666666666666
0 0.10446 0.9536733333333334 0.176165 0.08920666666666667
0 0.745365 0.51284 0.08198 0.05998666666666667
0 0.77495 0.4913533333333333 0.08861 0.059213333333333326
0 0.878375 0.64894 0.092715 0.09564666666666667
0 0.4363 0.41084666666666664 0.073515 0.05874
0 0.494905 0.45176 0.10894499999999999 0.08372
0 0.60263 0.4089333333333333 0.052325 0.0424
0 0.73103 0.5299533333333333 0.08201 0.06841333333333334
0 0.691075 0.9807600000000001 0.14773 0.03848666666666666
0 0.1085 0.65 0.111 0.084
0 0.678 0.43533333333333335 0.084 0.084
0 0.5815 0.46 0.067 0.058666666666666666
0 0.608 0.49066666666666664 0.064 0.058666666666666666
0 0.9625 0.404 0.031 0.058666666666666666
0 0.9215 0.394 0.039 0.04666666666666667
0 0.9305 0.5813333333333334 0.053 0.08266666666666667
0 0.9515 0.524 0.059 0.07466666666666667
1 0.4845 0.3973333333333333 0.057 0.037333333333333336
1 0.1575 0.53 0.071 0.04666666666666667