0 0.607095238095238 0.5545487042001787 0.06754761904761905 0.06076854334226988
0 0.9113333333333333 0.5567828418230563 0.09204166666666666 0.0724218051831993
1 0.5192916666666666 0.6384897229669347 0.041375 0.03219839142091153
1 0.3071785714285714 0.6132797140303843 0.03879166666666667 0.02907059874888293
1 0.48789285714285713 0.5902591599642538 0.03839880952380953 0.02483467381590706
1 0.5233154761904761 0.5046648793565683 0.034095238095238095 0.019544235924932978
1 0.5836845238095238 0.6322520107238606 0.04064285714285714 0.028882931188561216
1 0.25804166666666667 0.6785165326184093 0.05323214285714286 0.04225201072386059
1 0.6966904761904762 0.6120643431635389 0.040440476190476186 0.028990169794459338
0 0.2349702380952381 0.5200893655049151 0.043583333333333335 0.056907953529937445
1 0.43473214285714284 0.5213315460232351 0.03555357142857143 0.019490616621983915
1 0.4568869047619048 0.6533690795352993 0.04541071428571429 0.032680965147453084
0 0.8394761904761905 0.4033333333333333 0.05847619047619047 0.04180518319928508
1 0.1879107142857143 0.6328150134048257 0.04654166666666667 0.03537980339588919
1 0.18841666666666668 0.6908221626452189 0.05693452380952381 0.0435656836461126
1 0.32732738095238095 0.6713047363717606 0.05226190476190476 0.04031277926720286
1 0.6386011904761905 0.6226630920464701 0.04176785714285714 0.03319928507596068
1 0.4810952380952381 0.5151742627345844 0.03279761904761905 0.016175156389633603
0 0.5669880952380952 0.4373994638069705 0.041898809523809526 0.0332171581769437
1 0.5712261904761905 0.49944593386952635 0.030851190476190476 0.01996425379803396
1 0.39619642857142856 0.662207327971403 0.054714285714285715 0.04129579982126899
1 0.5437559523809524 0.5831724754244862 0.0345 0.021152815013404828
1 0.6087023809523809 0.4949419124218052 0.03407738095238095 0.020178731009830204
1 0.7547738095238095 0.6062823949955317 0.04236309523809524 0.029383378016085794
1 0.805547619047619 0.5954602323503129 0.037547619047619045 0.027238605898123325
1 0.18623214285714285 0.5509919571045576 0.03992261904761904 0.026747095621090258
1 0.3874345238095238 0.5253708668453977 0.03372619047619047 0.021045576407506702
1 0.12129166666666667 0.6439499553172475 0.04842261904761905 0.03580875781948168
1 0.3677797619047619 0.6028150134048257 0.04314285714285714 0.030089365504915103
1 0.43049404761904764 0.5967292225201073 0.03848214285714286 0.023663985701519213
1 0.2916309523809524 0.5361483467381591 0.039732142857142855 0.023538873994638068
1 0.11632142857142856 0.708739946380697 0.04942261904761905 0.05103663985701519
1 0.4790059523809524 0.45646112600536193 0.028595238095238094 0.015013404825737266
1 0.6553571428571429 0.49126005361930297 0.032107142857142855 0.018221626452189454
1 0.44125595238095233 0.46018766756032176 0.03095833333333333 0.015326184092940124
1 0.25223214285714285 0.6246380697050938 0.044958333333333336 0.034271671134941915
1 0.33679761904761907 0.5289901697944593 0.033678571428571426 0.021680071492403932
1 0.13155952380952382 0.5544682752457551 0.04457142857142857 0.028150134048257374
1 0.8545238095238095 0.5834584450402145 0.042749999999999996 0.02837354781054513
1 0.5202857142857144 0.4534584450402145 0.029648809523809525 0.0165236818588025
1 0.6958214285714286 0.5602144772117963 0.037392857142857144 0.021769436997319036
1 0.7946904761904762 0.5427435210008937 0.04216071428571429 0.02493297587131367
1 0.7494642857142857 0.5512868632707775 0.03698809523809524 0.019562109025915996
1 0.7281071428571428 0.4796514745308311 0.04048214285714286 0.024262734584450402
1 0.7695595238095237 0.47636282394995527 0.032732142857142855 0.017828418230563
1 0.9179285714285713 0.45613047363717607 0.03154761904761905 0.01577301161751564
1 0.14508333333333334 0.48763181411974976 0.03491071428571429 0.022189454870420015
1 0.3646130952380952 0.4674173369079535 0.02679761904761905 0.017292225201072386
1 0.3164107142857143 0.4721179624664879 0.03550595238095238 0.019803395889186774
1 0.8098690476190475 0.4710455764075067 0.026875 0.014638069705093832
1 0.9588154761904761 0.5693833780160857 0.02763095238095238 0.022403932082216266
1 0.8382142857142857 0.5373100983020554 0.0421547619047619 0.020142984807864164
1 0.18948214285714285 0.48331546023235034 0.03769642857142857 0.03425379803395889
1 0.23313690476190477 0.479597855227882 0.033732142857142856 0.038722073279714025
1 0.2733154761904762 0.4728954423592493 0.036708333333333336 0.03425379803395889
1 0.3015892857142857 0.42448614834673815 0.041666666666666664 0.035746201966041107
1 0.3373035714285714 0.4207596067917784 0.031744047619047616 0.02830205540661305
1 0.28869047619047616 0.3477837354781055 0.03571428571428571 0.019365504915102773
1 0.5396845238095238 0.4036371760500447 0.027779761904761904 0.020848972296693476
1 0.847220238095238 0.4617247542448614 0.03571428571428571 0.03277033065236819
1 0.9742083333333333 0.5436371760500447 0.031744047619047616 0.03277033065236819
1 0.9305535714285714 0.5205540661304736 0.03769642857142857 0.03425379803395889