0 0.7689900000000001 0.49017254313578396 0.08731 0.09744936234058516
0 0.8201499999999999 0.3733383345836459 0.082735 0.08674418604651163
0 0.25416 0.5579894973743436 0.10482 0.10669167291822956
0 0.846935 0.8809227306826707 0.132825 0.19810952738184545
0 0.69772 0.45891222805701426 0.08529 0.0886271567891973
0 0.839035 0.5228132033008251 0.07784 0.09942985746436608
0 0.9568300000000001 0.4147186796699175 0.07638500000000001 0.10339834958739685
0 0.743735 0.8290322580645161 0.11513 0.17097524381095275
0 0.327335 0.5861665416354088 0.10997 0.11888222055513878
0 0.8041 0.16876969242310577 0.05055 0.059174793698424606
0 0.90491 0.5490922730682671 0.086285 0.10980495123780945
0 0.57328 0.7408927231807952 0.120725 0.15715678919729933
0 0.431545 0.6494898724681171 0.123965 0.13268567141785448
0 0.530505 0.3895948987246812 0.08172 0.08207801950487621
0 0.40090499999999996 0.8382370592648162 0.143405 0.1591747936984246
0 0.75793 0.35365341335333833 0.070885 0.08179294823705927
0 0.5531050000000001 0.2851012753188297 0.06401000000000001 0.06795198799699925
0 0.12836 0.666894223555889 0.10506 0.12366841710427606
0 0.94843 0.920232558139535 0.10238 0.15952738184546136
0 0.47687999999999997 0.3734358589647412 0.075325 0.0772543135783946
0 0.3715 0.33991747936984246 0.074545 0.07165041260315079
0 0.655015 0.3215378844711178 0.069145 0.08247561890472618
0 0.50207 0.6947861965491373 0.117255 0.1634808702175544
0 0.7099099999999999 0.33263315828957235 0.069165 0.0823555888972243
0 0.8566950000000001 0.23894973743435857 0.060454999999999995 0.06289572393098275
0 0.35096499999999997 0.21876219054763693 0.05944 0.055986496624156036
0 0.5072300000000001 0.2738934733683421 0.062505 0.06277569392348087
0 0.268755 0.7331957989497374 0.11876 0.14177044261065266
0 0.43445999999999996 0.24270817704426104 0.06825 0.0617854463615904
0 0.601635 0.30129032258064514 0.06829500000000001 0.07413353338334583
0 0.426185 0.35342085521380345 0.073485 0.07255063765941484
0 0.1775 0.4899024756189047 0.09903 0.10109527381845461
0 0.19673500000000002 0.6963915978994748 0.110785 0.13870967741935483
0 0.8985850000000001 0.19035258814703676 0.054560000000000004 0.05303825956489123
0 0.8869450000000001 0.3954088522130533 0.073085 0.08870967741935484
0 0.7551599999999999 0.1537584396099025 0.05331 0.056286571642910725
0 0.5620449999999999 0.9351462865716429 0.1288 0.12971492873218304
0 0.8502000000000001 0.17408102025506378 0.05823 0.060960240060015006
0 0.31679 0.20548387096774196 0.05878 0.05961740435108777
0 0.67932 0.12924981245311326 0.048765 0.0422430607651913
0 0.29882 0.30609152288072017 0.076905 0.06706676669167293
0 0.83116 0.07936984246061515 0.043505 0.045423855963991
0 0.419 0.12586646661665415 0.05922 0.041717929482370596
0 0.71868 0.20395348837209304 0.056475000000000004 0.054253563390847706
0 0.56747 0.10793698424606152 0.042645 0.03852213053263316
1 0.659875 0.8025131282820706 0.07783 0.08084771192798199
0 0.872325 0.08468117029257315 0.045605 0.04874718679669918
0 0.71989 0.14201050262565643 0.04138 0.04003000750187547
0 0.46757499999999996 0.0849437359339835 0.053855 0.04144786196549137
0 0.631455 0.17186046511627906 0.0581 0.06621155288822206
0 0.6540750000000001 0.045633908477119275 0.045245 0.04541635408852213
0 0.692965 0.050547636909227305 0.040005000000000006 0.04188297074268567
0 0.27348 0.18882970742685673 0.071945 0.06324831207801951
0 0.59912 0.1112603150787697 0.046884999999999996 0.04029257314328582
0 0.102885 0.6088897224306077 0.104235 0.09522130532633159
1 0.57839 0.43222805701425354 0.042045 0.036031507876969245
0 0.12441500000000001 0.46020255063765947 0.083075 0.07429107276819205
0 0.9169400000000001 0.09013503375843962 0.04657 0.04732933233308327
0 0.055365000000000004 0.4097224306076519 0.09739 0.07387846961740435
0 0.644575 0.11363090772693173 0.046325000000000005 0.03790697674418605
0 0.5506 0.1572093023255814 0.046950000000000006 0.05456864216054013
0 0.59915 0.03331582895723931 0.044954999999999995 0.043008252063015756
0 0.4813 0.13144786196549138 0.046015 0.05421605401350337
1 0.32120499999999996 0.8113278319579895 0.07376 0.07056264066016504
0 0.5152100000000001 0.1459264816204051 0.049745 0.05369092273068266
0 0.91106 0.24873218304576145 0.0571 0.06729182295573893
0 0.79628 0.07653413353338334 0.040215 0.0431582895723931
0 0.218085 0.17029257314328583 0.055485 0.05808702175543887
1 0.635015 0.4570967741935483 0.043495 0.035858964741185294
0 0.05083 0.11727681920480121 0.044175 0.0495873968492123
0 0.15552000000000002 0.07845461365341336 0.042245 0.039242310577644414
0 0.676165 0.18587396849212304 0.05422 0.058072018004501125
0 0.590285 0.16144786196549138 0.04879 0.06111027756939234
0 0.258005 0.29033008252063014 0.06577 0.06072018004501125
0 0.021235 0.13044261065266316 0.042465 0.050142535633908476
0 0.217325 0.2786196549137284 0.062345 0.058709677419354844
0 0.969565 0.2609752438109527 0.053505000000000004 0.06999249812453114
0 0.5307949999999999 0.09234058514628657 0.04854 0.04293323330832708
0 0.387615 0.23252813203300823 0.054395000000000006 0.05306076519129783
0 0.08593 0.4422205551387847 0.09557500000000001 0.08126781695423856
0 0.09135 0.10696924231057765 0.046119999999999994 0.044298574643660917
0 0.6546000000000001 0.9572543135783946 0.138185 0.08195798949737435
0 0.179835 0.2533083270817705 0.07452500000000001 0.07567141785446362
1 0.477865 0.268529632408102 0.032034999999999994 0.03173293323330832
0 0.729365 0.05935483870967742 0.046985 0.04738184546136534
0 0.121735 0.24168042010502627 0.068135 0.06263315828957239
0 0.325945 0.09540885221305327 0.044975 0.0463165791447862
0 0.029405 0.19752438109527382 0.05881 0.050382595648912225
0 0.286615 0.08430607651912977 0.05664 0.04980495123780945
1 0.805695 0.24183795948987247 0.03503 0.030712678169542384
0 0.5581 0.0259039759939985 0.03979 0.03815453863465867
1 0.761285 0.22808702175543888 0.03269 0.025941485371342835
1 0.478755 0.9125056264066016 0.068425 0.07279819954988748
0 0.127425 0.08889722430607652 0.048729999999999996 0.04259564891222806
0 0.042405 0.5778919729932483 0.08481 0.11711177794448613
0 0.34567000000000003 0.05000750187546887 0.04843 0.03352588147036759
0 0.34817000000000004 0.09870967741935485 0.044270000000000004 0.04930982745686422
0 0.37572000000000005 0.06528132033008252 0.042165 0.03246061515378845
0 0.07664499999999999 0.22270067516879222 0.063945 0.06263315828957239
1 0.21383000000000002 0.5373968492123031 0.052485 0.0445311327831958
0 0.43034500000000003 0.07885971492873219 0.040534999999999995 0.033998499624906225
0 0.988235 0.11492873218304575 0.023535 0.04375093773443361
0 0.028030000000000003 0.3769767441860465 0.053655 0.05495873968492124
0 0.97685 0.5735633908477119 0.046295 0.10391597899474869
0 0.47686 0.015153788447111778 0.032555 0.028994748687171792
0 0.194015 0.06930982745686422 0.040490000000000005 0.04095273818454614
0 0.49894 0.018102025506376594 0.03184 0.031230307576894226
1 0.335565 0.33316579144786196 0.031195 0.032685671417854466
1 0.376495 0.6298724681170292 0.05361 0.047749437359339834
0 0.44415 0.013728432108027008 0.04239 0.02498124531132783
1 0.7587999999999999 0.07911477869467366 0.02104 0.021035258814703674
0 0.18958000000000003 0.15977494373593398 0.070885 0.06251312828207052
0 0.525385 0.025641410352588146 0.03136 0.037344336084021004
0 0.257065 0.034403600900225054 0.045024999999999996 0.03764441110277569
1 0.957635 0.11325581395348837 0.02228 0.01993998499624906
1 0.446 0.1380345086271568 0.034 0.042010502625656414