0 0.40221484375000005 0.5648541666666667 0.07132812499999999 0.1681736111111111
0 0.7431484375 0.5578680555555556 0.05982031249999999 0.1607638888888889
0 0.10442578124999999 0.04679861111111111 0.059210937500000005 0.081625
0 0.3581875 0.18307638888888889 0.0522265625 0.10059027777777778
0 0.3104609375 0.5692291666666667 0.07132812499999999 0.1574375
0 0.61375 0.5672847222222223 0.060828125 0.1545763888888889
0 0.47021484375 0.18163888888888888 0.051664062499999996 0.08423611111111111
0 0.544296875 0.5616944444444445 0.0516328125 0.16925694444444445
0 0.72178515625 0.26409027777777777 0.061394531249999995 0.139625
0 0.47432421874999997 0.5582083333333334 0.062468749999999997 0.15775
0 0.40937890625 0.18945138888888888 0.054242187500000004 0.08865972222222222
0 0.55903515625 0.04467361111111111 0.0431953125 0.06609027777777778
0 0.059210937500000005 0.06842361111111112 0.05255859375000001 0.08485416666666666
0 0.5042109375 0.042270833333333334 0.043671875 0.05504166666666667
0 0.86559375 0.7367152777777777 0.1175078125 0.29573611111111114
0 0.24382421875000002 0.5659930555555556 0.07034765625 0.16190972222222222
0 0.8055195312500001 0.03404166666666667 0.0510625 0.06808333333333334
0 0.67703125 0.5575902777777777 0.056308593750000004 0.1406388888888889
0 0.65483984375 0.2603125 0.061757812499999995 0.1438125
0 0.09167578125 0.8136180555555554 0.09616796875 0.22531944444444443
0 0.599703125 0.04441666666666667 0.0403671875 0.06769444444444445
0 0.27675 0.028430555555555553 0.034433593750000005 0.05475694444444444
0 0.38380468749999996 0.7876319444444445 0.08195703125 0.23677083333333332
0 0.72083984375 0.043090277777777776 0.04008203125 0.060875
0 0.28484375 0.77825 0.09078906249999999 0.22516666666666668
0 0.19329687499999998 0.7867986111111112 0.09781640625 0.22965277777777776
0 0.59506640625 0.25449305555555557 0.0598515625 0.15256944444444442
0 0.9756406249999999 0.01964583333333333 0.04871484375 0.03875694444444445
1 0.45887109375 0.05284027777777778 0.03648828125 0.03970138888888889
1 0.34975 0.2848819444444445 0.05507421875 0.07220833333333333
1 0.7609843749999999 0.055 0.03219140625 0.03851388888888889
1 0.409203125 0.04817361111111111 0.0363046875 0.04486111111111111
1 0.660640625 0.04940277777777778 0.05560546875 0.052145833333333336
1 0.407421875 0.28680555555555554 0.04296875 0.09861111111111111
1 0.470703125 0.2875 0.06171875 0.10833333333333334
1 0.578125 0.16944444444444445 0.0484375 0.06666666666666667
1 0.632421875 0.17222222222222222 0.05078125 0.05555555555555555
1 0.6890625 0.1673611111111111 0.053125 0.059722222222222225
1 0.367578125 0.05277777777777778 0.03828125 0.05
0 0.47265625 0.7854166666666667 0.090625 0.30694444444444446
0 0.5515625 0.76875 0.0796875 0.24583333333333332
0 0.630859375 0.7694444444444445 0.08046875 0.25277777777777777
0 0.7015625 0.7569444444444444 0.0828125 0.25