0 0.445175 0.5697166666666666 0.10599375 0.0847
0 0.85808125 0.3801833333333334 0.05815625 0.050883333333333336
0 0.1366375 0.78065 0.1743875 0.16403333333333334
0 0.0540125 0.702225 0.101975 0.14413333333333334
1 0.5066125 0.32719166666666666 0.0272625 0.015933333333333334
0 0.17950624999999998 0.294875 0.0765125 0.051575
1 0.619275 0.2938 0.02713125 0.017474999999999997
1 0.9323250000000001 0.1361 0.04925625 0.10628333333333334
1 0.7155125 0.36911666666666665 0.03459375 0.019808333333333334
1 0.47553125 0.31981666666666664 0.024406249999999997 0.015358333333333333
1 0.329125 0.5426166666666666 0.043356250000000006 0.030424999999999997
1 0.37910625000000003 0.5701 0.04738125 0.035783333333333334
1 0.6533625000000001 0.294375 0.02413125 0.01620833333333333
1 0.6710062499999999 0.36330833333333334 0.0312625 0.02036666666666667
1 0.23476875 0.5028666666666667 0.04284375 0.026008333333333335
1 0.54740625 0.3347333333333333 0.02734375 0.0153
1 0.4600125 0.355425 0.03254375 0.01955
1 0.7191312499999999 0.30777499999999997 0.0256625 0.014899999999999998
1 0.75153125 0.315 0.0279375 0.019916666666666666
1 0.62689375 0.394525 0.03856875 0.024766666666666666
1 0.320025 0.42020833333333335 0.0394 0.026116666666666667
1 0.38556874999999996 0.3438083333333333 0.034125 0.022808333333333333
1 0.50909375 0.6140416666666667 0.04415 0.040075
1 0.49668125 0.3661083333333333 0.031225 0.020524999999999998
1 0.533625 0.3777833333333333 0.036825000000000004 0.022966666666666666
1 0.5823875000000001 0.38867500000000005 0.03389375 0.0229
1 0.43599375 0.315125 0.0274125 0.014941666666666666
1 0.28343125 0.5213583333333334 0.0391375 0.027133333333333336
1 0.63218125 0.3514 0.0329625 0.017575
1 0.8081375 0.388525 0.0323375 0.020966666666666668
1 0.40583125000000003 0.44385 0.04305 0.028016666666666665
1 0.42330625 0.346175 0.028587500000000002 0.017358333333333333
1 0.6706125000000001 0.4069666666666667 0.03533125 0.02613333333333333
1 0.38799374999999997 0.3359583333333333 0.03134375 0.022233333333333334
1 0.82955625 0.43627499999999997 0.040862499999999996 0.026958333333333334
1 0.75895625 0.37820833333333337 0.0325625 0.023158333333333333
1 0.5817687500000001 0.6340250000000001 0.059375 0.05416666666666667
1 0.44895625 0.46458333333333335 0.03958125 0.040275
1 0.49739375 0.4805583333333333 0.04479375 0.052774999999999996
1 0.2546875 0.8388916666666666 0.059375 0.08333333333333333
1 0.32708125000000005 0.8958333333333334 0.075 0.10555833333333334
1 0.12135625 0.7409749999999999 0.08020625 0.07916666666666666
1 0.18698125000000002 0.49375 0.03854375 0.0375
1 0.14426875 0.47777500000000006 0.036456249999999996 0.044441666666666664
1 0.11823125 0.45625 0.046875 0.040275
1 0.27083124999999997 0.4083333333333333 0.03333125 0.03610833333333333
1 0.353125 0.434725 0.041668750000000004 0.03333333333333333
1 0.6880187499999999 0.3 0.036456249999999996 0.030558333333333333
1 0.78125 0.42569166666666663 0.04375 0.0625