0 0.210146484375 0.6819661458333334 0.082958984375 0.11123697916666668
0 0.543974609375 0.49494791666666665 0.057158203125 0.09000651041666667
0 0.9166943359375 0.5916536458333334 0.0579150390625 0.101640625
0 0.3269921875 0.7295703124999999 0.0834716796875 0.12126953125
0 0.5235693359375 0.7860091145833333 0.0776708984375 0.1590234375
0 0.8645947265625 0.8741796875 0.073154296875 0.15291666666666667
0 0.4885986328125 0.47939453125000003 0.0581103515625 0.07768229166666667
0 0.7928271484375 0.8614127604166667 0.0770947265625 0.15923828125
0 0.3871728515625 0.45897786458333334 0.0622607421875 0.08231119791666668
0 0.2965966796875 0.43429036458333337 0.0542431640625 0.07418619791666667
0 0.4449365234375 0.76091796875 0.0790673828125 0.14444010416666667
0 0.4918212890625 0.3533528645833333 0.04701171875 0.062148437499999994
0 0.3884228515625 0.7516145833333333 0.071416015625 0.13136067708333335
0 0.4392333984375 0.4725455729166667 0.05603515625 0.07831380208333334
0 0.0291552734375 0.6117252604166666 0.0583154296875 0.100625
0 0.64869140625 0.8296158854166666 0.0719775390625 0.13858072916666667
0 0.4255419921875 0.22016927083333335 0.039609375 0.047272135416666666
0 0.6378857421875 0.9671875 0.0756787109375 0.06494140625
0 0.34220703125 0.45088541666666665 0.051416015625 0.07512369791666666
0 0.8583203125 0.57333984375 0.05642578125 0.09353515624999999
0 0.9616796875 0.4557421875 0.0508447265625 0.08100260416666667
0 0.1688916015625 0.24669270833333334 0.0561669921875 0.04925130208333334
0 0.6207373046875 0.25315755208333335 0.0409619140625 0.04401692708333333
0 0.35896484375 0.3267903645833333 0.0561181640625 0.07123046875
0 0.4454296875 0.3470442708333333 0.0524609375 0.06176432291666667
0 0.596591796875 0.5104557291666666 0.0484130859375 0.08438151041666668
0 0.5378369140625 0.35818359375 0.0515771484375 0.08039713541666667
0 0.211962890625 0.8773632812500001 0.0869189453125 0.14552734375
0 0.5798095703125 0.24667317708333333 0.04033203125 0.046236979166666664
0 0.9098046875 0.44431640625 0.052333984375 0.08021484375
0 0.0736865234375 0.8549348958333334 0.0838916015625 0.155546875
0 0.133486328125 0.8716731770833334 0.086923828125 0.14984375
0 0.4991015625 0.22802734375 0.0424267578125 0.04380208333333333
0 0.8596337890625 0.43235677083333335 0.04634765625 0.07109375
1 0.5815234375 0.8138020833333334 0.056171875 0.07315755208333334
0 0.5798974609375 0.36445963541666665 0.04646484375 0.07029296875
0 0.5391552734375 0.23938151041666667 0.039677734375 0.046471354166666666
0 0.2494775390625 0.4253645833333333 0.0593896484375 0.07842447916666666
0 0.351767578125 0.9213411458333334 0.0873486328125 0.14215494791666666
0 0.051845703125 0.38927734374999995 0.063876953125 0.06622395833333333
0 0.314638671875 0.32434244791666667 0.0581982421875 0.07028645833333333
0 0.6326416015625 0.37111979166666664 0.0424951171875 0.07632161458333334
1 0.97287109375 0.6136783854166666 0.04935546875 0.06110026041666666
0 0.157529296875 0.66421875 0.0836572265625 0.11180338541666666
0 0.3880126953125 0.21220052083333332 0.04134765625 0.041627604166666665
1 0.2741552734375 0.7127083333333334 0.045146484375 0.047890625
0 0.0292138671875 0.821875 0.0575048828125 0.14663411458333334
0 0.564248046875 0.9470768229166667 0.0662255859375 0.09208333333333334
1 0.929462890625 0.9166861979166666 0.0630517578125 0.08388671874999999
0 0.6633935546875 0.2611588541666667 0.0375732421875 0.05272786458333333
0 0.10978515625 0.32477213541666666 0.058408203125 0.05514322916666667
1 0.272822265625 0.9109049479166668 0.05927734375 0.06886067708333334
1 0.0689404296875 0.6410677083333333 0.0372900390625 0.03850260416666667
1 0.408828125 0.3432486979166667 0.0356982421875 0.03429036458333334
1 0.7146630859375 0.8572721354166667 0.0648095703125 0.08227213541666667
0 0.0460498046875 0.19468098958333332 0.0506884765625 0.05352864583333333
1 0.4078369140625 0.9630859374999999 0.0650537109375 0.06201822916666667
1 0.4673291015625 0.22899088541666668 0.0285009765625 0.026536458333333332
0 0.21052734375 0.20310546875000002 0.0412890625 0.04294270833333333
1 0.4853515625 0.9750325520833334 0.06517578125 0.04849609375
0 0.269111328125 0.11537760416666666 0.0462744140625 0.043652343749999996
0 0.2533154296875 0.01615234375 0.035166015625 0.02720703125
0 0.7799560546875 0.18965494791666668 0.034130859375 0.03334635416666667
0 0.2114599609375 0.03668619791666667 0.0294140625 0.029036458333333334
1 0.0843603515625 0.1726171875 0.0278662109375 0.034641927083333336
0 0.271953125 0.056100260416666665 0.0299072265625 0.03102864583333333
0 0.1881689453125 0.06296875 0.029169921875 0.03278645833333333