0 0.8194458128078818 0.6599907407407407 0.2508374384236453 0.2137222222222222
0 0.15048029556650247 0.4670648148148148 0.17730295566502463 0.19037962962962965
0 0.6142487684729064 0.6579351851851852 0.18323275862068966 0.20922222222222223
0 0.47089901477832513 0.7250185185185185 0.23830049261083744 0.26745370370370375
0 0.38907635467980295 0.4774629629629629 0.1430295566502463 0.2096759259259259
0 0.8115886699507389 0.44801851851851854 0.1115948275862069 0.16672222222222222
0 0.9461453201970443 0.4380555555555556 0.10723522167487685 0.1757037037037037
0 0.6681834975369458 0.4526388888888889 0.1160652709359606 0.19008333333333333
0 0.26022167487684733 0.7005185185185184 0.20594827586206896 0.27590740740740743
0 0.5127832512315271 0.45202777777777775 0.10896551724137932 0.16700925925925927
0 0.08371921182266011 0.6910185185185185 0.15317118226600984 0.256462962962963
0 0.9480233990147783 0.63325 0.10395935960591134 0.1698425925925926
0 0.6384544334975369 0.34626851851851853 0.15063423645320198 0.08467592592592593
0 0.9179187192118227 0.20005555555555557 0.14382389162561576 0.11527777777777778
1 0.2719642857142857 0.5069444444444444 0.12725985221674876 0.12191666666666666