1 0.46222499999999994 0.6764075382803297 0.09458333333333334 0.31473498233215547
0 0.81255 0.3239693757361602 0.10351666666666666 0.2999175500588928
0 0.22661666666666666 0.32924617196702 0.09800833333333334 0.2903180212014134
0 0.46031666666666665 0.3245111896348645 0.09643333333333333 0.29776207302709073
0 0.23129166666666667 0.6350294464075382 0.10670833333333335 0.3157832744405183
0 0.5757916666666667 0.3330859835100118 0.09161666666666667 0.2969611307420495
0 0.6978333333333333 0.6707656065959953 0.09290833333333333 0.3020612485276796
0 0.8050499999999999 0.6649587750294463 0.10775000000000001 0.32696113074204947
0 0.9399166666666667 0.6551825677267373 0.111775 0.34383981154299176
1 0.6898583333333334 0.32267373380447584 0.10617499999999999 0.27530035335689046
0 0.927675 0.31955241460541817 0.10495 0.3200588928150766
0 0.5754083333333333 0.6530859835100118 0.11109166666666667 0.35533568904593643
1 0.34755 0.6675265017667845 0.10049999999999999 0.34241460541813895
1 0.3459333333333333 0.3389988221436985 0.11178333333333332 0.2667844522968198