0 0.58625 0.36900568181818183 0.13529119318181818 0.09872632575757576
0 0.4020241477272727 0.312405303030303 0.13843394886363636 0.0808001893939394
0 0.6093536931818182 0.7970028409090909 0.2769460227272727 0.22372632575757576
0 0.8376562500000001 0.4510795454545454 0.17612571022727275 0.12597064393939394
0 0.8897975852272727 0.3176941287878788 0.15791193181818183 0.12613636363636363
1 0.7783558238636363 0.9353077651515151 0.14069602272727272 0.1274005681818182
1 0.7701420454545453 0.215250946969697 0.044513494318181815 0.02583806818181818
1 0.796455965909091 0.16459280303030302 0.030007102272727272 0.01699810606060606
1 0.6551029829545455 0.21118844696969696 0.047674005681818184 0.028200757575757577
1 0.7493501420454546 0.16393939393939394 0.033515625 0.019763257575757576
1 0.711473721590909 0.21340435606060604 0.04643821022727273 0.027698863636363636
1 0.5039346590909091 0.3799337121212121 0.046914062500000006 0.03208806818181818
1 0.7741441761363635 0.12786458333333334 0.030806107954545456 0.016581439393939395
1 0.6686186079545454 0.42487689393939393 0.053288352272727275 0.0343655303030303
1 0.8316193181818182 0.21730113636363635 0.04240411931818182 0.025355113636363634
1 0.6859303977272727 0.3076941287878788 0.040294744318181815 0.022589962121212122
1 0.6018181818181818 0.2098721590909091 0.04971946022727272 0.030620265151515152
1 0.6278125 0.29504261363636364 0.037620738636363636 0.019971590909090908
1 0.6425071022727272 0.15715909090909091 0.036534090909090905 0.024266098484848484
1 0.04678622159090909 0.43795928030303033 0.05408735795454545 0.031141098484848483
1 0.6414133522727273 0.12181818181818181 0.03216619318181818 0.019209280303030304
1 0.4551775568181818 0.35583333333333333 0.045930397727272726 0.027892992424242424
1 0.801455965909091 0.34374526515151516 0.04268465909090909 0.02946496212121212
1 0.8937713068181818 0.16551136363636365 0.02917258522727273 0.015937499999999997
1 0.3228125 0.3235179924242424 0.034918323863636365 0.02267992424242424
1 0.8887286931818181 0.21386363636363637 0.040028409090909094 0.025956439393939393
1 0.7459019886363637 0.32328124999999996 0.04001775568181818 0.020355113636363636
1 0.6845916193181818 0.15383996212121212 0.03329190340909091 0.022959280303030304
1 0.7294744318181817 0.4645170454545454 0.06406605113636364 0.047499999999999994
1 0.29087002840909093 0.3049005681818182 0.032112926136363636 0.018394886363636363
1 0.5683558238636364 0.28003787878787884 0.04947088068181818 0.026472537878787877
1 0.7704083806818182 0.1233806818181818 0.030134943181818183 0.01914772727272727
1 0.814268465909091 0.12175662878787878 0.03209872159090909 0.019824810606060606
1 0.5988636363636364 0.12094696969696969 0.03518465909090909 0.022916666666666665
1 0.25831676136363635 0.2855965909090909 0.030134943181818183 0.01687973484848485
1 0.3894424715909091 0.11205965909090909 0.03314275568181818 0.04103693181818182
0 0.9782208806818182 0.5247774621212121 0.043561789772727275 0.15940814393939395