0 0.06755 0.7475749999999999 0.09540833333333333 0.1081625
0 0.3980916666666667 0.585825 0.10413333333333333 0.1074625
0 0.07558333333333334 0.5307 0.10574166666666666 0.10965
0 0.5658666666666666 0.4222125 0.08191666666666667 0.101625
0 0.6030083333333334 0.09632500000000001 0.08281666666666666 0.0709375
0 0.06728333333333333 0.6356375 0.11320833333333333 0.1181375
0 0.3933333333333333 0.4077 0.092425 0.09574999999999999
0 0.08675833333333333 0.2556875 0.09510833333333334 0.0854375
0 0.29050833333333337 0.8725 0.12230833333333334 0.1402
0 0.525275 0.11795 0.07503333333333334 0.0724125
0 0.9237583333333333 0.410475 0.109175 0.092575
0 0.2834 0.535075 0.09096666666666667 0.09403750000000001
0 0.289675 0.4249625 0.10450833333333333 0.09630000000000001
0 0.7622833333333333 0.16643750000000002 0.0666 0.0663
0 0.668625 0.4553125 0.09053333333333334 0.101775
0 0.094875 0.1880125 0.09284166666666667 0.0849
0 0.37255 0.23947500000000002 0.08899166666666668 0.086075
0 0.5597416666666667 0.331025 0.07795 0.08393750000000001
0 0.8707083333333333 0.2741 0.09494166666666667 0.07907499999999999
0 0.6515583333333334 0.36723750000000005 0.09583333333333334 0.0776
0 0.9477749999999999 0.5101749999999999 0.08295000000000001 0.08651249999999999
0 0.39674166666666666 0.33363750000000003 0.08845833333333333 0.0882
0 0.729125 0.7471625000000001 0.10840000000000001 0.1089625
0 0.5206916666666667 0.0521125 0.07734999999999999 0.06255
0 0.26643333333333336 0.12791249999999998 0.08645833333333333 0.0815375
0 0.7461666666666666 0.106 0.06135 0.059275
0 0.8658416666666666 0.5529125 0.08170833333333333 0.10772500000000002
0 0.6328833333333334 0.9241875 0.09511666666666667 0.115775
0 0.27704999999999996 0.27195 0.09648333333333334 0.0774875
0 0.2920666666666667 0.741425 0.11450833333333334 0.119125
0 0.2780333333333333 0.19821249999999999 0.08351666666666667 0.06525
0 0.9782083333333332 0.16838750000000002 0.039575 0.06971250000000001
0 0.108825 0.12161250000000001 0.08125833333333334 0.077475
0 0.41018333333333334 0.8031625 0.10669999999999999 0.1297
0 0.9488583333333335 0.8637250000000001 0.08094166666666666 0.1296375
0 0.737175 0.85205 0.11678333333333332 0.13895
0 0.2916916666666666 0.6162875 0.106825 0.1207
0 0.412075 0.696725 0.10253333333333334 0.1104
0 0.9241083333333334 0.733475 0.075325 0.1192125
0 0.7941083333333333 0.02915 0.06255000000000001 0.055175
0 0.9646416666666666 0.1107375 0.06299166666666667 0.0675375
1 0.08510833333333333 0.3625875 0.05285 0.061125
0 0.040516666666666666 0.8251625 0.08103333333333333 0.1479875
0 0.836725 0.191575 0.049958333333333334 0.05045
0 0.02255 0.2161 0.04334166666666667 0.111075
0 0.96455 0.6596125 0.06186666666666666 0.1457
1 0.2881 0.3606375 0.06266666666666666 0.059487500000000006
1 0.6226666666666667 0.6891750000000001 0.05850833333333333 0.055787500000000004
1 0.5478166666666666 0.2683125 0.04471666666666666 0.043062500000000004
0 0.02393333333333333 0.36615000000000003 0.04260833333333334 0.09297499999999999
1 0.4131166666666667 0.9339 0.05670833333333333 0.0598625
1 0.5396083333333334 0.20004999999999998 0.04616666666666667 0.052337499999999995
1 0.6833416666666666 0.5660375 0.046966666666666664 0.059887499999999996
0 0.01775833333333333 0.44337499999999996 0.03141666666666667 0.08497500000000001
1 0.9158499999999999 0.02015 0.042541666666666665 0.0403
1 0.84985 0.4645625 0.05084166666666667 0.0495
1 0.8190999999999999 0.3910125 0.043083333333333335 0.0461
0 0.017108333333333333 0.527025 0.031341666666666664 0.0957375
0 0.7487583333333333 0.9423999999999999 0.10029166666666667 0.1152
0 0.5848249999999999 0.0127125 0.051300000000000005 0.025437500000000002
1 0.38514166666666666 0.5046 0.06695000000000001 0.0589875
1 0.7816083333333332 0.2474125 0.044025 0.0490625
1 0.35580833333333334 0.9824875 0.06984166666666666 0.034025
1 0.937075 0.0707875 0.035124999999999997 0.0376875
1 0.8010916666666666 0.3193625 0.04578333333333333 0.042612500000000005
1 0.8899833333333333 0.6572 0.05248333333333333 0.0667625
1 0.689875 0.6429874999999999 0.043166666666666666 0.046075
1 0.5817833333333333 0.5067 0.05947500000000001 0.070575
1 0.07985833333333334 0.4534375 0.05193333333333333 0.05506249999999999
1 0.5976833333333333 0.5955125 0.05385833333333333 0.0514625
1 0.35949166666666665 0.115575 0.03389166666666667 0.0328125
0 0.2905666666666667 0.5676875 0.10386666666666666 0.1382875
1 0.6119916666666666 0.171725 0.038200000000000005 0.0449
1 0.8678083333333333 0.33770000000000006 0.031566666666666666 0.0340875
0 0.7200833333333333 0.0098125 0.0682 0.019637500000000002
0 0.9882083333333332 0.228675 0.019791666666666666 0.07126249999999999
1 0.616125 0.2322 0.033625 0.0404125
1 0.6379666666666666 0.802775 0.05925833333333333 0.0888875
1 0.8138916666666667 0.1458375 0.037033333333333335 0.0388875
1 0.8115749999999999 0.0993 0.03240833333333333 0.054162499999999995
1 0.7300916666666667 0.059725 0.050925 0.055549999999999995
1 0.6319416666666667 0.3048625 0.034258333333333335 0.0625
1 0.3611083333333333 0.17708749999999998 0.04074166666666667 0.0458375