0 0.10306 0.47041333333333335 0.09026999999999999 0.08870666666666667
0 0.36484 0.24324 0.09256 0.051186666666666665
0 0.05263 0.4035333333333333 0.08412 0.06792
0 0.21375 0.3456933333333333 0.10818000000000001 0.05793333333333334
1 0.5441900000000001 0.6469866666666667 0.06853000000000001 0.04616
0 0.01991 0.04846666666666667 0.03678 0.03224
0 0.7353099999999999 0.19505333333333333 0.07740999999999999 0.046360000000000005
1 0.45393 0.9110133333333333 0.08763 0.07842666666666667
0 0.77499 0.75932 0.11313 0.11026666666666667
1 0.30969 0.7399333333333334 0.06774 0.055773333333333334
1 0.84889 0.9111066666666667 0.10889 0.10370666666666667
1 0.21056 0.6333333333333333 0.07443999999999999 0.06962666666666667
1 0.14556 0.5481466666666667 0.06 0.056293333333333334
1 0.59111 0.7022266666666667 0.07110999999999999 0.062226666666666666
1 0.50222 0.5903733333333333 0.07110999999999999 0.05481333333333333
1 0.475 0.5325866666666667 0.054439999999999995 0.051853333333333335
1 0.40277999999999997 0.5088933333333333 0.05889 0.04889333333333334
1 0.35778 0.4792533333333333 0.053329999999999995 0.04
1 0.26333 0.38 0.053329999999999995 0.037040000000000003
1 0.64222 0.43333333333333335 0.06889 0.04
1 0.61778 0.39481333333333335 0.06 0.045919999999999996
1 0.57833 0.3637066666666666 0.05 0.045919999999999996
1 0.5327799999999999 0.35556000000000004 0.04333 0.03556
1 0.48889 0.3296266666666667 0.04444 0.031106666666666664
1 0.46388999999999997 0.3074133333333333 0.052219999999999996 0.03408
1 0.43222000000000005 0.29481333333333337 0.04 0.02666666666666667
1 0.60722 0.27704 0.03667 0.03556
1 0.61556 0.17629333333333333 0.04222 0.023706666666666668
1 0.58556 0.16591999999999998 0.03111 0.02666666666666667
1 0.55833 0.14741333333333334 0.02556 0.028146666666666667
1 0.50889 0.12370666666666667 0.02222 0.016293333333333333
1 0.47444 0.11629333333333333 0.02444 0.02222666666666667
0 0.20444 0.14889333333333332 0.06889 0.04296
1 0.22388999999999998 0.17333333333333334 0.054439999999999995 0.03556
1 0.25278 0.18962666666666667 0.052219999999999996 0.03258666666666667
1 0.28556 0.20889333333333332 0.06667000000000001 0.02666666666666667
1 0.16111 0.13185333333333332 0.055560000000000005 0.02666666666666667
1 0.12667 0.11777333333333333 0.04667 0.025186666666666666
1 0.09278 0.09481333333333333 0.05 0.020746666666666667
1 0.05611 0.08222666666666667 0.04778 0.028146666666666667
0 0.10944 0.049626666666666666 0.054439999999999995 0.028146666666666667
0 0.34944 0.06444 0.05889 0.03408