0 0.43736 0.86956 0.16536 0.17649333333333334
0 0.3257 0.7319733333333334 0.12059 0.11898666666666666
0 0.14107 0.28561333333333333 0.09339 0.05996
0 0.62176 0.3733066666666667 0.09345 0.06774666666666666
0 0.49155 0.30845333333333336 0.08644 0.05468
0 0.60634 0.26542666666666664 0.07409 0.053906666666666665
0 0.09927 0.25832 0.08372 0.05485333333333334
0 0.38809 0.25708000000000003 0.08012000000000001 0.05470666666666667
0 0.10099 0.4681466666666667 0.09290999999999999 0.0824
0 0.73152 0.19725333333333334 0.062119999999999995 0.041786666666666666
0 0.57729 0.34536 0.08229 0.059333333333333335
0 0.44975 0.28786666666666666 0.07615999999999999 0.04430666666666666
0 0.30263999999999996 0.19848000000000002 0.06925 0.044333333333333336
0 0.0476 0.40076 0.08579 0.06548
0 0.32844 0.45652 0.10422 0.08363999999999999
0 0.18130000000000002 0.33681333333333335 0.11888 0.06722666666666667
0 0.1702 0.5448933333333333 0.09999 0.08972000000000001
1 0.66983 0.4159066666666667 0.06665 0.04348
0 0.056119999999999996 0.2248 0.08637 0.04865333333333333
1 0.5288999999999999 0.34101333333333333 0.04258 0.034506666666666665
0 0.24880000000000002 0.17170666666666667 0.06824 0.03772
0 0.04624 0.06856 0.05837 0.03204
0 0.14822 0.12224000000000002 0.06294 0.03722666666666667
0 0.03345 0.05598666666666667 0.061369999999999994 0.03426666666666667
0 0.25851999999999997 0.39403999999999995 0.09317 0.06590666666666667
1 0.22388999999999998 0.6333333333333333 0.07667 0.05481333333333333
1 0.58611 0.7059200000000001 0.07889 0.06962666666666667
1 0.53 0.6518533333333333 0.06667000000000001 0.056293333333333334
1 0.5016700000000001 0.5948133333333333 0.06556000000000001 0.06962666666666667
1 0.38889 0.4918533333333333 0.06 0.05037333333333333
0 0.42556 0.5392533333333334 0.12888999999999998 0.09481333333333333
1 0.25833 0.18814666666666668 0.04333 0.02666666666666667
1 0.56167 0.24592 0.04778 0.041479999999999996
1 0.52111 0.22518666666666665 0.03556 0.03258666666666667
1 0.48722000000000004 0.20962666666666666 0.03222 0.031106666666666664
1 0.44944 0.19555999999999998 0.03222 0.029626666666666666
1 0.41944 0.16962666666666668 0.04111 0.04296
1 0.37611 0.15925333333333333 0.04111 0.045919999999999996
1 0.33332999999999996 0.14592 0.03556 0.03408
1 0.87333 0.8837066666666666 0.10443999999999999 0.09333333333333334
0 0.74111 0.7740799999999999 0.16666999999999998 0.15852
0 0.6677799999999999 0.7207466666666666 0.15556 0.14370666666666668