0 0.10269 0.47076 0.08784 0.09106666666666666
0 0.61981 0.37564000000000003 0.08807999999999999 0.06789333333333333
0 0.14094 0.28556 0.09265000000000001 0.0558
0 0.36717 0.24159999999999998 0.09406 0.050186666666666664
0 0.10529999999999999 0.25853333333333334 0.078 0.05241333333333334
0 0.12679 0.10945333333333333 0.06803000000000001 0.036866666666666666
0 0.60624 0.2668 0.08086 0.052346666666666666
0 0.052719999999999996 0.4032933333333334 0.08231999999999999 0.06773333333333333
1 0.45661 0.9118 0.09196 0.08278666666666668
0 0.05601 0.22416 0.08986 0.05312000000000001
0 0.03275 0.05426666666666667 0.05779 0.03282666666666667
0 0.7321799999999999 0.19674666666666668 0.07078 0.043879999999999995
1 0.15317 0.13252 0.037829999999999996 0.0188
1 0.67248 0.4096266666666667 0.06415000000000001 0.04254666666666667
1 0.31061 0.7416666666666667 0.06772 0.05710666666666667
1 0.17331 0.31068 0.05845 0.02930666666666667
1 0.21278 0.6303733333333333 0.08333 0.05777333333333333
1 0.14722 0.5481466666666667 0.06556000000000001 0.05925333333333333
1 0.84778 0.9007466666666666 0.12 0.10370666666666667
1 0.59778 0.68 0.07556 0.06518666666666667
1 0.52444 0.6474133333333333 0.08444 0.07704
1 0.5 0.5874133333333333 0.08444 0.05777333333333333
1 0.46611 0.5296266666666667 0.05889 0.05481333333333333
1 0.385 0.5162933333333334 0.07 0.04889333333333334
1 0.36222000000000004 0.47258666666666665 0.05778 0.03556
1 0.33556 0.43556 0.04889 0.03852
1 0.56111 0.37629333333333337 0.04667 0.041479999999999996
1 0.53444 0.34148 0.053329999999999995 0.04
1 0.485 0.32741333333333333 0.04556 0.03556
1 0.45556 0.29629333333333335 0.04667 0.03258666666666667
1 0.41667000000000004 0.27925333333333335 0.04889 0.031106666666666664
0 0.20222 0.14443999999999999 0.06667000000000001 0.051853333333333335
0 0.65944 0.7111066666666668 0.16778 0.16889333333333334
0 0.73778 0.7777733333333334 0.19111 0.13925333333333334
0 0.20611000000000002 0.34518666666666664 0.11444 0.06814666666666666
0 0.34944 0.06591999999999999 0.06556000000000001 0.04
1 0.59833 0.16148 0.05 0.020746666666666667
1 0.56444 0.14889333333333332 0.04889 0.028146666666666667
1 0.52722 0.13556 0.03889 0.025186666666666666
1 0.48889 0.12148 0.04222 0.02666666666666667
1 0.45056 0.11258666666666667 0.03667 0.02666666666666667
1 0.30111 0.21925333333333333 0.04667 0.03258666666666667
1 0.26333 0.19110666666666667 0.03778 0.029626666666666666
1 0.08 0.08962666666666666 0.04 0.02222666666666667
1 0.054439999999999995 0.07333333333333333 0.04444 0.02222666666666667