0 0.73139 0.19696 0.06662 0.044546666666666665
0 0.05084 0.40440000000000004 0.08878 0.07189333333333334
0 0.20544 0.14713333333333334 0.07268000000000001 0.044533333333333334
0 0.20419 0.02384 0.03596 0.02458666666666667
0 0.20961000000000002 0.34689333333333333 0.1168 0.06489333333333333
1 0.45432 0.9114 0.08878 0.08146666666666667
1 0.311 0.73928 0.06972 0.05626666666666667
1 0.21888999999999997 0.63408 0.08667 0.10370666666666667
1 0.14889 0.5481466666666667 0.06667000000000001 0.08295999999999999
1 0.09389 0.4792533333333333 0.07 0.07258666666666666
1 0.8394400000000001 0.9051866666666667 0.10111 0.13925333333333334
1 0.59556 0.7103733333333333 0.06667000000000001 0.10814666666666667
1 0.52389 0.65704 0.06778 0.07556
1 0.48389 0.5962933333333333 0.056670000000000005 0.06666666666666667
1 0.39667 0.5133333333333333 0.06 0.05481333333333333
1 0.34778 0.47556000000000004 0.04667 0.06814666666666666
1 0.65222 0.4318533333333333 0.053329999999999995 0.04889333333333334
1 0.61333 0.39703999999999995 0.04667 0.047413333333333335
1 0.5794400000000001 0.3674133333333333 0.04556 0.047413333333333335
1 0.59556 0.16296 0.026670000000000003 0.02666666666666667
1 0.62111 0.17481333333333335 0.03778 0.020746666666666667
1 0.55944 0.34592 0.04556 0.03408
1 0.5205599999999999 0.32370666666666664 0.04333 0.037040000000000003
1 0.48111000000000004 0.30518666666666666 0.04444 0.03258666666666667
1 0.44833 0.28889333333333334 0.04111 0.029626666666666666
1 0.41611000000000004 0.27110666666666666 0.05 0.03556
1 0.37889 0.26 0.04889 0.031106666666666664
0 0.755 0.7903733333333333 0.15888999999999998 0.17037333333333332
0 0.67 0.7185199999999999 0.16888999999999998 0.18074666666666667
1 0.06333 0.25704 0.03333 0.031106666666666664
0 0.11222 0.04444 0.053329999999999995 0.041479999999999996
1 0.56889 0.15185333333333334 0.026670000000000003 0.02222666666666667
1 0.52667 0.13556 0.03333 0.02222666666666667
1 0.43944 0.10518666666666666 0.03667 0.02666666666666667
1 0.47944 0.5296266666666667 0.06556000000000001 0.06370666666666666