0 0.10365 0.47064 0.08873 0.08956
0 0.20597 0.14887999999999998 0.07504999999999999 0.038586666666666665
0 0.05125 0.40456000000000003 0.08925 0.06894666666666667
0 0.73073 0.19601333333333332 0.07078 0.044386666666666665
0 0.02164 0.04854666666666666 0.0389 0.03254666666666667
0 0.21334999999999998 0.3478266666666667 0.11022 0.06370666666666666
0 0.20532 0.025173333333333332 0.03496 0.02393333333333333
1 0.5433300000000001 0.6469333333333334 0.07499 0.04905333333333333
1 0.45027 0.9089200000000001 0.08898 0.08021333333333333
0 0.11388 0.04444 0.046299999999999994 0.028493333333333336
1 0.31099 0.7419333333333334 0.06955 0.058173333333333334
0 0.77363 0.7595333333333333 0.1155 0.10889333333333334
1 0.92376 0.49405333333333334 0.06633 0.07512
1 0.21389 0.6370399999999999 0.08333 0.07408000000000001
1 0.15444 0.5503733333333333 0.07110999999999999 0.05481333333333333
1 0.8366699999999999 0.9148133333333334 0.11778 0.13185333333333332
1 0.65722 0.43110666666666664 0.06333 0.05333333333333334
1 0.61556 0.40148 0.04667 0.05333333333333334
1 0.5744400000000001 0.3674133333333333 0.04444 0.03852
1 0.53667 0.35258666666666666 0.04444 0.03556
1 0.49944 0.33408 0.03889 0.028146666666666667
1 0.46944 0.31556 0.03889 0.03556
1 0.6088899999999999 0.28592 0.02444 0.020746666666666667
1 0.58333 0.27408 0.02222 0.029626666666666666
1 0.56111 0.25925333333333334 0.02222 0.023706666666666668
1 0.54167 0.24370666666666665 0.01667 0.019253333333333334
1 0.5205599999999999 0.23110666666666668 0.023329999999999997 0.023706666666666668
1 0.63444 0.17037333333333332 0.02889 0.020746666666666667
1 0.5944400000000001 0.16148 0.02222 0.02666666666666667
1 0.56556 0.15185333333333334 0.02889 0.028146666666666667
1 0.52444 0.13629333333333332 0.02222 0.020746666666666667
1 0.49389 0.58592 0.06333 0.06962666666666667
1 0.59611 0.7007466666666666 0.07889 0.08592
1 0.46444 0.5325866666666667 0.04667 0.04
1 0.40167 0.5081466666666666 0.06111 0.08
1 0.33722 0.47556000000000004 0.04778 0.047413333333333335
0 0.6705599999999999 0.72148 0.14111 0.16591999999999998