0 0.38189999999999996 0.26868 0.08384 0.10312
0 0.5810299999999999 0.5787733333333334 0.11679 0.21514666666666668
0 0.79607 0.9236666666666666 0.30842 0.15266666666666667
0 0.70985 0.16904 0.07725 0.08804000000000001
0 0.30565 0.26710666666666666 0.07893 0.09614666666666667
0 0.9281200000000001 0.28248 0.1177 0.10942666666666666
0 0.5582699999999999 0.2689066666666667 0.07232999999999999 0.08989333333333334
0 0.37106 0.9175333333333333 0.28082 0.16493333333333335
0 0.13248 0.18189333333333332 0.08122 0.08614666666666666
0 0.20851 0.18304 0.07669 0.08252
0 0.7217100000000001 0.5718533333333333 0.14323 0.20933333333333334
0 0.07421 0.5707866666666667 0.13935 0.23670666666666668
0 0.22087 0.2782133333333333 0.08721 0.09373333333333334
0 0.64201 0.2760933333333333 0.08192 0.09036
0 0.8287899999999999 0.2732266666666667 0.09731000000000001 0.09484
0 0.7836900000000001 0.18218666666666664 0.0793 0.07053333333333334
0 0.72653 0.2707466666666667 0.08781 0.09474666666666667
0 0.04911 0.27771999999999997 0.08478 0.09434666666666668
0 0.49763 0.17078666666666667 0.06631000000000001 0.09144
0 0.47086 0.27282666666666666 0.07873999999999999 0.09487999999999999
0 0.13063 0.27412000000000003 0.09772 0.09098666666666666
0 0.92953 0.16909333333333332 0.08073000000000001 0.0826
0 0.06164 0.18225333333333332 0.07848000000000001 0.08125333333333333
0 0.72974 0.06685333333333333 0.05906 0.059866666666666665
0 0.045149999999999996 0.9080133333333333 0.08324 0.16386666666666666
0 0.27215 0.1818533333333333 0.06938 0.08001333333333333
0 0.56764 0.17581333333333335 0.06846 0.08628
0 0.41511000000000003 0.17682666666666666 0.07148 0.08417333333333334
0 0.4427 0.07384 0.05577 0.05486666666666667
0 0.024399999999999998 0.08136 0.04879 0.05569333333333334
0 0.55626 0.07281333333333333 0.05503 0.05836
0 0.06723 0.07778666666666667 0.0541 0.05297333333333333
0 0.637 0.17462666666666665 0.06712 0.0788
0 0.28402 0.07189333333333334 0.05396 0.057666666666666665
0 0.67016 0.06697333333333333 0.05586 0.056639999999999996
0 0.39297000000000004 0.07662666666666666 0.05129 0.060373333333333334
0 0.33901 0.07066666666666667 0.053020000000000005 0.05977333333333333
0 0.86402 0.1750533333333333 0.07554000000000001 0.08528
0 0.7864099999999999 0.06753333333333333 0.056799999999999996 0.05958666666666666
0 0.2297 0.07339999999999999 0.05697 0.060346666666666667
0 0.9770399999999999 0.16684 0.04591 0.07674666666666667
0 0.34924 0.16786666666666666 0.06221 0.08654666666666666
0 0.6077 0.06861333333333333 0.05368 0.057120000000000004
0 0.016399999999999998 0.18521333333333334 0.02876 0.07708000000000001
0 0.12188 0.07532 0.05564 0.05126666666666667
0 0.983 0.27710666666666667 0.03326 0.09381333333333333
0 0.4997 0.07494666666666666 0.04949 0.05096
0 0.96227 0.58204 0.07007 0.18136000000000002
0 0.17881 0.07690666666666666 0.05862 0.052719999999999996
0 0.89806 0.07670666666666667 0.06683 0.04632
0 0.8460700000000001 0.5455733333333334 0.13216 0.13688
0 0.83611 0.06444 0.04778 0.06962666666666667