0 0.38319 0.26592 0.08195000000000001 0.09478666666666667
0 0.29842 0.26953333333333335 0.08679 0.09270666666666667
0 0.71012 0.16835999999999998 0.07865000000000001 0.09212000000000001
0 0.58014 0.5823466666666667 0.11361 0.20340000000000003
0 0.93243 0.27884 0.10326 0.09569333333333332
0 0.13137000000000001 0.18349333333333334 0.08411 0.08834666666666667
0 0.3459 0.18237333333333333 0.07035 0.08786666666666668
0 0.17974 0.5968666666666667 0.1365 0.18878666666666666
0 0.20793999999999999 0.18375999999999998 0.0809 0.08246666666666667
0 0.21709 0.26892 0.08588 0.08769333333333333
0 0.8298300000000001 0.27065333333333336 0.09223 0.08948
0 0.64032 0.16917333333333331 0.07404000000000001 0.08754666666666666
0 0.7211900000000001 0.5733066666666667 0.13506 0.20036
0 0.72629 0.26955999999999997 0.08732 0.09006666666666666
0 0.87056 0.93296 0.25889 0.13408
0 0.55911 0.26754666666666665 0.0697 0.08564000000000001
0 0.47906 0.26737333333333335 0.06613 0.08265333333333334
0 0.9288 0.16676 0.08448 0.08621333333333332
0 0.64212 0.26928 0.07973000000000001 0.08885333333333334
0 0.06228 0.59672 0.12048 0.22630666666666666
0 0.78034 0.17406666666666668 0.08031 0.09257333333333334
0 0.27353 0.18224 0.07423 0.08321333333333333
0 0.56576 0.17713333333333334 0.06743 0.08732
0 0.06185 0.18237333333333333 0.07622 0.08118666666666667
0 0.12975 0.27232 0.09911 0.08979999999999999
0 0.49401999999999996 0.1784 0.0697 0.08310666666666666
0 0.41606 0.17870666666666668 0.0735 0.08454666666666666
0 0.04808 0.27882666666666667 0.08383 0.09464
0 0.04324 0.9072399999999999 0.07941 0.17169333333333334
0 0.06991 0.07856 0.07047 0.05853333333333333
0 0.72975 0.06698666666666667 0.05197 0.05828
0 0.5528500000000001 0.07292 0.04809 0.05656
0 0.44175 0.07492 0.054920000000000004 0.051133333333333336
0 0.01607 0.18629333333333334 0.02773 0.07689333333333334
0 0.6697000000000001 0.07052 0.05002 0.052360000000000004
0 0.8559 0.17677333333333334 0.07132 0.07922666666666667
0 0.9783099999999999 0.16672 0.04337 0.07587999999999999
0 0.17993 0.07234666666666667 0.051590000000000004 0.051320000000000005
0 0.02413 0.07989333333333333 0.045270000000000005 0.05473333333333333
0 0.9634199999999999 0.5726133333333333 0.06631000000000001 0.16509333333333331
0 0.86224 0.5494399999999999 0.13394 0.15662666666666666
0 0.6074299999999999 0.07165333333333333 0.04653 0.05428
0 0.78099 0.05976 0.05082 0.0502
0 0.22716999999999998 0.07858666666666667 0.06739 0.05998666666666667
0 0.12654 0.21217333333333332 0.08156000000000001 0.09661333333333333
0 0.27952999999999995 0.21953333333333333 0.07498 0.10149333333333334
1 0.12779000000000001 0.08018666666666667 0.046619999999999995 0.04326666666666667
0 0.98456 0.26681333333333335 0.029679999999999998 0.081
0 0.022670000000000003 0.34343999999999997 0.03854 0.047760000000000004
1 0.5017900000000001 0.08812 0.05342 0.048159999999999994
0 0.17765 0.2716266666666667 0.17338 0.08363999999999999
1 0.39667 0.9325866666666668 0.26888999999999996 0.11704
1 0.28833 0.07852 0.054439999999999995 0.05333333333333334
1 0.83611 0.07185333333333334 0.08556 0.07852