0 0.38125 0.26929333333333333 0.08532 0.10282666666666668
0 0.582 0.5800933333333333 0.11425 0.21116000000000001
0 0.18387 0.59676 0.15174 0.19462666666666667
0 0.92898 0.28282666666666667 0.11642 0.10165333333333333
0 0.79318 0.92512 0.30439 0.14976
0 0.55848 0.26940000000000003 0.07544 0.08930666666666667
0 0.7195 0.56912 0.13608 0.20604
0 0.13219 0.18221333333333334 0.08102 0.08601333333333334
0 0.06751 0.56672 0.13501 0.23992
0 0.70959 0.16935999999999998 0.07845999999999999 0.08775999999999999
0 0.20946 0.18367999999999998 0.07687000000000001 0.0806
0 0.29657 0.27832 0.09065999999999999 0.09252
0 0.21788999999999997 0.27786666666666665 0.07915000000000001 0.09079999999999999
0 0.37351999999999996 0.91832 0.27042 0.16182666666666667
0 0.49785 0.16733333333333333 0.07201 0.09058666666666666
0 0.64227 0.27373333333333333 0.08356999999999999 0.09257333333333334
0 0.7278600000000001 0.27077333333333337 0.09008 0.09397333333333334
0 0.8287599999999999 0.27416 0.0978 0.09372000000000001
0 0.47101 0.2725066666666667 0.07968 0.09516000000000001
0 0.78332 0.18194666666666667 0.0818 0.07122666666666667
0 0.048479999999999995 0.27771999999999997 0.08326 0.09290666666666668
0 0.13091 0.27373333333333333 0.09761 0.09062666666666666
0 0.41827 0.17751999999999998 0.07119 0.08694666666666666
0 0.44181 0.07417333333333334 0.05775 0.05656
0 0.06107 0.18329333333333334 0.08048999999999999 0.08156000000000001
0 0.92945 0.16778666666666667 0.07948000000000001 0.08222666666666667
0 0.5668300000000001 0.17859999999999998 0.06805 0.08094666666666667
0 0.67001 0.06765333333333333 0.05857 0.05690666666666667
0 0.04561 0.9073066666666667 0.08356999999999999 0.16429333333333332
0 0.27519 0.18312 0.07122 0.08050666666666667
0 0.55704 0.07337333333333333 0.057159999999999996 0.05784
0 0.7296 0.06632 0.0598 0.058986666666666666
0 0.63824 0.17608000000000001 0.06755 0.08465333333333333
0 0.02414 0.08181333333333334 0.04827 0.05333333333333334
0 0.28448 0.07230666666666666 0.05407 0.05496
0 0.07045 0.07990666666666667 0.05595 0.052586666666666664
0 0.23106000000000002 0.07622666666666666 0.05729 0.059213333333333326
0 0.86483 0.17662666666666665 0.07012 0.07761333333333334
0 0.97723 0.16790666666666668 0.04554 0.07654666666666667
0 0.01581 0.1850133333333333 0.02773 0.07681333333333333
0 0.49988 0.07314666666666667 0.049530000000000005 0.04865333333333333
0 0.33966 0.06941333333333334 0.05278 0.05944
0 0.12161 0.07470666666666667 0.05527 0.05005333333333333
0 0.96268 0.5703466666666667 0.06831999999999999 0.15724000000000002
0 0.9839600000000001 0.27771999999999997 0.03207 0.09496
0 0.60777 0.06906666666666667 0.0538 0.056600000000000004
0 0.7880900000000001 0.06763999999999999 0.05884 0.057786666666666674
0 0.17909 0.07522666666666666 0.0546 0.052840000000000005
0 0.84769 0.5454533333333333 0.13316 0.14270666666666668
0 0.39138 0.07025333333333333 0.047049999999999995 0.05701333333333333
0 0.34493 0.17628000000000002 0.061259999999999995 0.07729333333333333
0 0.89926 0.07804 0.06192 0.03764