0 0.1822 0.59604 0.14321 0.18785333333333332
0 0.5804400000000001 0.5784533333333333 0.1159 0.20772
0 0.79674 0.9232 0.30451 0.15360000000000001
0 0.5704 0.4059066666666667 0.18084999999999998 0.12568000000000001
0 0.72105 0.5754933333333333 0.15002000000000001 0.20659999999999998
0 0.06074 0.27945333333333333 0.10651000000000001 0.08798666666666666
0 0.06739 0.57348 0.12133 0.23518666666666665
1 0.15118 0.29250666666666664 0.05969 0.03986666666666666
0 0.96417 0.59056 0.067 0.18642666666666666
0 0.86785 0.6696933333333334 0.1179 0.08022666666666667
0 0.013810000000000001 0.26709333333333335 0.02197 0.07921333333333333
0 0.84761 0.5503733333333333 0.13755 0.13948
0 0.22833 0.07333333333333333 0.06333 0.06962666666666667
1 0.22722 0.30591999999999997 0.07667 0.07852
1 0.31333 0.29777333333333333 0.08222 0.07408000000000001
1 0.38944 0.29258666666666666 0.09 0.09333333333333334
1 0.47389 0.28962666666666664 0.09667 0.07556
1 0.55722 0.28814666666666666 0.09444 0.06666666666666667
1 0.64 0.29556 0.1 0.08444
1 0.7266699999999999 0.29704 0.10222 0.09629333333333333
1 0.81 0.29629333333333335 0.10889 0.10370666666666667
1 0.89722 0.3 0.11222 0.09925333333333333
1 0.7016699999999999 0.20889333333333332 0.08778 0.062226666666666666
1 0.76889 0.20074666666666666 0.08444 0.04
1 0.84333 0.19629333333333332 0.08889 0.051853333333333335
1 0.48611 0.19629333333333332 0.08333 0.06370666666666666
1 0.41556 0.20370666666666667 0.07778 0.04296
1 0.20444 0.20666666666666667 0.08222 0.037040000000000003
1 0.44389 0.09333333333333334 0.06333 0.05037333333333333
1 0.495 0.08962666666666666 0.06556000000000001 0.05481333333333333
1 0.5505599999999999 0.08814666666666666 0.06111 0.051853333333333335
1 0.66167 0.08814666666666666 0.06556000000000001 0.04
1 0.7194400000000001 0.08741333333333334 0.07 0.04444
1 0.9422200000000001 0.08222666666666667 0.07778 0.04