0 0.38214 0.26926666666666665 0.08439 0.10345333333333334
0 0.92935 0.28173333333333334 0.11614000000000001 0.10689333333333334
0 0.87006 0.9331066666666668 0.25987 0.1338
0 0.17809 0.5946 0.14058 0.189
0 0.70976 0.16876 0.07956999999999999 0.09001333333333333
0 0.5579 0.26894666666666667 0.07462 0.09012
0 0.58054 0.5823066666666666 0.11448 0.21682666666666667
0 0.13187000000000001 0.18244000000000002 0.08227 0.09005333333333335
0 0.49186 0.18126666666666666 0.07077 0.08132
0 0.21993000000000001 0.2706266666666667 0.08308 0.08775999999999999
0 0.47723000000000004 0.27092 0.07912999999999999 0.09568
0 0.8281499999999999 0.27182666666666666 0.09415000000000001 0.09744
0 0.12444 0.28276 0.10073 0.09276
0 0.34522 0.18170666666666666 0.06925 0.08665333333333333
0 0.6425599999999999 0.27208 0.08231999999999999 0.09454666666666667
0 0.7204299999999999 0.5724 0.14324 0.21274666666666667
0 0.20763 0.18305333333333332 0.07831 0.07813333333333333
0 0.29934 0.27192 0.08349 0.08914666666666667
0 0.72766 0.27058666666666664 0.08859 0.09587999999999999
0 0.060700000000000004 0.17687999999999998 0.08585 0.08525333333333333
0 0.06092 0.5994533333333333 0.1168 0.22436
0 0.77962 0.17379999999999998 0.08427 0.08898666666666666
0 0.5671499999999999 0.17977333333333334 0.07072 0.08138666666666666
0 0.72966 0.06654666666666666 0.056350000000000004 0.059866666666666665
0 0.05084 0.2766266666666667 0.08710999999999999 0.09329333333333333
0 0.41529000000000005 0.17713333333333334 0.07248 0.08432
0 0.92651 0.17306666666666667 0.08678 0.08617333333333332
0 0.63889 0.17002666666666666 0.06758 0.08272
0 0.27376 0.18157333333333334 0.07098 0.08278666666666668
0 0.55623 0.07264 0.05613 0.05646666666666667
0 0.44335 0.07157333333333334 0.05224 0.05376
0 0.07271 0.07754666666666667 0.06583 0.05518666666666667
0 0.04635 0.9085599999999999 0.08372 0.16805333333333333
0 0.7853600000000001 0.06754666666666666 0.057390000000000004 0.059666666666666666
0 0.6700499999999999 0.06897333333333333 0.054490000000000004 0.05678666666666667
0 0.49501999999999996 0.06982666666666666 0.05097 0.052719999999999996
0 0.60987 0.06925333333333333 0.05133 0.05605333333333333
0 0.0256 0.07997333333333333 0.05034 0.05116
0 0.23094 0.07389333333333334 0.06302 0.059866666666666665
0 0.97946 0.16622666666666666 0.03965 0.07990666666666667
0 0.17928 0.07309333333333333 0.055 0.05281333333333333
0 0.9000499999999999 0.07718666666666667 0.06517 0.045373333333333335
0 0.85852 0.16835999999999998 0.0725 0.08238666666666666
0 0.96262 0.5831333333333334 0.06272 0.20201333333333332
0 0.33547000000000005 0.07198666666666667 0.060770000000000005 0.058679999999999996
0 0.01601 0.18265333333333333 0.02785 0.07294666666666667
0 0.84078 0.0752 0.06012 0.06061333333333333
0 0.39264 0.07109333333333333 0.0466 0.05308
0 0.98421 0.27656 0.030350000000000002 0.08902666666666666
1 0.13416999999999998 0.08377333333333332 0.04924 0.038413333333333334
0 0.8672300000000001 0.59344 0.16991 0.25936000000000003
0 0.38639 0.9207333333333333 0.32249 0.15852