0 0.38114 0.26855999999999997 0.08576 0.10042666666666666
0 0.1824 0.5966533333333334 0.14806 0.19482666666666668
0 0.55863 0.2690666666666667 0.07745999999999999 0.08813333333333333
0 0.79146 0.9234533333333333 0.30302999999999997 0.15309333333333333
0 0.58004 0.5801466666666667 0.11611 0.21242666666666665
0 0.06714 0.5667466666666666 0.13428 0.23977333333333334
0 0.13108 0.18236000000000002 0.08148000000000001 0.08697333333333333
0 0.9280900000000001 0.2809733333333333 0.11663 0.101
0 0.20834 0.18274666666666667 0.07859999999999999 0.08424
0 0.643 0.27158666666666664 0.08164 0.09327999999999999
0 0.71901 0.5698666666666666 0.13728 0.20564
0 0.709 0.16938666666666669 0.07873999999999999 0.08732
0 0.29641 0.27386666666666665 0.08718000000000001 0.08704
0 0.21694999999999998 0.2776666666666667 0.07948999999999999 0.08930666666666667
0 0.72668 0.271 0.08937 0.09096
0 0.47018 0.27218666666666663 0.08098999999999999 0.09364
0 0.8289 0.2740533333333333 0.09706000000000001 0.09098666666666666
0 0.06252 0.18118666666666663 0.08105 0.08472
0 0.64144 0.16868 0.07261 0.08952
0 0.7842 0.18086666666666668 0.07744 0.07
0 0.04874 0.27842666666666666 0.08422 0.09465333333333333
0 0.27233999999999997 0.18255999999999997 0.07046 0.08172
0 0.37074 0.9189066666666666 0.27151 0.16217333333333334
0 0.13077 0.27396 0.09541 0.08945333333333334
0 0.49754000000000004 0.16714666666666667 0.06872 0.09061333333333332
0 0.92832 0.16637333333333335 0.07515000000000001 0.08385333333333334
0 0.67 0.06805333333333333 0.05929 0.055613333333333334
0 0.7302000000000001 0.06582666666666666 0.058 0.05650666666666667
0 0.04405 0.9065333333333333 0.07987999999999999 0.16614666666666666
0 0.5649299999999999 0.17987999999999998 0.0638 0.08457333333333333
0 0.02401 0.08381333333333334 0.04777 0.05106666666666666
0 0.55708 0.07213333333333334 0.059090000000000004 0.05901333333333333
0 0.28276 0.07145333333333334 0.055 0.055773333333333334
0 0.06961 0.07913333333333333 0.05432 0.05137333333333333
0 0.41719 0.16965333333333332 0.06704 0.09990666666666667
0 0.86364 0.17444 0.06708 0.07687999999999999
0 0.9773999999999999 0.16734666666666667 0.045200000000000004 0.07997333333333333
0 0.1212 0.07490666666666666 0.05684 0.051320000000000005
0 0.01643 0.18308 0.02937 0.07236000000000001
0 0.49933 0.07262666666666666 0.05107 0.05110666666666666
0 0.60938 0.06816 0.054119999999999994 0.056413333333333336
0 0.98449 0.2790266666666667 0.031010000000000003 0.09461333333333333
0 0.22913 0.07570666666666667 0.05357 0.05606666666666666
0 0.17878 0.0754 0.05925 0.056106666666666666
0 0.85187 0.55684 0.14717 0.17532
0 0.34670999999999996 0.16988 0.05751 0.08157333333333333
0 0.9662000000000001 0.5716933333333333 0.0625 0.14950666666666665
0 0.78722 0.06296 0.054439999999999995 0.06962666666666667
0 0.8933300000000001 0.07185333333333334 0.06 0.06074666666666667
1 0.96278 0.08 0.06333 0.05925333333333333