0 0.38116 0.2649866666666667 0.08438 0.09629333333333333
0 0.17818 0.5956400000000001 0.13611 0.19053333333333333
0 0.71002 0.16870666666666667 0.07948000000000001 0.09227999999999999
0 0.58159 0.5791466666666667 0.10767 0.20628000000000002
0 0.9274199999999999 0.27976 0.11379 0.09717333333333333
0 0.13194999999999998 0.18170666666666666 0.08002 0.08550666666666666
0 0.72345 0.5737599999999999 0.14019 0.2029733333333333
0 0.27788999999999997 0.18425333333333332 0.08005 0.08473333333333333
0 0.0471 0.27845333333333333 0.08356999999999999 0.09768
0 0.47258999999999995 0.26892 0.08288 0.0932
0 0.21522999999999998 0.27246666666666663 0.08416 0.08945333333333334
0 0.56659 0.17637333333333333 0.07049 0.08618666666666666
0 0.06307 0.1798 0.07587 0.08257333333333333
0 0.41426 0.17714666666666667 0.07054 0.08186666666666667
0 0.8294400000000001 0.27128 0.09395 0.08962666666666666
0 0.78135 0.16756000000000001 0.08526 0.09664
0 0.63621 0.17330666666666666 0.07635 0.08798666666666666
0 0.04094 0.90804 0.07897 0.18253333333333335
0 0.0586 0.5980933333333334 0.11145999999999999 0.21744000000000002
0 0.12732 0.2744533333333333 0.09747 0.09438666666666667
0 0.55764 0.26877333333333336 0.06722 0.08170666666666666
0 0.20965999999999999 0.1799066666666667 0.0734 0.07139999999999999
0 0.06775 0.07896 0.07265 0.06066666666666667
0 0.44191 0.07381333333333333 0.054240000000000003 0.05325333333333333
0 0.9251699999999999 0.17056 0.0997 0.08512
0 0.87182 0.9331866666666666 0.25636000000000003 0.13364
0 0.39067 0.41559999999999997 0.16166 0.12162666666666666
0 0.64061 0.27656 0.07540999999999999 0.08436
0 0.7279500000000001 0.06966666666666667 0.05281 0.05925333333333333
0 0.02386 0.08385333333333334 0.046880000000000005 0.05454666666666666
0 0.01593 0.18404 0.02889 0.07561333333333334
0 0.5528200000000001 0.07294666666666667 0.04934 0.053893333333333335
0 0.96133 0.56904 0.07076 0.15384
0 0.97726 0.1636 0.044700000000000004 0.07741333333333333
0 0.17931999999999998 0.07293333333333334 0.05006 0.053706666666666666
0 0.72791 0.2727466666666667 0.09136 0.08792
0 0.98362 0.2797733333333334 0.031420000000000003 0.10822666666666667
0 0.67088 0.06524 0.04405 0.048146666666666664
0 0.86445 0.58812 0.16056 0.245
0 0.7795599999999999 0.06068 0.05117 0.05177333333333333
1 0.49466000000000004 0.18542666666666666 0.07499 0.05478666666666667
0 0.60676 0.06862666666666667 0.04961 0.04874666666666667
0 0.23013999999999998 0.07397333333333334 0.06938 0.059320000000000005
1 0.29722000000000004 0.27110666666666666 0.09667 0.08889333333333334
1 0.49944 0.07556 0.06778 0.06814666666666666
1 0.12778 0.07629333333333334 0.06222 0.06074666666666667
1 0.28722000000000003 0.07481333333333333 0.06111 0.05777333333333333
1 0.83333 0.06814666666666666 0.06667000000000001 0.062226666666666666
1 0.84611 0.17037333333333332 0.07667 0.09185333333333333
1 0.41778 0.9237066666666667 0.34 0.15258666666666668
0 0.8911100000000001 0.07110666666666667 0.06667000000000001 0.062226666666666666