0 0.38143 0.26610666666666666 0.08496 0.09602666666666666
0 0.17853 0.5945866666666667 0.14298 0.18569333333333335
0 0.79377 0.9244266666666667 0.30422000000000005 0.15116000000000002
0 0.58026 0.5781333333333334 0.11295999999999999 0.20565333333333335
0 0.20807 0.18065333333333333 0.07953 0.08710666666666667
0 0.71972 0.5683066666666667 0.13407 0.20522666666666664
0 0.70898 0.16948 0.08141 0.08941333333333333
0 0.55847 0.26926666666666665 0.07108 0.08577333333333333
0 0.92588 0.28212 0.11581 0.09521333333333333
0 0.30537000000000003 0.26448 0.07046 0.0916
0 0.82774 0.27041333333333334 0.09406999999999999 0.08869333333333333
0 0.72645 0.2703333333333333 0.09206 0.08943999999999999
0 0.05976 0.17834666666666665 0.08264 0.08553333333333334
0 0.13108 0.183 0.07720999999999999 0.08425333333333333
0 0.13182 0.2761733333333333 0.11223999999999999 0.09093333333333334
0 0.47002999999999995 0.2718666666666667 0.08037000000000001 0.09261333333333333
0 0.41669 0.175 0.07362 0.08877333333333333
0 0.56564 0.17857333333333333 0.06774 0.083
0 0.64112 0.27388 0.08247 0.09116
0 0.27472 0.18109333333333333 0.07427 0.08248
0 0.63585 0.1721466666666667 0.07317 0.08881333333333333
0 0.042159999999999996 0.9064133333333333 0.07673 0.16718666666666668
0 0.44167 0.07096 0.05586 0.05606666666666666
0 0.047020000000000006 0.27736 0.08198 0.09110666666666667
0 0.72878 0.06702666666666666 0.05568 0.058453333333333336
0 0.06919 0.07662666666666666 0.06548000000000001 0.055080000000000004
0 0.92813 0.16781333333333334 0.08077 0.08294666666666667
0 0.0254 0.08324 0.05079 0.04998666666666667
0 0.55736 0.07228 0.05397 0.06182666666666666
1 0.36863 0.18186666666666668 0.04519 0.05486666666666667
0 0.86368 0.17441333333333334 0.07063 0.08024
0 0.8622000000000001 0.5453066666666667 0.13771 0.14737333333333333
0 0.97754 0.16589333333333334 0.04492 0.07772
1 0.49371 0.1819333333333333 0.07066 0.0612
0 0.2315 0.07618666666666667 0.07436 0.06008
0 0.60765 0.06810666666666666 0.05407 0.05249333333333333
0 0.96527 0.56648 0.06373 0.1442
0 0.9843 0.27826666666666666 0.02969 0.09890666666666667
1 0.50018 0.08054666666666666 0.048420000000000005 0.04069333333333333
1 0.22687000000000002 0.2919466666666667 0.08804000000000001 0.08570666666666667
0 0.17983000000000002 0.07374666666666667 0.0512 0.05470666666666667
1 0.77589 0.18814666666666668 0.05982 0.05294666666666667
0 0.7860499999999999 0.06663999999999999 0.06434999999999999 0.06233333333333333
0 0.12672 0.20981333333333335 0.08337 0.0984
1 0.0166 0.18073333333333336 0.02793 0.04704
0 0.67103 0.06518666666666667 0.045770000000000005 0.0448
1 0.13059 0.07638666666666667 0.04279 0.040946666666666666
1 0.06167 0.6074133333333334 0.11444 0.16591999999999998
1 0.37833 0.9451866666666666 0.27667 0.09481333333333333
1 0.8366699999999999 0.07037333333333333 0.06889 0.04889333333333334