0 0.38189999999999996 0.2668933333333333 0.08361 0.09892
0 0.17579 0.58728 0.14307 0.19536
0 0.71428 0.5665466666666668 0.13259 0.20425333333333334
0 0.58043 0.5779333333333333 0.11112999999999999 0.20722666666666664
0 0.70966 0.16861333333333334 0.08045000000000001 0.08983999999999999
0 0.7945599999999999 0.9239733333333333 0.30711 0.15205333333333335
0 0.55802 0.26813333333333333 0.07302 0.08868000000000001
0 0.9292999999999999 0.27948 0.10833 0.09972
0 0.4695 0.26894666666666667 0.08242000000000001 0.094
0 0.4973 0.16612000000000002 0.07623 0.09334666666666668
0 0.30437000000000003 0.26504 0.07787000000000001 0.09422666666666667
0 0.20737 0.18232 0.07992 0.07974666666666667
0 0.22132 0.27354666666666666 0.08276 0.08649333333333334
0 0.41901 0.17006666666666667 0.0673 0.08633333333333333
0 0.82851 0.27097333333333334 0.094 0.09153333333333334
0 0.72577 0.27076 0.09009 0.09052
0 0.9294199999999999 0.16717333333333334 0.08113 0.08545333333333334
0 0.047119999999999995 0.27613333333333334 0.08170000000000001 0.09337333333333334
0 0.27270999999999995 0.18237333333333333 0.06855 0.07825333333333333
0 0.05982 0.17953333333333335 0.08333 0.08684
0 0.13071000000000002 0.18094666666666667 0.07890000000000001 0.08492
0 0.64127 0.27424 0.08222 0.09096
0 0.6369900000000001 0.17258666666666667 0.0713 0.08756
0 0.12928 0.27432 0.10704000000000001 0.09935999999999999
0 0.56694 0.17586666666666667 0.06501 0.08539999999999999
0 0.8347100000000001 0.51964 0.13329 0.21194666666666667
0 0.72977 0.06630666666666667 0.05705 0.057813333333333335
0 0.28238 0.07117333333333334 0.051179999999999996 0.05529333333333333
0 0.44168 0.07326666666666667 0.055979999999999995 0.053906666666666665
0 0.8593200000000001 0.17157333333333336 0.08663 0.08557333333333335
0 0.04311 0.9077066666666667 0.07884000000000001 0.16598666666666667
0 0.07141 0.08009333333333334 0.06225 0.052893333333333334
0 0.55523 0.07206666666666667 0.05271 0.055080000000000004
0 0.02426 0.08357333333333333 0.047920000000000004 0.04950666666666667
0 0.22959000000000002 0.07358666666666666 0.05718 0.05548
0 0.97685 0.16716 0.046310000000000004 0.07762666666666666
0 0.34863 0.16789333333333334 0.06011 0.09087999999999999
0 0.50149 0.07218666666666666 0.04498 0.04848
0 0.33832 0.06898666666666667 0.05273 0.04865333333333333
0 0.17830000000000001 0.07192 0.05261 0.04998666666666667
0 0.7894 0.06702666666666666 0.06189 0.05726666666666667
0 0.96214 0.5672533333333333 0.06925 0.14884
1 0.12891999999999998 0.07773333333333333 0.05026 0.04382666666666667
0 0.98456 0.27732 0.030719999999999997 0.09648
0 0.60858 0.06618666666666667 0.053590000000000006 0.05137333333333333
1 0.7742100000000001 0.18367999999999998 0.060899999999999996 0.05513333333333333
0 0.6692899999999999 0.06798666666666667 0.05156 0.049093333333333336
0 0.12658 0.23359999999999997 0.08424 0.10664
0 0.21381 0.22722666666666666 0.07513 0.09764
1 0.06167 0.60296 0.11 0.18666666666666668
1 0.8416699999999999 0.06962666666666667 0.06778 0.062226666666666666
1 0.38722 0.9377733333333333 0.28111 0.10074666666666666