0 0.38236000000000003 0.26918666666666663 0.08435 0.10358666666666666
0 0.86975 0.9327066666666667 0.2605 0.13458666666666666
0 0.92873 0.28414666666666666 0.11849 0.10446666666666667
0 0.17871 0.5937333333333333 0.14092 0.18516000000000002
0 0.71036 0.16877333333333333 0.07908 0.09022666666666666
0 0.57953 0.5795733333333334 0.12072 0.21897333333333333
0 0.13126 0.18364 0.08374 0.08845333333333334
0 0.55853 0.2688933333333333 0.07481 0.08841333333333333
0 0.1258 0.28464 0.1003 0.09373333333333334
0 0.72138 0.5738266666666667 0.14015 0.21096
0 0.2072 0.18432 0.07794 0.07917333333333333
0 0.64301 0.27192 0.08368 0.09394666666666666
0 0.34604 0.18272 0.06801 0.08463999999999999
0 0.21993000000000001 0.2720933333333333 0.08481 0.08681333333333333
0 0.83009 0.2736 0.09517 0.09327999999999999
0 0.72823 0.2707466666666667 0.09015999999999999 0.09201333333333334
0 0.06273 0.59532 0.12546 0.22263999999999998
0 0.29982 0.27172 0.08436 0.08854666666666666
0 0.41910000000000003 0.17836000000000002 0.07397 0.08466666666666667
0 0.05966 0.17767999999999998 0.08782999999999999 0.08488
0 0.5664600000000001 0.17997333333333332 0.07452 0.08146666666666667
0 0.47826 0.2719333333333333 0.07915000000000001 0.0926
0 0.27505 0.18126666666666666 0.07395 0.08389333333333333
0 0.77932 0.17433333333333334 0.08514000000000001 0.08933333333333333
0 0.051609999999999996 0.2761733333333333 0.08754 0.09254666666666667
0 0.55631 0.07269333333333333 0.05737 0.057159999999999996
0 0.6386799999999999 0.17292 0.07065 0.08625333333333333
0 0.72956 0.06697333333333333 0.05768 0.05849333333333333
0 0.44322 0.0718 0.05273 0.052919999999999995
0 0.045880000000000004 0.9072533333333334 0.08368 0.16824
0 0.6096900000000001 0.06990666666666667 0.05263 0.05573333333333333
0 0.6695099999999999 0.06913333333333334 0.055659999999999994 0.056159999999999995
0 0.49511 0.06953333333333334 0.0519 0.0518
0 0.07375 0.07745333333333333 0.06528 0.055106666666666665
0 0.0268 0.08314666666666666 0.05361 0.05524
0 0.7868200000000001 0.06742666666666666 0.05782 0.058133333333333335
0 0.23181000000000002 0.07433333333333333 0.06522 0.06052
0 0.9717899999999999 0.16877333333333333 0.051859999999999996 0.08541333333333334
0 0.17877 0.07357333333333334 0.055369999999999996 0.05434666666666666
0 0.39332999999999996 0.07345333333333334 0.04783 0.054639999999999994
1 0.49525 0.18910666666666667 0.07399 0.05798666666666667
0 0.96346 0.5769333333333333 0.06551 0.17754666666666666
0 0.33664 0.07256 0.06203 0.060386666666666665
0 0.98294 0.2772266666666667 0.03325 0.08804000000000001
0 0.016149999999999998 0.18309333333333333 0.02807 0.07249333333333333
1 0.92095 0.1948666666666667 0.05788 0.04236
0 0.85787 0.17390666666666668 0.06338 0.07929333333333333
0 0.86523 0.5791466666666667 0.16005 0.2361066666666667
1 0.8806900000000001 0.08498666666666667 0.06473000000000001 0.04918666666666667
1 0.12947 0.07917333333333333 0.045090000000000005 0.03953333333333333