0 0.38141 0.26812 0.08478 0.10113333333333333
0 0.92889 0.28029333333333334 0.11812 0.10166666666666667
0 0.58062 0.5772133333333334 0.11327 0.21354666666666666
0 0.18177000000000001 0.59584 0.14579 0.19362666666666667
0 0.55848 0.2687466666666667 0.07338 0.08970666666666667
0 0.79114 0.9244133333333333 0.31668 0.15117333333333333
0 0.70877 0.16878666666666667 0.07714 0.08708
0 0.06708 0.5655600000000001 0.13416 0.23724
0 0.71858 0.5679733333333333 0.13184 0.20154666666666665
0 0.37194 0.9193066666666667 0.26608 0.16138666666666668
0 0.49812 0.16856000000000002 0.0653 0.0892
0 0.29563 0.27718666666666664 0.09035 0.09178666666666667
0 0.82756 0.27185333333333334 0.09656999999999999 0.09404
0 0.7833300000000001 0.17951999999999999 0.08119 0.07222666666666668
0 0.21709 0.27698666666666666 0.07922 0.08842666666666665
0 0.41829 0.17090666666666668 0.06844 0.08178666666666667
0 0.64228 0.2740933333333333 0.08234999999999999 0.093
0 0.7267100000000001 0.27097333333333334 0.08974 0.09373333333333334
0 0.047979999999999995 0.27681333333333336 0.0824 0.09293333333333334
0 0.47047000000000005 0.2720266666666667 0.08103 0.09401333333333334
0 0.20923 0.18364 0.0761 0.07449333333333333
0 0.13016999999999998 0.1831066666666667 0.07612000000000001 0.08081333333333333
0 0.27374 0.18130666666666664 0.07187 0.08123999999999999
0 0.04378 0.9078533333333333 0.08052 0.16324
0 0.44104000000000004 0.07382666666666667 0.057890000000000004 0.054893333333333336
0 0.72966 0.06585333333333333 0.05903 0.05546666666666667
0 0.06207 0.18169333333333335 0.08042 0.08250666666666667
0 0.56675 0.1778533333333333 0.0664 0.08201333333333333
0 0.63919 0.1704 0.07074 0.08402666666666667
0 0.12952000000000002 0.273 0.09669 0.09001333333333333
0 0.9282 0.16718666666666668 0.07338 0.08086666666666667
0 0.06994 0.07950666666666667 0.05679 0.05325333333333333
0 0.28206 0.07158666666666666 0.05223 0.05484000000000001
0 0.02386 0.08363999999999999 0.04771 0.051199999999999996
0 0.55663 0.07229333333333333 0.053619999999999994 0.058653333333333335
0 0.86184 0.17350666666666667 0.07168000000000001 0.08037333333333334
0 0.6705 0.06550666666666667 0.05776 0.05581333333333333
0 0.97703 0.16729333333333332 0.045950000000000005 0.07864
0 0.12159 0.07401333333333333 0.056 0.05050666666666667
0 0.49957999999999997 0.0728 0.04832 0.052706666666666666
0 0.17618 0.07378666666666667 0.05881 0.05216
0 0.01627 0.1821333333333333 0.02897 0.07370666666666667
0 0.96553 0.57448 0.06055 0.17886666666666667
0 0.38822 0.07404 0.0494 0.059919999999999994
0 0.23038999999999998 0.07517333333333334 0.05393 0.055439999999999996
0 0.98419 0.2769466666666667 0.03163 0.0932
0 0.6094299999999999 0.06661333333333333 0.054240000000000003 0.05601333333333333
0 0.34904 0.16946666666666665 0.05889 0.09066666666666667
0 0.33655 0.06760000000000001 0.055049999999999995 0.06061333333333333
0 0.79137 0.06790666666666667 0.06512000000000001 0.05972
0 0.8503 0.5559866666666666 0.14162 0.17304
0 0.126 0.2189866666666667 0.08075 0.10146666666666666
0 0.21247 0.21316000000000002 0.06937 0.09065333333333332
0 0.8911100000000001 0.06814666666666666 0.08 0.08