0 0.38389 0.2650266666666667 0.08359 0.09247999999999999
0 0.9318200000000001 0.2793333333333333 0.10589 0.09661333333333333
0 0.64211 0.26854666666666666 0.08044 0.09665333333333333
0 0.55843 0.26710666666666666 0.07396 0.09034666666666667
0 0.7098300000000001 0.16832 0.07643000000000001 0.0916
0 0.57994 0.5828 0.10709 0.19562666666666667
0 0.47925 0.2671466666666667 0.06883 0.08992
0 0.86787 0.9309333333333334 0.26427 0.13813333333333333
0 0.30185 0.26718666666666663 0.08935 0.09256
0 0.73003 0.26936 0.08932999999999999 0.09838666666666668
0 0.17856 0.5964 0.1404 0.19153333333333333
0 0.13216 0.18505333333333332 0.08067 0.08504
0 0.20804 0.18267999999999998 0.08022 0.0772
0 0.22059 0.26838666666666666 0.08968000000000001 0.09144
0 0.72126 0.5694133333333333 0.14238 0.20725333333333332
0 0.05904 0.2800666666666667 0.10606 0.09173333333333333
0 0.6406499999999999 0.16941333333333333 0.0708 0.086
0 0.8333200000000001 0.2719333333333333 0.09439 0.08965333333333332
0 0.060469999999999996 0.17706666666666668 0.08982 0.0838
0 0.06228 0.5975333333333332 0.11984 0.22382666666666667
0 0.92695 0.1666 0.08660999999999999 0.08704
0 0.04408 0.91036 0.08178 0.16370666666666667
0 0.27434 0.1798533333333333 0.0722 0.08568
0 0.56899 0.17632 0.06664 0.08709333333333333
0 0.34670999999999996 0.17953333333333335 0.06748 0.08276
0 0.7817999999999999 0.17450666666666667 0.0814 0.09050666666666667
0 0.41468 0.17732 0.06884 0.08484
0 0.49257999999999996 0.17974666666666667 0.06888 0.0774
0 0.8576900000000001 0.16869333333333333 0.07790000000000001 0.08273333333333333
0 0.06965 0.0764 0.07022 0.05366666666666667
0 0.7312799999999999 0.07028 0.053590000000000006 0.05797333333333333
0 0.97942 0.16818666666666668 0.04038 0.07515999999999999
0 0.18059 0.07301333333333333 0.05575 0.05310666666666666
0 0.024210000000000002 0.08048 0.0465 0.05146666666666667
0 0.4929 0.06661333333333333 0.04931 0.04462666666666666
0 0.6078600000000001 0.0684 0.04808 0.04976
0 0.55161 0.06776 0.04547 0.05141333333333334
0 0.0159 0.18518666666666664 0.027469999999999998 0.07265333333333333
0 0.67028 0.06469333333333334 0.052829999999999995 0.050679999999999996
0 0.43971 0.06642666666666666 0.04834 0.05128
1 0.14515 0.29428 0.062380000000000005 0.04577333333333333
0 0.78128 0.061693333333333336 0.05173 0.05026666666666667
0 0.96409 0.56796 0.06631999999999999 0.14353333333333335
0 0.22823 0.07962666666666667 0.061270000000000005 0.05926666666666667
0 0.98262 0.26604 0.03475 0.08570666666666667
0 0.9015 0.07809333333333333 0.05226 0.03813333333333334
1 0.12643000000000001 0.08238666666666666 0.04754 0.04122666666666667
1 0.40812 0.9372666666666667 0.31227999999999995 0.12548
1 0.28443999999999997 0.07556 0.07556 0.05333333333333334
0 0.39167 0.07110666666666667 0.03889 0.06518666666666667
0 0.33888999999999997 0.06889333333333333 0.05111 0.05777333333333333
0 0.83056 0.06148 0.056670000000000005 0.06962666666666667
0 0.85611 0.5888933333333334 0.13444 0.25333333333333335