0 0.38086000000000003 0.26866666666666666 0.08603 0.09994666666666666
0 0.18395 0.5964533333333333 0.14865 0.19371999999999998
0 0.55808 0.26877333333333336 0.07633 0.08561333333333332
0 0.79496 0.9238133333333334 0.30479 0.15237333333333333
0 0.06793 0.5664399999999999 0.13585 0.23865333333333336
0 0.57902 0.57916 0.11376 0.21054666666666666
0 0.13082 0.18313333333333331 0.07703 0.08544
0 0.20886000000000002 0.18252 0.07873999999999999 0.08318666666666667
0 0.7079500000000001 0.16972 0.07686 0.08494666666666667
0 0.64401 0.27097333333333334 0.08154 0.09137333333333333
0 0.72117 0.57424 0.14496 0.20544
0 0.72705 0.27026666666666666 0.09017 0.09101333333333333
0 0.9288500000000001 0.16585333333333332 0.07629999999999999 0.08589333333333334
0 0.43936000000000003 0.06981333333333334 0.06459000000000001 0.06524
0 0.21724000000000002 0.27736 0.0788 0.09009333333333333
0 0.29588 0.27734666666666663 0.08917 0.09098666666666666
0 0.92864 0.28165333333333337 0.11327 0.09245333333333333
0 0.827 0.27164 0.09465000000000001 0.09070666666666667
0 0.47082999999999997 0.27177333333333337 0.08093 0.09454666666666667
0 0.49729 0.16935999999999998 0.06626 0.08898666666666666
0 0.7832 0.18049333333333334 0.08097 0.06936
0 0.36889999999999995 0.91924 0.26762 0.16152
0 0.04802 0.27769333333333335 0.08281999999999999 0.09266666666666666
0 0.06136 0.18112 0.08399 0.08398666666666667
0 0.13088 0.27368 0.09981 0.09317333333333333
0 0.5659500000000001 0.17862666666666666 0.06598000000000001 0.08148
0 0.73 0.06608 0.05774 0.05733333333333333
0 0.27397000000000005 0.18059999999999998 0.07399 0.08502666666666667
0 0.41487 0.17662666666666665 0.0721 0.08497333333333333
0 0.6384099999999999 0.17628000000000002 0.06720999999999999 0.08357333333333333
0 0.28256 0.07033333333333333 0.054049999999999994 0.05916
0 0.67048 0.06737333333333334 0.05607 0.0548
0 0.5524600000000001 0.07176 0.05855 0.05578666666666667
0 0.07425 0.07769333333333334 0.06431 0.055560000000000005
0 0.8624299999999999 0.17265333333333335 0.06785 0.08253333333333333
0 0.97742 0.16641333333333333 0.04516 0.07818666666666667
1 0.50036 0.07309333333333333 0.05337 0.05022666666666667
0 0.38842000000000004 0.07130666666666666 0.04424 0.05836
0 0.01652 0.1828533333333333 0.03071 0.07306666666666667
0 0.98368 0.27869333333333335 0.0325 0.09314666666666667
0 0.22547999999999999 0.07409333333333333 0.053219999999999996 0.052320000000000005
0 0.61252 0.06581333333333333 0.052899999999999996 0.058653333333333335
1 0.12617 0.07758666666666666 0.047850000000000004 0.04064
0 0.85423 0.5603866666666667 0.14956 0.18318666666666664
0 0.9675199999999999 0.5749866666666666 0.05711 0.17697333333333332
0 0.17416 0.0764 0.05507 0.05209333333333333
0 0.34444 0.17110666666666668 0.06 0.09925333333333333
1 0.028329999999999998 0.08592 0.04778 0.041479999999999996