0 0.5584600000000001 0.2677866666666667 0.07958 0.08886666666666668
0 0.79486 0.9225466666666666 0.30327 0.15492
0 0.38054000000000004 0.269 0.08622 0.09794666666666665
0 0.18266 0.5960133333333333 0.14478 0.19009333333333334
0 0.06708 0.5665733333333334 0.12553 0.23036
0 0.05937 0.27926666666666666 0.10786 0.08917333333333333
0 0.64251 0.27208 0.08012999999999999 0.08798666666666666
0 0.57897 0.5794266666666666 0.11155 0.1970666666666667
0 0.72212 0.5723333333333334 0.15047 0.20229333333333333
0 0.29835 0.27470666666666665 0.08469 0.09086666666666668
0 0.41481999999999997 0.17765333333333336 0.07323 0.08078666666666667
1 0.22447999999999999 0.29456 0.054009999999999996 0.04022666666666667
1 0.47783 0.28686666666666666 0.08159000000000001 0.05753333333333333
1 0.15100999999999998 0.29349333333333333 0.05992 0.04085333333333333
1 0.7315 0.28796 0.07618000000000001 0.0538
1 0.48277 0.19617333333333334 0.06641 0.047360000000000006
0 0.84756 0.5494399999999999 0.13777 0.14461333333333332
1 0.81278 0.28889333333333334 0.09444 0.08
1 0.89944 0.29408 0.09444 0.10222666666666667
1 0.44444 0.09408 0.06667000000000001 0.06370666666666666
1 0.5016700000000001 0.09037333333333333 0.05889 0.07408000000000001
1 0.6577799999999999 0.09481333333333333 0.07332999999999999 0.06518666666666667
1 0.7144400000000001 0.09037333333333333 0.06667000000000001 0.07408000000000001
1 0.555 0.19408 0.07443999999999999 0.05925333333333333
1 0.62889 0.19777333333333336 0.08444 0.05777333333333333
1 0.70278 0.19333333333333333 0.08111 0.05481333333333333
1 0.775 0.19258666666666666 0.09 0.056293333333333334
1 0.28056 0.19555999999999998 0.07 0.056293333333333334
1 0.20778 0.19851999999999997 0.07332999999999999 0.05037333333333333
1 0.13944 0.19925333333333334 0.06333 0.05481333333333333
0 0.22944 0.07408000000000001 0.052219999999999996 0.06814666666666666
1 0.17443999999999998 0.08444 0.06 0.07408000000000001
1 0.10722 0.09925333333333333 0.06778 0.05925333333333333
1 0.04333 0.09704 0.055560000000000005 0.05777333333333333
1 0.94111 0.07852 0.07332999999999999 0.06814666666666666
1 0.43611 0.9407466666666666 0.24111000000000002 0.10370666666666667
1 0.07778 0.9318533333333333 0.15556 0.10074666666666666