0 0.796 0.9227466666666666 0.30695 0.15450666666666665
1 0.56437 0.2978266666666667 0.07486 0.052386666666666665
1 0.1546 0.2932 0.05411 0.0318
0 0.95668 0.5814666666666667 0.07275 0.19324000000000002
1 0.23422 0.2982 0.0703 0.043866666666666665
1 0.47872000000000003 0.29749333333333333 0.07382999999999999 0.04972
1 0.39731 0.29633333333333334 0.06909 0.045586666666666664
1 0.92079 0.30232000000000003 0.0757 0.0616
1 0.64988 0.29318666666666665 0.06966 0.046040000000000005
1 0.73534 0.2968133333333334 0.07639 0.05248
1 0.31732 0.29878666666666664 0.0685 0.04770666666666667
1 0.83833 0.6118533333333334 0.11667 0.17481333333333335
1 0.7044400000000001 0.60444 0.16222 0.17481333333333335
1 0.57111 0.61556 0.13778 0.17925333333333332
1 0.05722 0.6022266666666667 0.09222 0.17333333333333334
1 0.06778 0.30591999999999997 0.07110999999999999 0.07258666666666666
1 0.82111 0.30222666666666664 0.10443999999999999 0.08889333333333334
1 0.41778 0.2 0.06667000000000001 0.05925333333333333
1 0.48611 0.20148000000000002 0.07 0.056293333333333334
1 0.55 0.19185333333333332 0.06444 0.07258666666666666
1 0.62889 0.19110666666666667 0.08222 0.07110666666666667
1 0.70333 0.19408 0.08 0.06814666666666666
1 0.77444 0.19333333333333333 0.09111 0.06666666666666667
1 0.71556 0.07704 0.07332999999999999 0.04444
1 0.66 0.08222666666666667 0.06889 0.037040000000000003
1 0.50111 0.08295999999999999 0.06222 0.04444
1 0.44777999999999996 0.08814666666666666 0.06222 0.04889333333333334
1 0.27832999999999997 0.21037333333333333 0.09444 0.03852
1 0.20444 0.2118533333333333 0.09111 0.041479999999999996
1 0.18611000000000003 0.62 0.12333 0.2