0 0.38191 0.26781333333333335 0.08323 0.10025333333333333
0 0.17771 0.5876933333333333 0.14301 0.19526666666666664
0 0.7921 0.9232 0.31807 0.15361333333333332
0 0.58075 0.5783866666666667 0.11444 0.21145333333333333
0 0.55776 0.26830666666666664 0.07401 0.09016
0 0.06814 0.5637066666666666 0.13628 0.24292
0 0.92845 0.27952 0.11376 0.10164000000000001
0 0.71889 0.56908 0.13341 0.20270666666666667
0 0.70972 0.16910666666666666 0.07961 0.08824000000000001
0 0.37126 0.9194933333333334 0.27508 0.16101333333333334
0 0.30528 0.2661733333333333 0.07825 0.09286666666666668
0 0.20856 0.18214666666666668 0.07761 0.08332
0 0.82769 0.27132 0.09813 0.09331999999999999
0 0.46942 0.26940000000000003 0.08604 0.09348
0 0.22121000000000002 0.2740933333333333 0.08289 0.08804000000000001
0 0.72673 0.27024000000000004 0.08886 0.09097333333333334
0 0.13026 0.18161333333333335 0.07876000000000001 0.08446666666666666
0 0.6414099999999999 0.27473333333333333 0.08136 0.09206666666666666
0 0.27233999999999997 0.18134666666666666 0.06777 0.08018666666666667
0 0.49743 0.16974666666666666 0.06563 0.09032
0 0.04761 0.2758 0.08199 0.09301333333333334
0 0.061149999999999996 0.18064 0.07905 0.08274666666666666
0 0.929 0.16808 0.07590999999999999 0.08210666666666666
0 0.04358 0.9098533333333333 0.08261 0.16324
0 0.12918000000000002 0.27312000000000003 0.09942000000000001 0.09305333333333334
0 0.6383099999999999 0.17322666666666664 0.07035 0.08686666666666668
0 0.72962 0.0666 0.05805 0.05801333333333333
0 0.5668200000000001 0.17821333333333333 0.06473000000000001 0.08132
0 0.41374 0.17381333333333335 0.06629 0.08097333333333333
0 0.44123 0.07372 0.0533 0.053360000000000005
0 0.28348 0.07038666666666667 0.052219999999999996 0.05432
0 0.025 0.08416 0.05001 0.05108
0 0.07058 0.07732 0.06376 0.053413333333333333
0 0.859 0.17286666666666667 0.08426 0.08596
0 0.55577 0.07206666666666667 0.05091 0.05636000000000001
0 0.17882 0.073 0.05353 0.05417333333333334
0 0.9777100000000001 0.16738666666666668 0.04457 0.07706666666666666
0 0.01659 0.18334666666666666 0.030100000000000002 0.07408000000000001
0 0.33982999999999997 0.07077333333333333 0.0515 0.054946666666666664
0 0.67103 0.06725333333333333 0.05415 0.05189333333333333
0 0.9620599999999999 0.5640933333333333 0.0705 0.14125333333333334
0 0.22891999999999998 0.07556 0.05714 0.055613333333333334
0 0.85233 0.59624 0.14287 0.25116
0 0.34693999999999997 0.16956 0.05903 0.08013333333333333
0 0.50075 0.07362666666666666 0.047240000000000004 0.050320000000000004
0 0.98388 0.277 0.03149 0.09378666666666667
0 0.78732 0.06729333333333333 0.05922 0.0562
1 0.13157 0.08237333333333334 0.05073 0.03894666666666667
0 0.39056 0.07090666666666666 0.04625 0.0542
0 0.60663 0.06763999999999999 0.05312 0.05221333333333333
1 0.77449 0.18322666666666665 0.06081 0.05893333333333334
0 0.21309 0.208 0.07158 0.09244
0 0.12598 0.2179333333333333 0.08065 0.10022666666666667