0 0.38112999999999997 0.2674666666666667 0.08618 0.10049333333333334
0 0.7935800000000001 0.9233733333333333 0.30433 0.15325333333333332
0 0.18364 0.5976400000000001 0.14637999999999998 0.19218666666666664
0 0.55803 0.2682133333333333 0.07598 0.08678666666666666
0 0.72563 0.26861333333333337 0.09190000000000001 0.08662666666666667
0 0.57955 0.5788533333333333 0.1102 0.20528000000000002
0 0.06766 0.5687733333333334 0.1277 0.22821333333333332
0 0.64371 0.26825333333333334 0.07973999999999999 0.09116
0 0.9272 0.27874666666666664 0.11045999999999999 0.09825333333333333
0 0.70872 0.16941333333333333 0.07964 0.08701333333333335
0 0.21934 0.27344 0.07945999999999999 0.09165333333333332
0 0.47073000000000004 0.26997333333333334 0.08245000000000001 0.09381333333333333
0 0.7055499999999999 0.37510666666666664 0.13038 0.09574666666666667
0 0.29579 0.27744 0.0874 0.09154666666666667
0 0.7220599999999999 0.5728666666666666 0.14644 0.20650666666666667
0 0.92803 0.16661333333333334 0.07859000000000001 0.08570666666666667
0 0.12840000000000001 0.2735066666666667 0.09552 0.09427999999999999
0 0.49806 0.17090666666666668 0.07521 0.08821333333333332
0 0.04927 0.27777333333333337 0.08359 0.09296
0 0.41873 0.17690666666666668 0.06817000000000001 0.08138666666666666
0 0.63762 0.17567999999999998 0.06835 0.08486666666666666
0 0.9771799999999999 0.16657333333333335 0.045649999999999996 0.07898666666666666
0 0.86 0.17354666666666665 0.07251 0.07781333333333333
0 0.9827400000000001 0.27670666666666666 0.03387 0.08978666666666667
0 0.8551599999999999 0.5512666666666667 0.15136000000000002 0.16381333333333334
0 0.9660599999999999 0.57528 0.06038 0.18230666666666664
1 0.56359 0.18526666666666666 0.05821 0.05525333333333333
1 0.7877799999999999 0.27555999999999997 0.07778 0.10666666666666667
0 0.23 0.07408000000000001 0.06222 0.08
1 0.71 0.07037333333333333 0.05778 0.07852
1 0.95556 0.08074666666666667 0.07778 0.06666666666666667
1 0.27444 0.19555999999999998 0.07778 0.07110666666666667
1 0.20167 0.19777333333333336 0.07889 0.06074666666666667
1 0.12722 0.19851999999999997 0.07443999999999999 0.056293333333333334
1 0.77944 0.18222666666666665 0.08333 0.09185333333333333
1 0.35222000000000003 0.19185333333333332 0.08 0.07258666666666666