0 0.19916 0.17333333333333334 0.08376 0.09156
0 0.12568000000000001 0.17902666666666667 0.08577 0.08904000000000001
1 0.29138 0.17872 0.09369 0.07056
1 0.51436 0.30244000000000004 0.06958 0.04942666666666667
1 0.5952799999999999 0.29992 0.07087 0.04330666666666666
0 0.9685900000000001 0.28264 0.061399999999999996 0.09187999999999999
1 0.03832 0.18614666666666668 0.07665000000000001 0.07732
1 0.43147 0.30117333333333335 0.07887000000000001 0.05264
1 0.75864 0.30046666666666666 0.06481999999999999 0.040786666666666666
1 0.6782 0.3004133333333333 0.06548999999999999 0.04964
1 0.47333 0.6170399999999999 0.15556 0.2118533333333333
1 0.33944 0.6162933333333334 0.14333 0.21925333333333333
1 0.20333 0.6296266666666667 0.14 0.21333333333333335
1 0.07110999999999999 0.63556 0.13111 0.21925333333333333
1 0.95 0.5992533333333333 0.1 0.18222666666666665
1 0.33944 0.2992533333333333 0.10778 0.08
1 0.08333 0.30296 0.10443999999999999 0.08148
1 0.18611000000000003 0.30148 0.10333 0.09333333333333334
1 0.46167 0.09037333333333333 0.056670000000000005 0.05037333333333333
1 0.55944 0.09258666666666666 0.07443999999999999 0.051853333333333335
1 0.62222 0.20296 0.11333 0.062226666666666666
1 0.43444 0.20296 0.09111 0.05333333333333334