0 0.19854 0.17368 0.08231000000000001 0.09217333333333333
0 0.12692 0.18 0.08254 0.08757333333333334
1 0.29396 0.18106666666666668 0.09336 0.07092
1 0.5179900000000001 0.2999466666666667 0.06709 0.053
1 0.59539 0.29849333333333333 0.07339 0.04422666666666667
1 0.67512 0.29636 0.061880000000000004 0.041626666666666666
1 0.7597999999999999 0.29904000000000003 0.06738 0.04137333333333333
1 0.0428 0.18969333333333335 0.08141 0.07354666666666666
1 0.47167000000000003 0.6148133333333333 0.15222 0.21037333333333333
1 0.94667 0.5992533333333333 0.10667 0.18814666666666668
1 0.33832999999999996 0.6237066666666666 0.13222 0.21037333333333333
1 0.20111 0.6318533333333333 0.14221999999999999 0.21777333333333335
1 0.06444 0.6377733333333333 0.11778 0.22370666666666666
1 0.08111 0.31333333333333335 0.10667 0.08444
0 0.96833 0.28 0.06333 0.12148
1 0.18056 0.3074133333333333 0.09222 0.09925333333333333
1 0.43333 0.30074666666666666 0.11333 0.08
1 0.5744400000000001 0.10814666666666667 0.06889 0.08295999999999999
1 0.52167 0.10741333333333333 0.07221999999999999 0.08148
1 0.30222000000000004 0.10222666666666667 0.06 0.062226666666666666
1 0.07443999999999999 0.09110666666666667 0.08 0.051853333333333335
1 0.6433300000000001 0.19704 0.06444 0.07704
1 0.7044400000000001 0.19555999999999998 0.08889 0.07704
1 0.72389 0.10666666666666667 0.06333 0.062226666666666666
1 0.62944 0.10666666666666667 0.07889 0.07408000000000001
1 0.36222000000000004 0.18148000000000003 0.06 0.09629333333333333
1 0.42556 0.18814666666666668 0.08889 0.09185333333333333