0 0.7446640625 0.4098828125 0.12 0.10080078125
0 0.8222968749999999 0.454287109375 0.10513281249999999 0.114130859375
0 0.6961328124999999 0.31427734375 0.10153125 0.06505859375
0 0.7970078125 0.272919921875 0.07684375 0.055625
0 0.9174843750000001 0.47080078125 0.1065234375 0.143623046875
0 0.9569218749999999 0.321884765625 0.0548359375 0.061728515625
0 0.33815625 0.439921875 0.13479687499999998 0.12623046875
0 0.2453125 0.37736328125 0.0967265625 0.076650390625
0 0.6720234375 0.2462890625 0.07796875 0.05423828125
0 0.38240625 0.288701171875 0.0861328125 0.055693359375
0 0.10811718749999999 0.296494140625 0.0643359375 0.043544921875
0 0.376625 0.23181640625 0.0709140625 0.048603515625
1 0.7182265625 0.73619140625 0.0896875 0.0824609375
0 0.599796875 0.27658203125 0.1011484375 0.053486328125
0 0.4727265625 0.210849609375 0.0858046875 0.04275390625
0 0.5029609374999999 0.32158203125 0.11627343750000001 0.081982421875
1 0.5747109375 0.64037109375 0.0888203125 0.0683203125
1 0.8729374999999999 0.843828125 0.09228906249999999 0.092080078125
1 0.8384609375000001 0.373125 0.055281250000000004 0.035537109375
0 0.31746875 0.273505859375 0.0741640625 0.05322265625
1 0.42893749999999997 0.31923828125 0.0459375 0.040087890625
1 0.6679375000000001 0.400205078125 0.055640625 0.04619140625
1 0.46539843750000004 0.55943359375 0.0848203125 0.07533203125
1 0.41015625 0.504326171875 0.0591484375 0.06556640625
1 0.5987734375 0.380859375 0.052453125 0.05859375
1 0.7762265625 0.341103515625 0.0502265625 0.040458984375
1 0.9001093750000001 0.398994140625 0.052453125 0.047431640625