0 0.6825925925925926 0.29174897119341564 0.08355281207133058 0.11588477366255144
0 0.886406035665295 0.4971604938271605 0.08910836762688613 0.10430041152263374
0 0.17083676268861456 0.6401646090534979 0.09921810699588478 0.12401234567901236
0 0.6888065843621399 0.48329218106995886 0.08378600823045267 0.1237037037037037
0 0.7999588477366255 0.28905349794238683 0.09262002743484224 0.11962962962962963
0 0.8170644718792867 0.17366255144032924 0.08919067215363512 0.0883127572016461
0 0.3083264746227709 0.9046913580246914 0.10755829903978052 0.1518312757201646
0 0.18381344307270234 0.5080246913580247 0.09347050754458162 0.11160493827160495
0 0.9162688614540467 0.6436213991769547 0.09329218106995886 0.14220164609053498
0 0.5820438957475994 0.4949588477366255 0.08241426611796981 0.1147119341563786
0 0.40868312757201647 0.6405144032921811 0.09508916323731137 0.14541152263374485
0 0.18297668038408776 0.30267489711934153 0.09500685871056243 0.11753086419753087
0 0.47006858710562416 0.2970164609053498 0.08157750342935528 0.11430041152263373
0 0.16362139917695473 0.9009670781893004 0.10997256515775035 0.1680246913580247
0 0.4831687242798354 0.49779835390946503 0.08699588477366256 0.11078189300411523
0 0.8934019204389574 0.29393004115226334 0.08347050754458162 0.13884773662551442
0 0.38334705075445813 0.5105349794238683 0.08083676268861455 0.09207818930041152
0 0.9671742112482854 0.2929835390946502 0.06486968449931413 0.11242798353909465
0 0.9223868312757201 0.15537037037037038 0.09753086419753086 0.13277777777777777
0 0.6914540466392318 0.15349794238683126 0.09348422496570645 0.14146090534979425
0 0.3772565157750343 0.29059670781893004 0.08252400548696845 0.13551440329218106
0 0.5811522633744857 0.1796090534979424 0.08429355281207133 0.10736625514403292
0 0.721440329218107 0.8764609053497942 0.10978052126200274 0.1923456790123457
1 0.2704526748971193 0.5171604938271605 0.08196159122085048 0.07275720164609054
1 0.8213717421124828 0.662716049382716 0.09310013717421126 0.09878600823045267
0 0.41949245541838137 0.17026748971193414 0.08356652949245542 0.10129629629629629
1 0.5003017832647463 0.6665432098765433 0.07412894375857339 0.0734156378600823
1 0.7938683127572017 0.501440329218107 0.06694101508916324 0.06382716049382715
1 0.2719478737997256 0.6551234567901234 0.07397805212620027 0.08625514403292181
1 0.7102469135802469 0.6637037037037037 0.0886556927297668 0.0784567901234568
1 0.6012071330589849 0.6688271604938272 0.08507544581618656 0.08644032921810699
0 0.27122085048010974 0.28331275720164606 0.09314128943758575 0.1673251028806584
1 0.408244170096022 0.913724279835391 0.07497942386831276 0.09967078189300412
1 0.6016323731138545 0.907716049382716 0.08703703703703704 0.10625514403292181
0 0.9874897119341564 0.49343621399176957 0.025034293552812073 0.09726337448559672
1 0.859849108367627 0.9176543209876543 0.08796982167352536 0.08804526748971193
1 0.9601234567901233 0.9202057613168725 0.07263374485596709 0.08082304526748972
0 0.9883539094650206 0.16358024691358025 0.02329218106995885 0.0982716049382716
1 0.5195884773662551 0.9048971193415637 0.08102880658436214 0.09944444444444445
0 0.581920438957476 0.29627572016460907 0.07843621399176955 0.1061522633744856