0 0.5092625000000001 0.5367458432304038 0.08349999999999999 0.10902612826603325
0 0.6711374999999999 0.4199524940617577 0.0892125 0.10710213776722091
0 0.0541 0.35684085510688834 0.07202499999999999 0.05486935866983373
0 0.4562 0.38757719714964367 0.067425 0.09600950118764846
0 0.3644375 0.3769121140142518 0.064425 0.08394299287410927
1 0.42305 0.5339192399049881 0.061500000000000006 0.049477434679334915
1 0.22686250000000002 0.48636579572446553 0.0497375 0.04135391923990499
1 0.1706375 0.468978622327791 0.0418125 0.03593824228028504
1 0.2446 0.730498812351544 0.0772125 0.07980997624703089
1 0.1222 0.46631828978622325 0.04335 0.04085510688836105
0 0.639775 0.5898574821852732 0.122575 0.1682897862232779
1 0.28655 0.497624703087886 0.047412499999999996 0.04665083135391924
1 0.35223750000000004 0.7880285035629453 0.0808625 0.07465558194774347
1 0.31 0.3903562945368171 0.0344 0.02783847980997625
0 0.1288 0.3194536817102138 0.11625 0.07510688836104513
1 0.4789125 0.8603087885985748 0.0890625 0.10244655581947744
1 0.586325 0.8157719714964371 0.0695375 0.08166270783847981
1 0.4609375 0.7563895486935867 0.06875 0.08760095011876486
1 0.338675 0.7118527315914489 0.06797500000000001 0.07572446555819477
1 0.23555 0.6658194774346793 0.0601625 0.06087885985748218
1 0.16485 0.6955106888361046 0.0734375 0.06087885985748218
1 0.16797499999999999 0.6316864608076009 0.040625 0.049002375296912114
1 0.0836 0.6509738717339667 0.0609375 0.04603325415676959
1 0.7527375000000001 0.5938242280285035 0.03985 0.05344418052256532
0 0.6101624999999999 0.3919239904988123 0.103125 0.10095011876484561
0 0.1578125 0.38895486935866985 0.1078125 0.09204275534441805
0 0.3496125 0.49287410926365793 0.0632875 0.11579572446555819
0 0.5484375 0.38748218527315914 0.0796875 0.0831353919239905
0 0.5085999999999999 0.3704038004750594 0.05625 0.08166270783847981