0 0.18286833383549264 0.30474920921825577 0.20034046399517927 0.12244012652507907
0 0.8912955709551069 0.081762313601446 0.20455257607713165 0.13292363307727068
0 0.6535070804459174 0.7685223678264799 0.2259053931907201 0.13773610483506551
0 0.16171437179873457 0.1375146859466787 0.2114401928291654 0.13435607772254857
0 0.18674600783368484 0.7648531405332127 0.19993070201868035 0.136475372797108
0 0.8998403133473939 0.2773294170808857 0.19718589936727932 0.12913691821057388
0 0.6595239529978909 0.08826931766832355 0.21896655619162397 0.15664256665160414
0 0.1765893341367882 0.4616674197921374 0.21460379632419402 0.12558065973791235
0 0.8681259415486592 0.7686760054225034 0.2148840012051823 0.13336195210122007
0 0.864248267550467 0.5984952553095346 0.21160289243748115 0.13245820153637597
0 0.6644802651401024 0.27646181653863533 0.2180777342573064 0.13720741075463172
0 0.20681229285929495 0.9166741979213736 0.20703826453751129 0.1275553547220967
0 0.6385085869237722 0.9145006778129237 0.20823139499849352 0.1372435607772255
0 0.16026815305815004 0.6023904202440126 0.19191925278698405 0.12345232715770448
0 0.879267851762579 0.4282286488929055 0.20055739680626694 0.12751468594667872
0 0.031614944260319376 0.4604247627654767 0.06286532087978307 0.1317171260732038
0 0.8572702621271467 0.9255264347040217 0.19944260319373305 0.13771351107094443
0 0.6470352515818019 0.5955851784907366 0.2200994275384152 0.1218255761409851
0 0.027887918047604703 0.3028920018075011 0.055775836095209405 0.14923633077270673
0 0.0291503464899066 0.7584003615002259 0.05318770714070503 0.14087211929507457
0 0.4219945766797228 0.622214188883868 0.12701114793612533 0.25680072300045187
0 0.02791503464899066 0.593483958427474 0.051964447122627294 0.13556710347943968
0 0.029291955408255497 0.91594215996385 0.058583910816510994 0.13747401717126073
0 0.016830370593552274 0.09124717577948487 0.03186200662850256 0.11843651152281971
1 0.6526965953600483 0.45879801174875734 0.16861705332931606 0.13404880253050158