0 0.68725 0.7050824587706147 0.14598 0.16986506746626687
0 0.90852 0.44395802098950526 0.08098000000000001 0.0887256371814093
0 0.42145 0.37349325337331335 0.08729 0.06257871064467767
0 0.37936000000000003 0.5997901049475263 0.14141 0.14023988005997
0 0.7676499999999999 0.4153673163418291 0.09137999999999999 0.10515742128935532
0 0.49756 0.6366566716641678 0.1487 0.14337331334332834
0 0.69751 0.42193403298350823 0.08703 0.07457271364317841
0 0.5229400000000001 0.39374812593703146 0.08831 0.06778110944527736
0 0.28652999999999995 0.5552323838080959 0.13238999999999998 0.14152923538230885
0 0.49807 0.34797601199400297 0.06786 0.05314842578710645
0 0.20835 0.5080509745127436 0.13146000000000002 0.13287856071964016
0 0.58116 0.3587256371814093 0.07908 0.051964017991004495
0 0.8562000000000001 0.31389805097451273 0.04895 0.06442278860569715
1 0.80886 0.8008545727136431 0.10516 0.0953823088455772
0 0.08403000000000001 0.4681409295352324 0.11112000000000001 0.09034482758620689
0 0.94486 0.3313793103448276 0.04988 0.055427286356821585
0 0.61518 0.29449775112443777 0.05102 0.0431184407796102
0 0.79562 0.3032983508245877 0.063 0.07469265367316343
1 0.9400700000000001 0.8588605697151425 0.11104 0.10581709145427286
0 0.69662 0.30149925037481257 0.04102 0.04245877061469265
0 0.5255700000000001 0.2888605697151424 0.04834 0.036551724137931035
0 0.57448 0.2902848575712144 0.0414 0.03680659670164917
1 0.5841000000000001 0.7074662668665667 0.06257 0.06487256371814093
0 0.46226 0.3207646176911544 0.06408 0.042173913043478256
1 0.58238 0.42196401799100447 0.04438 0.02724137931034483
1 0.83754 0.4595052473763119 0.048850000000000005 0.03749625187406297
0 0.15075999999999998 0.4947526236881559 0.08474 0.08907046476761618
1 0.97529 0.49071964017991004 0.044289999999999996 0.04278860569715142
1 0.8530599999999999 0.41890554722638684 0.04046 0.028185907046476763
1 0.63217 0.3877511244377811 0.03746 0.021004497751124437
1 0.98134 0.4399100449775113 0.03732 0.03743628185907046
1 0.9016000000000001 0.34343328335832085 0.028050000000000002 0.025817091454272863
1 0.9863200000000001 0.357376311844078 0.027370000000000002 0.028095952023988003
1 0.6458400000000001 0.4267016491754123 0.03907 0.02904047976011994
1 0.65486 0.31389805097451273 0.02794 0.01940029985007496
1 0.76091 0.32632683658170913 0.02773 0.019955022488755622
1 0.36 0.3778110944527736 0.034 0.035982008995502246
1 0.728 0.31859070464767614 0.032 0.02848575712143928