0 0.56037 0.5565033333333333 0.1906575 0.2896166666666667
0 0.2579775 0.6829966666666666 0.2335925 0.27097333333333334
0 0.2102525 0.55416 0.1639425 0.1821333333333333
0 0.685935 0.6632733333333333 0.1789425 0.30466
0 0.31611 0.31862999999999997 0.1366825 0.12550666666666666
0 0.46005250000000003 0.44764000000000004 0.16038 0.22036333333333336
0 0.374165 0.38470666666666664 0.1462325 0.18687333333333334
0 0.2721325 0.2676733333333333 0.12661 0.10958999999999999
0 0.162935 0.16597333333333333 0.0707625 0.07011
0 0.8081625 0.8017833333333333 0.178 0.36593
0 0.90888 0.8619600000000001 0.11513 0.27608333333333335
1 0.357995 0.8397800000000001 0.11653749999999999 0.11903
0 0.11355 0.3493266666666667 0.122955 0.16710333333333333
0 0.47801499999999997 0.10174000000000001 0.10402249999999999 0.07482666666666667
0 0.075375 0.23969666666666667 0.0761725 0.07517
1 0.192995 0.19940000000000002 0.049092500000000004 0.04373
0 0.24201 0.23073333333333335 0.119435 0.07191333333333334
0 0.4253525 0.08340333333333333 0.054982500000000004 0.05654
1 0.147345 0.42374666666666666 0.0720925 0.06838333333333334
0 0.3043975 0.05387 0.04889 0.04458
0 0.3454475 0.06367666666666667 0.06531 0.05241333333333334
0 0.0700925 0.18177666666666667 0.07001 0.05346333333333333
1 0.19625 0.45416666666666666 0.0775 0.055