0 0.18761250000000002 0.5887366666666667 0.116815 0.14760333333333334
0 0.4710525 0.2653166666666667 0.0885325 0.06171666666666667
0 0.42702249999999997 0.3050966666666666 0.105575 0.07628
0 0.468805 0.10647000000000001 0.04461 0.03534333333333333
0 0.76877 0.20719666666666667 0.0642225 0.0484
1 0.33931 0.43617 0.085525 0.057806666666666666
1 0.6843325 0.6258066666666667 0.11185250000000001 0.08409333333333334
1 0.6644924999999999 0.7806666666666666 0.14006749999999998 0.11401666666666667
0 0.5738675 0.07754666666666667 0.030515 0.020096666666666665
1 0.38732 0.36557333333333336 0.054182499999999995 0.04049666666666667
1 0.900265 0.9135 0.130975 0.09460666666666666
1 0.7242274999999999 0.5336966666666666 0.07230249999999999 0.05450333333333333
1 0.91218 0.7602366666666667 0.118575 0.08413999999999999
1 0.2841475 0.5215666666666667 0.10468999999999999 0.07768666666666667
1 0.109375 0.7025 0.12125 0.10166666666666667
1 0.044375 0.83 0.08875 0.11
1 0.581875 0.9408333333333333 0.16875 0.11833333333333333
1 0.89 0.6241666666666666 0.0675 0.10833333333333334
1 0.885625 0.5458333333333333 0.07125 0.055
1 0.73375 0.45916666666666667 0.0725 0.065
1 0.745625 0.3983333333333333 0.06125 0.04666666666666667
1 0.88625 0.46416666666666667 0.06 0.058333333333333334
1 0.86375 0.41333333333333333 0.0475 0.04
1 0.745625 0.35333333333333333 0.04875 0.03666666666666667
1 0.745625 0.3125 0.04625 0.025
1 0.854375 0.36833333333333335 0.03625 0.03
1 0.855 0.335 0.0325 0.02666666666666667
1 0.760625 0.29 0.04125 0.03333333333333333
1 0.845625 0.31333333333333335 0.02625 0.02
1 0.844375 0.2866666666666667 0.02875 0.02
1 0.759375 0.27 0.03375 0.02666666666666667
1 0.7625 0.2375 0.0425 0.015
1 0.830625 0.2675 0.02125 0.011666666666666667
1 0.830625 0.2475 0.02625 0.011666666666666667