0 0.35592 0.5175233333333333 0.24026 0.18078666666666668
0 0.3904025 0.3898866666666667 0.1977125 0.13021
0 0.6232775 0.44621000000000005 0.2347225 0.15849333333333335
0 0.26700999999999997 0.6931733333333333 0.238975 0.22821
0 0.2179075 0.88095 0.25218250000000003 0.23747666666666664
0 0.42939499999999997 0.2995666666666667 0.1724275 0.10500666666666666
0 0.6282150000000001 0.34286999999999995 0.185255 0.10307333333333334
0 0.7486575 0.16455666666666668 0.06405 0.07513333333333333
0 0.8727275 0.2258666666666667 0.07504999999999999 0.08795333333333334
0 0.6009774999999999 0.60777 0.223655 0.1801833333333333
0 0.5818274999999999 0.11372333333333334 0.0573025 0.06979
0 0.811115 0.19352333333333335 0.054770000000000006 0.06992
0 0.4988625 0.10540666666666668 0.0606675 0.05698333333333333
0 0.665615 0.13507666666666668 0.0635975 0.07083333333333333
0 0.9390299999999999 0.26409 0.07112 0.08392333333333334
0 0.9604349999999999 0.47539000000000003 0.07231749999999999 0.10173
0 0.52507 0.18004333333333333 0.1187275 0.07405333333333333
0 0.9806275000000001 0.29563666666666666 0.0384675 0.08223666666666667
0 0.9797775000000001 0.56136 0.039575000000000006 0.11978333333333334
1 0.55375 0.8258333333333333 0.1675 0.17833333333333334