0 0.886775 0.6838099999999999 0.1193625 0.22870666666666667
0 0.210615 0.60183 0.1934575 0.15446666666666667
0 0.64547 0.46124 0.1210725 0.10957666666666667
0 0.6933075 0.34332333333333337 0.0858775 0.08613
0 0.6120924999999999 0.2829333333333333 0.08579 0.06305666666666666
0 0.46296 0.28171666666666667 0.0872225 0.05627666666666667
0 0.7331575 0.2570866666666667 0.06403249999999999 0.04684000000000001
0 0.7922175 0.60825 0.12238500000000001 0.1846066666666667
0 0.8361649999999999 0.3257633333333333 0.0490025 0.057879999999999994
0 0.50028 0.31184666666666666 0.0897925 0.06432
0 0.5975175 0.40039 0.120245 0.09592333333333333
0 0.4810075 0.21139 0.07067 0.047806666666666664
0 0.423325 0.25691 0.0798525 0.05039
0 0.950385 0.7765799999999999 0.0835275 0.19526666666666664
0 0.9636024999999999 0.43889333333333336 0.0495275 0.06221
0 0.54715 0.3514533333333333 0.11746 0.0779
0 0.19797499999999998 0.49718 0.13580250000000002 0.10901666666666666
0 0.9014425 0.2938733333333333 0.0398125 0.041743333333333334
0 0.8604525 0.50728 0.07943 0.09889666666666666
0 0.20035499999999998 0.34565666666666667 0.09909 0.06246333333333333
0 0.032487499999999996 0.4664933333333333 0.06497750000000001 0.06513666666666666
1 0.252095 0.72255 0.1364875 0.10335666666666667
0 0.1919725 0.43217 0.1175175 0.07668333333333334
0 0.735585 0.19057000000000002 0.028767499999999998 0.02590333333333333
0 0.32439999999999997 0.16818666666666668 0.0557125 0.03263666666666667
0 0.1924275 0.3015133333333333 0.08842749999999999 0.051416666666666666
0 0.048235 0.40115333333333336 0.07254250000000001 0.06539333333333333
0 0.1898425 0.19318333333333332 0.052277500000000005 0.03520666666666667
0 0.020577500000000002 0.8667600000000001 0.036225 0.14966333333333334
0 0.0592325 0.35435 0.07912000000000001 0.053526666666666674
0 0.025585 0.7296966666666667 0.046145000000000005 0.09884
0 0.403225 0.2256466666666667 0.08433249999999999 0.04650333333333333
0 0.378095 0.19983333333333334 0.080685 0.042786666666666674
0 0.973645 0.63419 0.044935 0.17478000000000002
0 0.0308125 0.5543966666666666 0.05899 0.11007333333333334
0 0.1894775 0.2803366666666667 0.0767675 0.05208666666666666
0 0.190105 0.2506 0.068825 0.0405
0 0.3550125 0.18446333333333334 0.057555 0.032146666666666664
0 0.4114775 0.24049666666666666 0.0877475 0.058076666666666665
1 0.5625 0.28 0.0375 0.03333333333333333
1 0.640625 0.3258333333333333 0.05375 0.08166666666666667
1 0.53 0.25583333333333336 0.035 0.035
1 0.4975 0.23333333333333334 0.0375 0.03666666666666667
1 0.023125 0.6308333333333334 0.04625 0.12833333333333333
1 0.190625 0.22583333333333333 0.05625 0.03166666666666667
1 0.92125 0.5708333333333333 0.0875 0.09833333333333333