0 0.11189249999999999 0.6287833333333332 0.1150325 0.17980666666666664
0 0.68912 0.5271433333333334 0.1738975 0.15738666666666667
0 0.19613999999999998 0.5576366666666667 0.12677249999999998 0.17684999999999998
0 0.6041275 0.7636900000000001 0.24359 0.21532333333333334
0 0.3381475 0.4003333333333333 0.1252125 0.12330333333333335
0 0.2676325 0.4744 0.12035 0.14896666666666666
0 0.4362125 0.3176866666666667 0.11484749999999999 0.10028
0 0.9083175 0.5219633333333333 0.08066 0.08402666666666667
0 0.930315 0.3731966666666666 0.055095 0.052070000000000005
0 0.8598425 0.45674333333333333 0.08385250000000001 0.08535000000000001
0 0.50585 0.25833 0.0912975 0.06759666666666667
0 0.046060000000000004 0.7223466666666667 0.087225 0.18208
0 0.18056 0.21339333333333332 0.0455975 0.04091333333333333
0 0.55467 0.22148333333333334 0.08485250000000001 0.05891333333333334
0 0.7239450000000001 0.40204333333333336 0.137775 0.10568000000000001
0 0.0405 0.40552 0.05298 0.07952666666666668
0 0.9708925 0.4172066666666666 0.051255 0.06134666666666667
0 0.1718975 0.29068666666666665 0.055302500000000004 0.05722
0 0.12497499999999999 0.32983666666666667 0.06005 0.0618
0 0.08832999999999999 0.27170666666666665 0.040482500000000005 0.046090000000000006
1 0.6285575 0.6346066666666667 0.0988575 0.07775
0 0.26103 0.16975 0.036605 0.03222333333333333
1 0.6968 0.45612333333333327 0.0952675 0.05993
0 0.32589 0.20412666666666668 0.060649999999999996 0.041253333333333336
0 0.87349 0.30544333333333334 0.0528275 0.04732
0 0.74889 0.33737333333333336 0.1038675 0.06869333333333334
0 0.7665449999999999 0.2145 0.0584425 0.03784
0 0.7068 0.16985 0.0491025 0.030656666666666665
0 0.8987975 0.34169666666666665 0.0445075 0.04302666666666667
0 0.1371775 0.22846666666666665 0.03583 0.03700666666666667
1 0.3926825 0.36863666666666667 0.044090000000000004 0.04143
0 0.50662 0.13089 0.0469375 0.03099
0 0.5987925000000001 0.19120333333333334 0.07124 0.04229666666666667
0 0.7403624999999999 0.19272666666666666 0.0504925 0.034953333333333336
0 0.42302999999999996 0.15303666666666668 0.05928 0.035563333333333336
1 0.49651999999999996 0.9263833333333333 0.159615 0.11445000000000001
0 0.8326399999999999 0.27665 0.05291 0.04020666666666667
0 0.5545800000000001 0.10722666666666666 0.032095 0.025536666666666666
0 0.5814925 0.10345333333333334 0.029855 0.022260000000000002
0 0.100795 0.20909666666666665 0.026997499999999997 0.033209999999999996
0 0.030545000000000003 0.25917999999999997 0.0336225 0.039946666666666665
1 0.4807 0.29452 0.0504175 0.039426666666666665
0 0.7165775 0.12631 0.0427 0.029516666666666667
0 0.2910375 0.14547000000000002 0.036914999999999996 0.02582
1 0.28685750000000004 0.22922666666666666 0.0363025 0.0242
1 0.24504499999999999 0.25333333333333335 0.03539 0.028353333333333335
1 0.08308249999999999 0.37363 0.0325675 0.036469999999999995
1 0.2025 0.2708333333333333 0.0375 0.03166666666666667
1 0.365 0.18333333333333332 0.05 0.03666666666666667