0 0.6062124999999999 0.32392666666666664 0.07459 0.07511666666666666
0 0.77746 0.5401633333333333 0.0958625 0.18269666666666667
0 0.6096975 0.43678999999999996 0.1215875 0.148
0 0.614815 0.20774 0.0623925 0.052469999999999996
0 0.28746499999999997 0.2716966666666667 0.07740999999999999 0.06631333333333334
0 0.5016125 0.27548 0.08141 0.07479333333333334
0 0.6747225 0.20727333333333334 0.0439275 0.044483333333333326
0 0.731125 0.25864333333333334 0.05336 0.06480333333333334
0 0.0937125 0.43649666666666664 0.081735 0.07768333333333334
0 0.8159624999999999 0.2678566666666667 0.03932 0.04986
1 0.4853725 0.37818999999999997 0.0511 0.03654
0 0.0634925 0.39485333333333333 0.072975 0.060566666666666664
0 0.5423975000000001 0.18287 0.045840000000000006 0.05373666666666667
1 0.43528750000000005 0.3485 0.041475 0.035083333333333334
1 0.538175 0.4207266666666667 0.0554925 0.04774333333333333
0 0.7798849999999999 0.16082333333333335 0.025085 0.022956666666666667
0 0.7697350000000001 0.19857000000000002 0.02834 0.026520000000000002
1 0.7659375 0.2921666666666667 0.031375 0.02871
0 0.2404025 0.25677 0.06087 0.05565666666666667
1 0.3912625 0.32417999999999997 0.040287500000000004 0.028333333333333332
1 0.6425625 0.24256666666666668 0.030137499999999998 0.023383333333333336
1 0.686895 0.25888 0.03459 0.02602
0 0.9527775 0.35153999999999996 0.047259999999999996 0.06029333333333333
0 0.1694075 0.2175133333333333 0.05425 0.04279
0 0.2036125 0.23220333333333334 0.0589175 0.05100333333333333
1 0.5552775 0.31083666666666665 0.0440525 0.04080333333333333
0 0.7448425 0.16112666666666667 0.0249575 0.023786666666666668
0 0.7036950000000001 0.18109999999999998 0.0345225 0.03402666666666666
1 0.11505 0.48278 0.03904 0.03488666666666666
0 0.0527725 0.35608 0.0744325 0.05492333333333334
1 0.3515475 0.30772666666666665 0.028 0.0212
1 0.4288575 0.26081333333333334 0.02958 0.022193333333333332
1 0.1661925 0.5781866666666666 0.045895000000000005 0.03559333333333333
1 0.31493 0.29411333333333334 0.0292975 0.02323
0 0.413665 0.16085666666666668 0.05012 0.03833333333333333
0 0.9854225 0.38094 0.0291575 0.07026
1 0.253405 0.7454333333333334 0.08177 0.08343
1 0.445855 0.95038 0.11744249999999999 0.09623
1 0.3423775 0.8483666666666666 0.09983 0.10008333333333333
0 0.3761725 0.15154 0.039055 0.03583666666666667
0 0.044590000000000005 0.31192333333333333 0.0613975 0.05249333333333333
1 0.12505 0.5287433333333333 0.048979999999999996 0.04032666666666667
1 0.688125 0.5141666666666667 0.08375 0.11166666666666666
1 0.853125 0.6183333333333333 0.07875 0.11
1 0.92 0.6583333333333333 0.0725 0.11333333333333333
1 0.91375 0.53 0.0575 0.10333333333333333
1 0.97875 0.7016666666666667 0.0425 0.09333333333333334
1 0.965625 0.5483333333333333 0.03625 0.09666666666666666
1 0.860625 0.4766666666666667 0.06375 0.07
1 0.789375 0.43416666666666665 0.05875 0.065
1 0.731875 0.4008333333333333 0.07125 0.065
1 0.674375 0.3516666666666667 0.05125 0.07333333333333333
1 0.813125 0.3225 0.05625 0.058333333333333334
1 0.93625 0.4 0.0375 0.04666666666666667
1 0.968125 0.42916666666666664 0.04375 0.041666666666666664
1 0.2125 0.64 0.0975 0.09333333333333334
1 0.38875 0.255 0.025 0.023333333333333334
1 0.455625 0.2725 0.02375 0.03833333333333333