0 0.6037100000000001 0.5128433333333333 0.130265 0.21610333333333331
0 0.7005225 0.4906966666666666 0.1383375 0.21152333333333334
0 0.52911 0.3754533333333333 0.10993 0.10947000000000001
0 0.6995075000000001 0.3145266666666667 0.093935 0.10876666666666666
0 0.3899925 0.6320466666666666 0.18099500000000002 0.34395
1 0.490905 0.5845666666666667 0.08791500000000001 0.12058999999999999
0 0.7615625 0.45509333333333335 0.11293 0.15759333333333334
0 0.82772 0.4462966666666667 0.0907025 0.11443666666666667
0 0.559805 0.19362000000000001 0.051785 0.05227666666666667
1 0.17808500000000002 0.7403366666666668 0.08196500000000001 0.14872333333333335
1 0.27478250000000004 0.70493 0.085605 0.15875
0 0.3136125 0.21324666666666667 0.0394675 0.05549
1 0.64085 0.34434 0.045752499999999995 0.06771666666666668
1 0.437 0.42344 0.070675 0.09445333333333333
1 0.27564249999999996 0.28654666666666667 0.0395375 0.042866666666666664
0 0.4261925 0.22034333333333334 0.061880000000000004 0.055843333333333335
1 0.3497 0.45607000000000003 0.06923 0.08480333333333333
1 0.5854025 0.35059666666666667 0.059415 0.07699333333333333
1 0.2666175 0.50266 0.07032 0.09716000000000001
1 0.32291250000000005 0.2650533333333333 0.037585 0.03803333333333333
1 0.2645075 0.42758666666666667 0.06749 0.07573666666666667
1 0.09150749999999999 0.7627166666666667 0.0656625 0.12487000000000001
1 0.22697499999999998 0.30513 0.0378725 0.04224
1 0.1716075 0.32763 0.035735 0.03728666666666667
1 0.1325625 0.3456233333333333 0.0323125 0.03958333333333333
1 0.1910225 0.5401199999999999 0.06589 0.12939333333333333
1 0.118125 0.5691666666666667 0.05125 0.10833333333333334
1 0.053125 0.5883333333333334 0.05875 0.06666666666666667