0 0.6863425 0.5752933333333333 0.1218225 0.22968333333333332
0 0.8646675 0.66939 0.07867 0.20569333333333334
0 0.7821174999999999 0.6182333333333333 0.09002 0.20637666666666665
0 0.31333 0.40690000000000004 0.1170325 0.16467333333333334
0 0.941635 0.69159 0.07239 0.20314
0 0.24758750000000002 0.36378666666666665 0.11656749999999999 0.14300333333333334
0 0.3916625 0.4431566666666667 0.12268000000000001 0.15234
1 0.48241500000000004 0.5148566666666666 0.0723925 0.10529999999999999
1 0.5766924999999999 0.5710933333333333 0.082595 0.12432
0 0.16469499999999998 0.32782333333333336 0.0886425 0.12083
0 0.0738525 0.9134200000000001 0.13729249999999998 0.1689
0 0.982155 0.7127533333333335 0.0356925 0.19633333333333333
1 0.04 0.805 0.06 0.08