0 0.48895 0.1414 0.0601875 0.07047333333333333
0 0.6272300000000001 0.45219 0.125105 0.22138333333333332
0 0.14991749999999998 0.5086133333333333 0.1481725 0.21717666666666666
0 0.4428825 0.68155 0.15965000000000001 0.32961666666666667
0 0.8704225 0.27514 0.066025 0.09727333333333334
0 0.7670275000000001 0.22348333333333334 0.0590075 0.09286333333333333
0 0.7173474999999999 0.20233666666666666 0.05432 0.08927666666666666
0 0.42842250000000004 0.36951999999999996 0.141315 0.21459999999999999
0 0.25391749999999996 0.34571 0.130445 0.14151333333333335
0 0.5512474999999999 0.15388666666666667 0.0559 0.06744666666666667
0 0.8339249999999999 0.78618 0.12829249999999998 0.31915
1 0.5188075 0.43560333333333334 0.08625749999999999 0.09760999999999999
1 0.33259750000000005 0.6300933333333333 0.0924575 0.11473666666666665
1 0.719975 0.5203800000000001 0.08458 0.12352
1 0.706745 0.7852933333333334 0.09864 0.18307
1 0.335265 0.38398333333333334 0.06044 0.07443
0 0.6621174999999999 0.18675 0.055020000000000006 0.07053
1 0.8203975 0.27720666666666666 0.033225000000000005 0.03987
1 0.57737 0.7476200000000001 0.112375 0.18139
0 0.8965775 0.53827 0.1060175 0.23926333333333333
1 0.229045 0.5709133333333334 0.0790375 0.09418666666666667
0 0.96848 0.6047766666666666 0.06304 0.1925666666666667
0 0.95423 0.33762000000000003 0.0559375 0.07844333333333334
1 0.81402 0.56972 0.0705125 0.11259333333333332
1 0.912395 0.3243833333333333 0.027217500000000002 0.042300000000000004
1 0.91 0.8458333333333333 0.0725 0.15166666666666667
1 0.973125 0.86 0.05375 0.17333333333333334
1 0.596875 0.18666666666666668 0.05125 0.07666666666666666