0 0.39002749999999997 0.5681166666666666 0.1383975 0.24770999999999999
0 0.166045 0.6357233333333333 0.113155 0.21788999999999997
0 0.501685 0.5288966666666667 0.12588 0.22585
0 0.27171749999999995 0.6021366666666667 0.1131875 0.22954666666666665
0 0.59256 0.48707 0.12323999999999999 0.18341666666666667
0 0.8217949999999999 0.40854333333333337 0.0872525 0.11352333333333334
0 0.626145 0.8795799999999999 0.21725999999999998 0.20829333333333333
0 0.8308450000000001 0.7253466666666667 0.1551325 0.18705333333333332
0 0.7335325 0.44588333333333335 0.09956999999999999 0.15305333333333335
0 0.9591275 0.9008266666666667 0.079175 0.19835
0 0.6763075 0.4692633333333333 0.104125 0.16032
0 0.8982424999999999 0.38820666666666664 0.07934000000000001 0.08062666666666667
0 0.94412 0.5854133333333333 0.08430249999999999 0.1535
1 0.78154 0.4531466666666667 0.050195000000000004 0.07288
1 0.8737324999999999 0.43506666666666666 0.04852 0.06220333333333334
0 0.48539 0.05618 0.0936025 0.09666000000000001
1 0.095625 0.7108333333333333 0.07875 0.11833333333333333