0 0.6791799999999999 0.39423 0.1297675 0.11852333333333333
0 0.3042475 0.5012533333333333 0.1297425 0.16893333333333332
0 0.5948375 0.2853266666666667 0.070525 0.08353333333333333
0 0.5498725 0.6038266666666666 0.20127 0.21357666666666666
0 0.755105 0.30202333333333337 0.08516 0.06390666666666667
0 0.4463025 0.6967899999999999 0.1865375 0.22710333333333332
0 0.503755 0.33447 0.09569 0.10840666666666668
0 0.6369125 0.2559866666666667 0.085615 0.07627333333333333
0 0.293445 0.26400999999999997 0.062845 0.055586666666666666
0 0.34347000000000005 0.24174666666666667 0.0518625 0.04702666666666667
0 0.25219749999999996 0.24098000000000003 0.0519875 0.05023666666666667
0 0.9332324999999999 0.9460966666666667 0.1335375 0.10780666666666668
1 0.38023 0.45419666666666664 0.0618525 0.062323333333333335
0 0.9683825 0.48989333333333335 0.0621575 0.08482
0 0.41681999999999997 0.20667666666666665 0.061215000000000006 0.05702
1 0.5816699999999999 0.5108066666666667 0.055067500000000005 0.05840666666666667
0 0.29348 0.21425999999999998 0.0498025 0.04184333333333334
0 0.54912 0.3017533333333333 0.087355 0.09990666666666667
1 0.6333150000000001 0.4597266666666667 0.055247500000000005 0.05889666666666667
0 0.961865 0.5702266666666667 0.0749075 0.15289
0 0.68416 0.23943333333333333 0.05973 0.05619333333333334
0 0.71414 0.21495333333333333 0.0519125 0.043096666666666665
0 0.37342000000000003 0.18546666666666667 0.048342500000000004 0.04546666666666667
1 0.2468325 0.30868666666666666 0.0396725 0.040343333333333335
0 0.9615925 0.73688 0.07126 0.20434999999999998
0 0.793845 0.2597466666666667 0.0715325 0.052219999999999996
1 0.4483375 0.3997166666666667 0.06473000000000001 0.06799333333333334
1 0.9535 0.8662933333333334 0.0788625 0.115
0 0.5668525 0.16107333333333335 0.0442725 0.042063333333333335
0 0.47689499999999996 0.18346 0.06694499999999999 0.06020333333333334
0 0.3336875 0.19737000000000002 0.04967 0.03915333333333333
1 0.378005 0.23972333333333332 0.032275 0.02818666666666667
0 0.7185225000000001 0.35284666666666664 0.09487000000000001 0.07210666666666667
1 0.31 0.785 0.135 0.13
1 0.53875 0.17916666666666667 0.045 0.03166666666666667
1 0.95 0.6241666666666666 0.065 0.075
1 0.958125 0.43583333333333335 0.03125 0.025
1 0.954375 0.415 0.02875 0.023333333333333334
1 0.958125 0.3933333333333333 0.02125 0.023333333333333334
0 0.958125 0.2941666666666667 0.07125 0.08833333333333333
0 0.0275 0.41 0.055 0.08
0 0.034375 0.34833333333333333 0.05875 0.06
0 0.05625 0.31333333333333335 0.0575 0.07666666666666666