0 0.6087925000000001 0.6848766666666667 0.193865 0.2248666666666667
0 0.21756999999999999 0.31992333333333334 0.0671425 0.08552333333333333
0 0.44227249999999996 0.4806533333333333 0.1304925 0.16417
0 0.5053 0.4204333333333333 0.11823 0.13088666666666668
0 0.558695 0.3678966666666667 0.11078 0.09155333333333335
0 0.252915 0.62133 0.13563 0.23842333333333332
0 0.6771925 0.5634600000000001 0.1507675 0.15813333333333332
0 0.2846725 0.2986533333333333 0.057175 0.06727666666666667
0 0.3799325 0.25323333333333337 0.061862499999999994 0.05699
0 0.759045 0.44442 0.12454000000000001 0.11565
0 0.17044 0.35756000000000004 0.0558325 0.08556
0 0.32784500000000005 0.27393666666666666 0.060125 0.06219666666666667
0 0.643435 0.30956666666666666 0.0907925 0.07925666666666667
0 0.6079249999999999 0.33497666666666664 0.0879225 0.08161666666666667
0 0.42183 0.23497666666666664 0.0573925 0.055093333333333334
0 0.330215 0.21925999999999998 0.047485 0.043166666666666666
0 0.4997125 0.2048533333333333 0.0470075 0.05162666666666667
0 0.4590275 0.21496666666666667 0.0629225 0.05825333333333333
0 0.2896475 0.23761000000000002 0.0470375 0.04452333333333333
1 0.5054225 0.7743433333333334 0.0984175 0.10487666666666666
0 0.7753675 0.3636266666666667 0.105455 0.07267
1 0.7181775 0.5009833333333333 0.0788175 0.07091666666666667
0 0.362965 0.19844333333333336 0.053200000000000004 0.04740333333333334
0 0.404655 0.18800666666666666 0.0416225 0.03978
0 0.08186 0.26887 0.039387500000000006 0.04494
0 0.65786 0.17233666666666667 0.042222499999999996 0.03832
0 0.0325925 0.30510333333333334 0.0410325 0.05753333333333333
0 0.67716 0.28428333333333333 0.07614749999999999 0.06492666666666666
0 0.5312125 0.20005333333333333 0.0451175 0.04351666666666667
0 0.5629924999999999 0.1913 0.0507975 0.04844333333333334
0 0.9245725 0.3270033333333333 0.0442225 0.05572666666666667
0 0.439685 0.17717666666666665 0.041925 0.03632
1 0.4059 0.8666200000000001 0.09412999999999999 0.10858333333333334
0 0.14895 0.3028666666666667 0.0455975 0.05314666666666667
0 0.8582375 0.28331666666666666 0.0363825 0.040613333333333335
0 0.619925 0.15798333333333334 0.03423 0.03528333333333333
0 0.89048 0.30216666666666664 0.048799999999999996 0.04961
0 0.46383749999999996 0.17146333333333333 0.037407499999999996 0.03301
0 0.199785 0.26783 0.0415725 0.03924333333333333
0 0.4995775 0.16367666666666666 0.0452925 0.032170000000000004
0 0.123545 0.24872333333333332 0.03767 0.042813333333333335
1 0.2375 0.26666666666666666 0.045 0.04666666666666667
1 0.731875 0.38083333333333336 0.05125 0.055