0 0.36479 0.26429 0.0675125 0.09089666666666667
0 0.7314875 0.3190533333333333 0.0821675 0.07366
0 0.137685 0.6472766666666666 0.10841500000000001 0.20589333333333332
0 0.82814 0.41907666666666665 0.08294 0.08383333333333333
0 0.0484525 0.6940733333333333 0.09475 0.20012333333333335
0 0.19351249999999998 0.32692 0.0664425 0.09791666666666667
0 0.08849 0.39075666666666664 0.0651075 0.09722333333333334
0 0.4235 0.25051999999999996 0.06883 0.06988333333333334
1 0.314295 0.3083433333333333 0.041055 0.03594666666666667
1 0.256735 0.32711 0.03661 0.036796666666666665
0 0.030195 0.4228266666666667 0.051635 0.07478666666666667
1 0.4384275 0.5228566666666666 0.0754075 0.06825666666666667
1 0.3445525 0.5687233333333334 0.0850275 0.08313999999999999
1 0.2494775 0.61041 0.08691249999999999 0.09387666666666666
1 0.1475575 0.3753433333333333 0.039695 0.044506666666666674
1 0.8699625 0.5207366666666666 0.0597375 0.07584333333333333
1 0.768115 0.38716333333333336 0.045817500000000004 0.04097
1 0.53626 0.25093 0.045235 0.030310000000000004
1 0.9440425 0.7271133333333334 0.07066249999999999 0.08767
1 0.60609 0.2648933333333333 0.048490000000000005 0.031400000000000004
1 0.91749 0.6250066666666667 0.06942749999999999 0.08435333333333334
1 0.672385 0.30290333333333336 0.040345 0.032986666666666664
1 0.474655 0.25764333333333334 0.0370625 0.024916666666666667
1 0.9694175 0.85605 0.0580125 0.10209666666666667
1 0.5375 0.7366666666666667 0.1 0.16666666666666666
1 0.515625 0.9275 0.14875 0.13833333333333334