0 0.5228700000000001 0.7540666666666666 0.19036250000000002 0.27396333333333334
0 0.2261325 0.4718966666666667 0.1739925 0.31261
0 0.39768000000000003 0.6504366666666667 0.2068625 0.35352999999999996
0 0.03163 0.06591 0.0597325 0.07612000000000001
0 0.107105 0.32465666666666665 0.1367475 0.22404
1 0.6493075 0.08052666666666668 0.0788475 0.07784666666666666
0 0.038067500000000004 0.83454 0.06141 0.20863333333333334
1 0.135685 0.41057666666666665 0.0947 0.13522
1 0.756465 0.15272 0.08424250000000001 0.08829666666666666
1 0.98282 0.40843999999999997 0.03436 0.07682666666666667
1 0.9207124999999999 0.30344000000000004 0.0654175 0.08090333333333334
1 0.03723 0.30161333333333334 0.0700925 0.09817
1 0.8469425 0.23883333333333334 0.06168 0.08019666666666667
1 0.279375 0.5625 0.12125 0.14166666666666666
1 0.54125 0.050833333333333335 0.09 0.07833333333333334
1 0.0925 0.9283333333333333 0.075 0.06333333333333334