0 0.3238625 0.50217 0.1391225 0.14853
0 0.44315 0.4082066666666666 0.12630249999999998 0.10788333333333333
0 0.76581 0.7673533333333333 0.221755 0.21005666666666664
0 0.5351125 0.3115266666666667 0.1114225 0.08002
0 0.07442499999999999 0.76034 0.1266525 0.25792333333333334
0 0.80018 0.6379900000000001 0.1794825 0.16177333333333332
0 0.7024349999999999 0.8877733333333334 0.2192675 0.20675666666666667
0 0.8523350000000001 0.33666 0.09331 0.06513
0 0.8376675 0.47819666666666666 0.13713499999999998 0.09008000000000001
0 0.592495 0.2790933333333333 0.0916025 0.06319666666666666
0 0.8291900000000001 0.5464533333333333 0.13487000000000002 0.10252
0 0.23029750000000002 0.5788766666666667 0.144345 0.22451
0 0.950585 0.8767533333333334 0.09822 0.20158333333333334
0 0.73062 0.18492333333333333 0.0595225 0.03619666666666667
0 0.64032 0.17165666666666668 0.071575 0.03466
0 0.8561175 0.27871 0.07071 0.03962
0 0.8409 0.42206000000000005 0.10807 0.07359666666666666
1 0.49073 0.36224 0.055229999999999994 0.04676
1 0.38796499999999995 0.45783999999999997 0.063035 0.05294
1 0.15 0.7116666666666667 0.1225 0.14333333333333334
1 0.104375 0.5391666666666667 0.06375 0.075
1 0.84375 0.36833333333333335 0.07 0.06333333333333334