0 0.25577500000000003 0.5636766666666666 0.133745 0.1884
0 0.1101075 0.74074 0.1123125 0.22035666666666667
0 0.7705850000000001 0.5698333333333333 0.1602375 0.15837666666666667
0 0.34071749999999995 0.49951999999999996 0.127085 0.15604666666666667
0 0.46292500000000003 0.37476333333333334 0.11594499999999999 0.09727666666666666
0 0.64381 0.8230333333333333 0.265265 0.25343
0 0.0797125 0.43673 0.05799 0.07287666666666666
1 0.561585 0.9413833333333333 0.1349225 0.11047333333333334
0 0.3193075 0.2551733333333333 0.06374 0.060103333333333335
1 0.4135675 0.4392033333333333 0.06867749999999999 0.05727333333333333
1 0.36513 0.3186033333333333 0.0430075 0.02928333333333333
0 0.0340625 0.25633 0.032560000000000006 0.031393333333333336
0 0.3622625 0.23994000000000001 0.0489275 0.04229666666666667
1 0.698035 0.6828433333333334 0.11016 0.09300333333333333
1 0.183125 0.6633333333333333 0.09625 0.12666666666666668
1 0.1375 0.4091666666666667 0.045 0.055
1 0.184375 0.3616666666666667 0.04625 0.05333333333333334
1 0.231875 0.325 0.04125 0.06666666666666667
1 0.273125 0.29583333333333334 0.03125 0.04833333333333333
1 0.035625 0.4975 0.04125 0.07833333333333334