0 0.5769325 0.4230133333333333 0.08298 0.08009000000000001
0 0.4649375 0.6818566666666667 0.16924250000000002 0.23155
0 0.35305000000000003 0.5032766666666666 0.1052225 0.14606333333333332
0 0.43805 0.47189000000000003 0.100635 0.1094
0 0.501295 0.4358533333333333 0.1004675 0.09464666666666667
0 0.6525974999999999 0.37016666666666664 0.1070125 0.09433
0 0.4171275 0.29987 0.0697975 0.06393333333333334
0 0.3254925 0.32245666666666667 0.062525 0.07168333333333334
0 0.6652374999999999 0.5056333333333334 0.1261275 0.12197666666666666
1 0.5326075 0.6203000000000001 0.0787525 0.09458
1 0.6106725000000001 0.56759 0.06336 0.07904333333333333
0 0.34851499999999996 0.28163 0.044892499999999995 0.04422333333333333
1 0.37989999999999996 0.3336266666666667 0.0412825 0.04163666666666666
0 0.6117425 0.26820333333333335 0.0639825 0.04646333333333333
0 0.9762274999999999 0.63063 0.047542499999999994 0.14792666666666665
0 0.585995 0.27632666666666666 0.0553375 0.03498333333333333
1 0.71358 0.47972333333333333 0.054137500000000005 0.06122666666666667
1 0.46839 0.30871 0.03635 0.03366