0 0.15553 0.36968999999999996 0.08585250000000001 0.11909666666666667
0 0.2227325 0.32039666666666666 0.086755 0.10015333333333333
0 0.47590750000000004 0.59442 0.20599 0.2627233333333333
0 0.24229 0.23515666666666668 0.080915 0.06977333333333333
0 0.2963975 0.2845266666666667 0.0771125 0.08020333333333333
0 0.562145 0.4996 0.173935 0.18502
0 0.28848 0.8854566666666667 0.1592225 0.21471666666666667
0 0.7919625 0.7078033333333333 0.2212725 0.23683
0 0.3554575 0.24405666666666664 0.08653 0.08050666666666667
0 0.80814 0.5732933333333333 0.17032499999999998 0.1488
0 0.70705 0.8332266666666666 0.26112 0.27910666666666667
0 0.8244525 0.48238000000000003 0.14525749999999998 0.11256999999999999
0 0.624235 0.4151066666666666 0.134565 0.15319666666666665
0 0.0935925 0.23708333333333334 0.045082500000000005 0.052360000000000004
0 0.69536 0.31732 0.1317075 0.09981
0 0.20704 0.16585 0.05614 0.04396666666666667
0 0.1219075 0.19244333333333336 0.034745 0.03626666666666666
0 0.15120750000000002 0.16886333333333334 0.042015000000000004 0.04306666666666666
0 0.4110975 0.21055666666666664 0.07759999999999999 0.0652
0 0.8444125 0.37097 0.10187 0.0732
1 0.4051975 0.7611166666666667 0.11058499999999999 0.11350333333333333
0 0.09635500000000001 0.43582 0.06903749999999999 0.13752999999999999
0 0.8400449999999999 0.42651999999999995 0.1249425 0.08896333333333332
0 0.434015 0.12614999999999998 0.06785250000000001 0.049466666666666666
0 0.4809 0.17211666666666667 0.07730500000000001 0.06088
0 0.6086775 0.93304 0.199255 0.13391666666666666
0 0.6671174999999999 0.3678433333333333 0.1493925 0.12528
0 0.8571175 0.31516666666666665 0.086005 0.06663333333333334
0 0.5659249999999999 0.13707 0.066295 0.05080333333333333
0 0.5189025 0.15282666666666667 0.0661725 0.05277666666666667
0 0.30696749999999995 0.10206333333333334 0.0436225 0.03778333333333333
0 0.6445375 0.10796 0.053355 0.04081
1 0.2909725 0.22088999999999998 0.03761 0.026930000000000003
1 0.33282 0.19185666666666668 0.0355525 0.02777333333333333
0 0.185645 0.10278666666666667 0.0265975 0.032189999999999996
0 0.3486225 0.07532333333333334 0.0428975 0.03452333333333333
0 0.6079125000000001 0.12003666666666667 0.056412500000000004 0.04455
0 0.577735 0.08856 0.042375 0.033396666666666665
0 0.22931 0.09035666666666667 0.0440375 0.034686666666666664
0 0.09973749999999999 0.16764666666666667 0.026914999999999998 0.02889
0 0.532295 0.09446 0.0607725 0.04265
0 0.771125 0.21017 0.0692475 0.05950666666666667
0 0.06891 0.1901 0.03023 0.034043333333333335
1 0.4538925 0.20574666666666666 0.0403975 0.03784333333333333
0 0.5379349999999999 0.045086666666666664 0.047627499999999996 0.02867
0 0.73436 0.23334 0.0816675 0.06883
0 0.2735075 0.1209 0.0491925 0.05352
1 0.3672425 0.16981666666666667 0.0331225 0.025936666666666667
0 0.69972 0.09423666666666666 0.046752499999999995 0.037906666666666665
1 0.12625 0.3275 0.0625 0.035
1 0.180625 0.28583333333333333 0.03625 0.035
1 0.40875 0.16083333333333333 0.0325 0.035
1 0.488125 0.11833333333333333 0.03125 0.02666666666666667
1 0.245625 0.1525 0.03875 0.028333333333333332
1 0.129375 0.22083333333333333 0.03625 0.03166666666666667
1 0.16625 0.1975 0.0325 0.025