0 0.3535875 0.41706000000000004 0.114155 0.11583333333333333
0 0.20008 0.56231 0.12962 0.20571333333333333
0 0.2700625 0.47451333333333334 0.1340275 0.16433666666666666
0 0.74138 0.8159 0.24307499999999999 0.25356
0 0.2697425 0.33025 0.1053575 0.09923666666666665
0 0.5164099999999999 0.21566000000000002 0.0773725 0.06882333333333333
0 0.5702699999999999 0.2380266666666667 0.079815 0.06783666666666667
0 0.6875399999999999 0.29195333333333334 0.0769375 0.08807
0 0.6269225 0.2629666666666667 0.07514749999999999 0.07239666666666666
0 0.7507575000000001 0.33008 0.068365 0.07693666666666667
0 0.4410125 0.18474000000000002 0.06161 0.04857
0 0.1964875 0.25511666666666666 0.057165 0.060153333333333336
0 0.8101875 0.3687966666666667 0.06461 0.10591333333333333
0 0.30397250000000003 0.15315666666666666 0.063795 0.04032666666666667
0 0.14673 0.28591 0.052755 0.053913333333333334
0 0.48095 0.19695333333333334 0.0721425 0.05657
0 0.0474925 0.7347466666666665 0.080295 0.22000333333333333
0 0.9694925 0.9455333333333333 0.053125 0.10893333333333334
0 0.39497750000000004 0.16988333333333333 0.0573525 0.04399333333333333
1 0.11137999999999999 0.32643666666666665 0.0400925 0.0386
0 0.14833000000000002 0.44539666666666666 0.0784525 0.10334333333333333
0 0.0164675 0.39840333333333333 0.02757 0.08207666666666666
1 0.210625 0.39666666666666667 0.09125 0.06
1 0.0325 0.5775 0.0575 0.08833333333333333