0 0.8470275 0.27983 0.0551325 0.04961666666666666
0 0.7881174999999999 0.31509666666666664 0.069235 0.05323
0 0.1700025 0.34625333333333336 0.053950000000000005 0.05773
0 0.39087 0.2843533333333333 0.046329999999999996 0.04525666666666667
0 0.5819525 0.23732333333333333 0.0425175 0.03136666666666667
0 0.6316849999999999 0.23116333333333333 0.03915 0.032916666666666664
1 0.625795 0.41397333333333336 0.053137500000000004 0.039099999999999996
1 0.5501050000000001 0.35715 0.039307499999999995 0.030109999999999998
0 0.766255 0.24262666666666666 0.043135 0.03593333333333333
1 0.6833674999999999 0.39658666666666664 0.048835 0.03969333333333333
1 0.5681799999999999 0.43239333333333335 0.05802 0.0448
0 0.801845 0.27486 0.0312625 0.03275
0 0.72021 0.23992333333333332 0.034445 0.03263
1 0.50517 0.45594666666666667 0.0530475 0.044616666666666666
1 0.5067225000000001 0.37278999999999995 0.04136 0.03428333333333333
1 0.43472000000000005 0.29183 0.03394 0.024366666666666665
0 0.6071599999999999 0.23002666666666668 0.0326375 0.031183333333333334
1 0.4320375 0.48901666666666666 0.0656675 0.04535666666666666
1 0.464145 0.38770666666666664 0.0560225 0.045623333333333335
0 0.937925 0.3216 0.0361125 0.04312333333333333
1 0.3470525 0.30369333333333337 0.0346575 0.026636666666666666
1 0.346875 0.5183333333333333 0.06125 0.07333333333333333
1 0.270625 0.5566666666666666 0.08375 0.08666666666666667
1 0.1825 0.5966666666666667 0.08 0.07666666666666666
1 0.195 0.47833333333333333 0.055 0.06333333333333334
1 0.263125 0.445 0.06125 0.06666666666666667
1 0.325 0.42916666666666664 0.055 0.065
1 0.388125 0.41 0.04375 0.06
1 0.62875 0.8733333333333333 0.1225 0.10333333333333333
1 0.73625 0.7983333333333333 0.09 0.13333333333333333
1 0.795625 0.71 0.06625 0.08333333333333333
1 0.851875 0.6608333333333334 0.05375 0.065
1 0.88 0.6083333333333333 0.05 0.04666666666666667
1 0.909375 0.5758333333333333 0.03625 0.03833333333333333
1 0.934375 0.5508333333333333 0.03625 0.035
1 0.223125 0.345 0.04875 0.03
1 0.2725 0.32666666666666666 0.04 0.03
1 0.30625 0.315 0.03 0.03
1 0.47 0.2775 0.0325 0.021666666666666667
1 0.595 0.3491666666666667 0.0375 0.028333333333333332
1 0.63625 0.33666666666666667 0.0275 0.03333333333333333
1 0.708125 0.335 0.03125 0.03
1 0.7525 0.36666666666666664 0.0225 0.016666666666666666