0 0.6653 0.20301 0.0871375 0.08447
0 0.34592 0.18700333333333333 0.06267 0.06398333333333332
0 0.5182825 0.20253000000000002 0.0777 0.10920333333333333
0 0.41949000000000003 0.5949933333333334 0.1544525 0.3544933333333333
0 0.17914750000000002 0.5524600000000001 0.1393775 0.26004666666666665
0 0.37738 0.23555666666666666 0.082925 0.09274666666666667
0 0.8881575 0.20691666666666667 0.08047 0.09017333333333333
0 0.6888624999999999 0.14246666666666666 0.062015 0.060590000000000005
0 0.0701 0.5989533333333333 0.1095325 0.20799333333333334
0 0.3782875 0.08705666666666667 0.028704999999999998 0.029843333333333333
0 0.506895 0.054003333333333334 0.022760000000000002 0.030116666666666663
1 0.5899375 0.22403666666666666 0.0520175 0.04319666666666667
1 0.5769025 0.15819666666666665 0.0384275 0.03106
1 0.7372925 0.6013499999999999 0.113205 0.13296666666666665
0 0.6300875 0.06745333333333334 0.0328975 0.03504
0 0.5680299999999999 0.06754333333333333 0.0320475 0.040143333333333336
1 0.784455 0.21166000000000001 0.0346675 0.03002
1 0.44952749999999997 0.23937999999999998 0.0431175 0.04738333333333333
0 0.6898475 0.08277 0.0451075 0.04011
0 0.306495 0.13294333333333333 0.03246 0.03463
1 0.7287875 0.21165 0.038079999999999996 0.037526666666666667
1 0.5869375 0.62456 0.14555 0.18588
1 0.2963975 0.6335233333333333 0.10114 0.20651666666666665
0 0.7613475 0.09187000000000001 0.045035 0.03660666666666666
1 0.8554275 0.5754533333333333 0.08789749999999999 0.10694
0 0.27503750000000005 0.14799666666666667 0.02817 0.03828666666666666
0 0.33676 0.12030666666666667 0.03351 0.035866666666666665
1 0.8343025000000001 0.21514666666666668 0.0334025 0.029246666666666664
1 0.9421525000000001 0.5312433333333333 0.0677175 0.08419666666666667
1 0.500655 0.10312 0.0281675 0.022536666666666667
0 0.9360325 0.16713 0.0462225 0.04184333333333334
0 0.7286725000000001 0.07816666666666666 0.027715 0.027256666666666665
1 0.31878500000000004 0.26704 0.03379 0.034466666666666666
1 0.42828750000000004 0.11460000000000001 0.0248875 0.020416666666666666
1 0.5374675 0.09365333333333332 0.023735 0.01908
0 0.87488 0.10972666666666667 0.045520000000000005 0.038553333333333335
1 0.46333749999999996 0.16840333333333332 0.03527 0.028300000000000002
1 0.46538 0.10744666666666666 0.0270525 0.02088
1 0.6253425 0.14677 0.034295 0.025656666666666668
1 0.25865750000000004 0.28976 0.037837499999999996 0.03458666666666667
0 0.9014 0.16079666666666667 0.0558975 0.04493
1 0.3061625 0.21622333333333332 0.030420000000000003 0.03455333333333333
1 0.4096075 0.17633000000000001 0.0344 0.026266666666666667
1 0.7818575 0.16316666666666665 0.02729 0.018533333333333332
0 0.8191499999999999 0.10193 0.04771 0.03478
1 0.7367725 0.1584033333333333 0.0236525 0.022546666666666666
1 0.21102 0.30726333333333333 0.032597499999999995 0.03549
0 0.7833675 0.07306 0.028175000000000002 0.02284
1 0.3897525 0.12845 0.0238675 0.018306666666666666
1 0.60963 0.08942666666666665 0.02523 0.01515
0 0.6629175 0.044943333333333335 0.03173 0.029373333333333335
1 0.6574425 0.08513 0.02094 0.017986666666666668
1 0.259375 0.23166666666666666 0.02125 0.03
1 0.22125 0.25 0.02 0.02666666666666667
1 0.1675 0.33166666666666667 0.0275 0.03333333333333333
1 0.129375 0.35083333333333333 0.02125 0.03166666666666667
1 0.5775 0.09833333333333333 0.04 0.02666666666666667