0 0.24311000000000002 0.21176333333333333 0.04195 0.03977666666666667
0 0.75877 0.2906566666666667 0.1022 0.07923666666666666
1 0.2728525 0.5838933333333334 0.0738575 0.07301666666666667
1 0.346445 0.5188666666666666 0.07083 0.06762666666666667
1 0.48266000000000003 0.66599 0.09403 0.09477666666666666
1 0.1724775 0.39289333333333337 0.0419225 0.040233333333333336
1 0.612995 0.4927266666666667 0.06276 0.05702666666666667
1 0.3957175 0.7717133333333333 0.0937825 0.10258666666666666
1 0.4804 0.40403666666666666 0.05181 0.04429333333333333
1 0.55544 0.56728 0.0808625 0.07589333333333334
1 0.40951 0.44906 0.05963 0.05271
1 0.5628175 0.32582 0.041065 0.03158333333333333
1 0.519805 0.36055333333333334 0.0471325 0.03987
1 0.6633075 0.44255000000000005 0.047159999999999994 0.04086
1 0.2209525 0.35939333333333334 0.039167499999999994 0.03768666666666667
1 0.688265 0.39685 0.0383275 0.0371
1 0.34850749999999997 0.26874000000000003 0.0341275 0.023796666666666667
1 0.260385 0.32421333333333335 0.0383525 0.033
1 0.7122575000000001 0.35558666666666666 0.035995 0.030546666666666666
1 0.11957999999999999 0.4404866666666667 0.042105 0.04351666666666667
1 0.60922 0.29856333333333335 0.040615000000000005 0.028976666666666668
0 0.321485 0.17169 0.039445 0.034466666666666666
1 0.275675 0.20866666666666667 0.022697500000000002 0.01906333333333333
1 0.427615 0.22855999999999999 0.035305 0.0238
1 0.30443000000000003 0.2952866666666667 0.039055 0.030586666666666668
1 0.384675 0.24892666666666666 0.0342475 0.02371
1 0.9834550000000001 0.67494 0.03309 0.059419999999999994
1 0.7305725 0.32403333333333334 0.0336925 0.03503
0 0.351235 0.15875 0.039295000000000004 0.03247333333333333
1 0.1880925 0.2535033333333333 0.02625 0.021286666666666666
1 0.9641225 0.5130333333333333 0.03562 0.04064333333333334
1 0.9639249999999999 0.46534 0.0301475 0.03574666666666666
1 0.9826325 0.7833966666666666 0.0347375 0.06747333333333333
1 0.4598925 0.21599333333333334 0.0305975 0.019363333333333333
1 0.2107225 0.23350333333333334 0.0252925 0.021166666666666667
1 0.97561 0.9119866666666667 0.048780000000000004 0.08167333333333333
1 0.96339 0.43213333333333337 0.0264975 0.03366
1 0.3501825 0.23191666666666666 0.030335 0.01708
1 0.65125 0.26166666666666666 0.0375 0.05
1 0.684375 0.24416666666666667 0.02125 0.045
1 0.96125 0.5766666666666667 0.0475 0.06666666666666667
1 0.1475 0.355 0.05 0.03333333333333333
1 0.190625 0.32416666666666666 0.05375 0.028333333333333332
1 0.231875 0.2966666666666667 0.04625 0.04
1 0.271875 0.27166666666666667 0.03125 0.043333333333333335
1 0.30875 0.24833333333333332 0.03 0.03333333333333333
1 0.37625 0.2175 0.025 0.021666666666666667
0 0.029375 0.30833333333333335 0.04125 0.06