0 0.728135 0.20557666666666669 0.06880750000000001 0.05246
0 0.39027249999999997 0.22949666666666668 0.09298999999999999 0.07695666666666667
0 0.297055 0.31729999999999997 0.11838249999999999 0.09466333333333334
0 0.85289 0.21708666666666665 0.0421125 0.04546
0 0.4616825 0.18294000000000002 0.10501250000000001 0.07231
1 0.80801 0.7274200000000001 0.09452500000000001 0.11174333333333333
0 0.89675 0.36865000000000003 0.08241 0.12345
1 0.3575775 0.2904466666666667 0.04287 0.03406
1 0.250565 0.39821000000000006 0.0598025 0.06533666666666667
1 0.7878474999999999 0.32583 0.05266 0.04159
1 0.7091799999999999 0.6361633333333333 0.092925 0.08656333333333334
0 0.6329375 0.9313233333333333 0.162625 0.13735666666666665
1 0.1909325 0.4713766666666667 0.07244750000000001 0.07310666666666667
0 0.5053650000000001 0.10137 0.0497775 0.03472666666666667
0 0.6737424999999999 0.10911666666666667 0.041112499999999996 0.030336666666666668
1 0.8976000000000001 0.80744 0.09466500000000001 0.13337666666666667
0 0.8778275 0.18577666666666667 0.0252725 0.02715
1 0.12317499999999999 0.5574766666666667 0.069125 0.08605333333333334
0 0.8020625 0.17121999999999998 0.033972499999999996 0.03444666666666667
1 0.838895 0.35946333333333336 0.0435525 0.03737
1 0.82113 0.28495333333333334 0.035355 0.029526666666666666
0 0.2192825 0.16301666666666667 0.0501975 0.04292
1 0.865245 0.30561333333333335 0.0372725 0.03266666666666666
1 0.056369999999999996 0.64401 0.062395000000000006 0.0834
0 0.79996 0.13278333333333334 0.022205 0.02294
1 0.7729524999999999 0.24548333333333336 0.038182499999999994 0.031983333333333336
0 0.9544400000000001 0.23054333333333332 0.03265 0.03771
0 0.988325 0.40393999999999997 0.0231675 0.08237333333333334
1 0.72596 0.2923733333333333 0.0430025 0.03368
0 0.73551 0.103 0.0257725 0.024983333333333333
1 0.977205 0.8663099999999999 0.045587499999999996 0.12579333333333334
0 0.03131 0.22829 0.046045 0.04865333333333333
1 0.9486025 0.4462733333333333 0.043775 0.05366666666666667
0 0.9864225 0.30552666666666667 0.027155000000000002 0.07965
1 0.44375 0.22666666666666666 0.0475 0.05
1 0.958125 0.37333333333333335 0.03625 0.07666666666666666
1 0.8825 0.25 0.035 0.04666666666666667
1 0.754375 0.17166666666666666 0.03625 0.03
1 0.7225 0.1575 0.0275 0.021666666666666667
1 0.691875 0.14166666666666666 0.03125 0.02666666666666667
1 0.665 0.13 0.03 0.02666666666666667