0 0.42640249999999996 0.6251866666666667 0.20063999999999999 0.17881666666666668
0 0.670155 0.6303233333333333 0.21661000000000002 0.15581
0 0.31958 0.33951666666666663 0.09324500000000001 0.07280333333333333
0 0.7035425000000001 0.54019 0.1742775 0.11549333333333334
0 0.2306125 0.34336999999999995 0.068035 0.05734
0 0.5404675 0.3928633333333333 0.1801025 0.15341333333333335
0 0.71076 0.4593066666666667 0.1338425 0.09540666666666668
0 0.1719 0.3308666666666667 0.061415 0.05517333333333334
1 0.507365 0.47880333333333336 0.065515 0.05073
1 0.46122250000000004 0.5526966666666666 0.08294499999999999 0.07330333333333333
0 0.9586875 0.4939133333333333 0.081125 0.09204
0 0.7279025 0.4147966666666667 0.1181875 0.06873
0 0.31395249999999997 0.22704666666666667 0.042327500000000004 0.036866666666666666
0 0.27119 0.24302666666666667 0.038454999999999996 0.03251
0 0.9873500000000001 0.6185333333333333 0.0253025 0.08659
0 0.03787 0.9595199999999999 0.07574 0.08095666666666666
1 0.27645749999999997 0.38734999999999997 0.0506775 0.04021333333333333
1 0.610705 0.79011 0.0989225 0.09442666666666666
1 0.365625 0.32666666666666666 0.04125 0.05
1 0.249375 0.2625 0.03375 0.025
1 0.226875 0.2808333333333333 0.02875 0.025
1 0.198125 0.2991666666666667 0.03125 0.025
1 0.133125 0.3383333333333333 0.03625 0.03333333333333333