0 0.46324 0.3815733333333333 0.0840475 0.13128666666666666
0 0.6111925 0.34690333333333334 0.08623 0.12077
0 0.3764325 0.40074 0.08277 0.14536333333333332
0 0.28914 0.41457333333333335 0.08384 0.14081666666666667
0 0.14001499999999997 0.45422666666666667 0.0900875 0.12955333333333335
0 0.5418324999999999 0.36079333333333335 0.09988 0.14559333333333332
0 0.6803425 0.34586 0.0866425 0.10706666666666666
0 0.7685725 0.3353566666666667 0.0855025 0.09453666666666667
0 0.8465175 0.91058 0.2143925 0.17884
0 0.821985 0.33494666666666667 0.07951000000000001 0.09542333333333333
1 0.2210225 0.4656766666666667 0.061405 0.08527
0 0.907125 0.33154333333333336 0.0945125 0.09082333333333334
0 0.983565 0.3422066666666666 0.0327775 0.06708666666666667
1 0.7246549999999999 0.36275 0.0429775 0.05589333333333334
1 0.855625 0.3641666666666667 0.04375 0.045
1 0.87375 0.3408333333333333 0.0375 0.04833333333333333