0 0.7318525 0.5347533333333333 0.115775 0.21074
0 0.6368325 0.47569 0.1116775 0.13296
0 0.225645 0.5061733333333334 0.1080975 0.16761333333333334
0 0.5723925000000001 0.4117033333333333 0.1184075 0.14129999999999998
0 0.431485 0.32927 0.116845 0.10511666666666668
0 0.4987025 0.3576566666666667 0.12605 0.13061
0 0.3348675 0.7056166666666667 0.18544999999999998 0.27949
0 0.38229250000000004 0.29066000000000003 0.1069525 0.0823
0 0.8285549999999999 0.6078133333333333 0.1054875 0.22655999999999998
0 0.21355000000000002 0.31233333333333335 0.07672499999999999 0.09169666666666666
0 0.34586 0.25373 0.117025 0.10770333333333333
0 0.9235800000000001 0.7048533333333333 0.1038 0.22571
0 0.1391875 0.22038666666666665 0.0333175 0.03807666666666667
0 0.2976175 0.23362333333333332 0.0906725 0.07637333333333333
0 0.1312375 0.3053933333333333 0.0557425 0.06270333333333333
0 0.43415750000000003 0.15861666666666668 0.086305 0.04784
0 0.16817 0.39851333333333333 0.066715 0.08974333333333334
0 0.72396 0.21034999999999998 0.0566925 0.04377333333333333
0 0.5305850000000001 0.15788333333333332 0.07302750000000001 0.03168
0 0.6185900000000001 0.17687999999999998 0.070485 0.03857
0 0.9713075 0.75239 0.05196 0.21567999999999998
0 0.80375 0.26 0.075 0.06
0 0.894375 0.33 0.07625 0.07666666666666666
0 0.978125 0.39666666666666667 0.04375 0.06333333333333334