0 0.5858825000000001 0.48286999999999997 0.12731 0.23807333333333333
0 0.49079500000000004 0.7974266666666667 0.191745 0.33681333333333335
0 0.29461750000000003 0.4711066666666666 0.15735749999999998 0.16493666666666668
0 0.35617000000000004 0.3787966666666667 0.1641775 0.12607333333333334
0 0.1439225 0.6996266666666667 0.154855 0.22444666666666668
0 0.22154 0.5759433333333334 0.15144749999999998 0.17236333333333334
0 0.8276675 0.3337366666666667 0.110915 0.07086666666666666
0 0.4544625 0.2635033333333333 0.106245 0.08631333333333334
0 0.4071225 0.30938 0.12486 0.09946333333333333
0 0.851315 0.9120066666666666 0.225165 0.14991666666666667
0 0.8428475 0.42382333333333333 0.131175 0.07764
0 0.49504750000000003 0.23653000000000002 0.081895 0.06256333333333333
1 0.823995 0.6151866666666667 0.10217749999999999 0.07475333333333332
0 0.8137125 0.27024000000000004 0.0935275 0.057196666666666666
0 0.906175 0.2442 0.067925 0.05131666666666666
0 0.5157575000000001 0.19996999999999998 0.08550749999999999 0.06612333333333334
0 0.852565 0.5017566666666666 0.15510749999999998 0.12210333333333333
1 0.8137575 0.7434766666666666 0.1608475 0.08569
0 0.79701 0.21730333333333332 0.07396 0.045643333333333334
1 0.8047949999999999 0.3797833333333333 0.07925499999999999 0.050853333333333334
1 0.1321875 0.8920066666666666 0.1153125 0.10471333333333332
1 0.774375 0.2866666666666667 0.05125 0.04