0 0.3695925 0.6027733333333333 0.2228075 0.20562
0 0.8642575 0.4435766666666667 0.0710775 0.09827333333333334
0 0.7660525 0.3373966666666667 0.08012999999999999 0.07909666666666666
0 0.8270824999999999 0.7909033333333333 0.18536000000000002 0.29083333333333333
0 0.44292750000000003 0.74343 0.22970500000000002 0.24251666666666666
0 0.4915575 0.40768333333333334 0.13739500000000002 0.10019333333333333
0 0.298495 0.41774333333333336 0.15384 0.11111
0 0.9654025 0.9119466666666667 0.06919249999999999 0.17611000000000002
0 0.7817025 0.16118666666666667 0.0300275 0.031439999999999996
0 0.252435 0.32199333333333335 0.11939 0.06430333333333334
0 0.031235 0.8379733333333333 0.06247 0.18766
0 0.281345 0.35347 0.12432 0.07403333333333333
0 0.84668 0.34158333333333335 0.051315 0.06170666666666667
0 0.4542675 0.34564333333333336 0.1144025 0.07596
0 0.5903175 0.12081 0.04591 0.03035
1 0.5240025 0.8980066666666666 0.11652 0.11131
0 0.742355 0.15258666666666668 0.0349225 0.028413333333333332
1 0.5745475 0.4879 0.07492499999999999 0.07561666666666667
0 0.38241 0.24312333333333333 0.0742925 0.07212
0 0.2374675 0.26481 0.09675249999999999 0.05109
1 0.7090725 0.6849833333333333 0.1001225 0.11326666666666667
0 0.860405 0.22782333333333335 0.03843 0.03086
1 0.3410225 0.49924666666666667 0.08636750000000001 0.05989666666666667
0 0.028255 0.4367566666666667 0.05651 0.07185
0 0.97614 0.5457133333333334 0.0477175 0.13097333333333333
1 0.8029625 0.4021033333333333 0.056229999999999995 0.06218666666666667
1 0.3988 0.29192666666666667 0.048715 0.03368
0 0.90447 0.38746 0.0462575 0.06053
1 0.4053625 0.32907000000000003 0.0652625 0.04142666666666667
1 0.5252875 0.19385333333333332 0.039057499999999995 0.023819999999999997
1 0.5600725 0.20837999999999998 0.03448 0.02325
1 0.9316925 0.45359666666666665 0.0482525 0.05671333333333333
1 0.7026174999999999 0.31032 0.057092500000000004 0.04842
1 0.5927725 0.22751333333333332 0.039235 0.02907
0 0.6752475 0.13640666666666668 0.0333675 0.029163333333333333
1 0.9084875 0.51398 0.055255000000000006 0.05873333333333333
1 0.81125 0.3125 0.0425 0.051666666666666666
1 0.6075 0.20416666666666666 0.0375 0.03833333333333333
1 0.58 0.18666666666666668 0.03 0.03
1 0.950625 0.36583333333333334 0.03875 0.04833333333333333
1 0.854375 0.2866666666666667 0.02375 0.03333333333333333
1 0.823125 0.26666666666666666 0.02625 0.02666666666666667
1 0.795 0.23916666666666667 0.03 0.028333333333333332