0 0.62153 0.3543066666666667 0.0850325 0.14522000000000002
0 0.867255 0.4362833333333333 0.08066 0.14231333333333332
0 0.54836 0.3309333333333333 0.08162749999999999 0.12058666666666666
0 0.6984175 0.38159 0.08253 0.11438333333333332
0 0.78208 0.4001733333333333 0.086085 0.14708666666666667
0 0.41057499999999997 0.3096466666666667 0.07876999999999999 0.09667333333333333
0 0.3490325 0.3050866666666667 0.07578 0.09000666666666667
0 0.1921775 0.298 0.07548 0.07658000000000001
1 0.471895 0.35542999999999997 0.05718 0.05895333333333334
0 0.25933249999999997 0.3013966666666667 0.07650499999999999 0.08829666666666666
0 0.026752500000000002 0.5066166666666666 0.05103 0.12314
1 0.29284750000000004 0.33930666666666665 0.0439275 0.06478333333333333
1 0.2075 0.31916666666666665 0.0525 0.058333333333333334