0 0.16779750000000002 0.40265666666666666 0.09304000000000001 0.09308000000000001
0 0.3468825 0.35034 0.1106975 0.09659333333333332
0 0.5317775 0.23981333333333335 0.076185 0.07609333333333333
1 0.9198775 0.6292166666666666 0.0625 0.09869333333333333
1 0.5183075 0.43328 0.06393 0.05108
1 0.733105 0.7902399999999999 0.1048075 0.1521
1 0.413765 0.59313 0.0851125 0.08064666666666667
1 0.8406925 0.8425466666666667 0.08915000000000001 0.17067333333333332
1 0.9321575 0.8829866666666667 0.07623 0.18329666666666666
1 0.685465 0.5040933333333333 0.06978749999999999 0.07219666666666667
1 0.764135 0.5518966666666667 0.0717075 0.07578
1 0.3392475 0.5442400000000001 0.06764 0.06419
1 0.504345 0.6625333333333333 0.0942275 0.10064999999999999
1 0.8475525 0.5871333333333334 0.0688875 0.08078
1 0.4501475 0.40743666666666667 0.0523025 0.04161666666666666
1 0.27932999999999997 0.4993633333333333 0.048662500000000004 0.04529666666666666
1 0.23796 0.46953999999999996 0.037945 0.03653666666666667
1 0.3931175 0.38602 0.039667499999999994 0.032319999999999995
1 0.9799924999999999 0.6681566666666666 0.0400175 0.08382666666666666
1 0.584295 0.4712766666666666 0.0584875 0.06354
1 0.6693775000000001 0.30151666666666666 0.043505 0.036996666666666664
1 0.605225 0.24111333333333335 0.0325325 0.024853333333333335
1 0.20291 0.43965333333333334 0.038119999999999994 0.038066666666666665
1 0.6032625 0.7250766666666667 0.09748 0.13777999999999999
1 0.6484575 0.25096999999999997 0.032805 0.02842
1 0.5795725 0.2711466666666667 0.0369975 0.03502
1 0.039622500000000005 0.9637600000000001 0.07126 0.07219
1 0.6888075 0.25842333333333334 0.028835 0.026883333333333335
1 0.620115 0.29003333333333337 0.041875 0.03165333333333333
1 0.7258475 0.3228566666666667 0.0460075 0.04507666666666666
1 0.82625 0.3625 0.0425 0.06166666666666667
1 0.876875 0.3925 0.04375 0.051666666666666666
1 0.926875 0.43 0.03125 0.05
1 0.9675 0.4508333333333333 0.03 0.051666666666666666
1 0.86375 0.33916666666666667 0.03 0.035
1 0.9 0.3575 0.025 0.035
1 0.938125 0.37416666666666665 0.02125 0.035
1 0.97375 0.39916666666666667 0.03 0.04833333333333333
1 0.733125 0.2775 0.02625 0.028333333333333332