0 0.5971825 0.35357666666666665 0.1133325 0.10584333333333333
0 0.8080275 0.38166 0.0827775 0.10679333333333334
0 0.5090975 0.3287366666666667 0.11723 0.10478666666666667
0 0.7094674999999999 0.36177 0.1114025 0.11177
0 0.4048825 0.31658000000000003 0.11185500000000001 0.11285333333333333
0 0.29388 0.3206866666666667 0.1050525 0.10164999999999999
0 0.8314275 0.6963733333333333 0.11349250000000001 0.23875
0 0.38823 0.6888099999999999 0.1565325 0.3106833333333333
0 0.6890475 0.28649 0.074725 0.06651
0 0.5913624999999999 0.17748333333333335 0.0755475 0.05044333333333334
0 0.2259625 0.6460633333333333 0.14725749999999999 0.33558333333333334
0 0.5553524999999999 0.7098166666666667 0.16554 0.27974666666666664
0 0.7140075 0.7146566666666666 0.1481625 0.26722666666666667
0 0.9340325 0.7013166666666666 0.102495 0.21612
0 0.2172175 0.32997 0.09336499999999999 0.09436666666666667
0 0.1215275 0.6274966666666667 0.0942425 0.23803333333333335
0 0.0887 0.3366733333333333 0.08639749999999999 0.09835666666666666
0 0.0416625 0.5931266666666667 0.0755575 0.19325333333333333
0 0.5028225 0.18512666666666666 0.06719750000000001 0.037893333333333334
0 0.15881499999999998 0.28278000000000003 0.10723250000000001 0.12607333333333334
1 0.47014 0.25504333333333334 0.037725 0.02631666666666667
1 0.36952999999999997 0.25956333333333337 0.04172 0.025963333333333335
1 0.622845 0.28128000000000003 0.0456175 0.029106666666666666
1 0.2467775 0.25697333333333333 0.0330025 0.021166666666666667
1 0.30625 0.25416666666666665 0.0425 0.03833333333333333
1 0.55125 0.26 0.045 0.06
1 0.665 0.19583333333333333 0.0325 0.041666666666666664
1 0.729375 0.21416666666666667 0.03375 0.045