0 0.8628425 0.59408 0.09239499999999999 0.23723666666666668
0 0.3636275 0.56461 0.1550975 0.22625
0 0.68259 0.48208 0.1145225 0.19375333333333333
0 0.7778025000000001 0.539 0.0938175 0.19853
0 0.49988 0.36473666666666665 0.118855 0.16958333333333334
0 0.5852 0.41628666666666664 0.120725 0.19045666666666666
0 0.275725 0.2469 0.096285 0.11839333333333334
0 0.2660725 0.49991 0.151955 0.19647333333333333
0 0.41745 0.3313566666666667 0.1203775 0.14662999999999998
0 0.7293875000000001 0.8191466666666667 0.1475225 0.34796333333333335
0 0.45988249999999997 0.68766 0.17425 0.30696666666666667
0 0.34838749999999996 0.2961833333333333 0.11444249999999999 0.12752666666666665
0 0.1517675 0.3656266666666667 0.1209775 0.12274333333333334
0 0.9474450000000001 0.6672266666666666 0.09718500000000001 0.23575666666666667
0 0.2113425 0.4306466666666667 0.12558249999999999 0.17409999999999998
0 0.59919 0.7462366666666667 0.14703 0.2995133333333333
0 0.109565 0.32578666666666667 0.089045 0.10508999999999999
0 0.211255 0.21523333333333336 0.0765975 0.10095333333333334
0 0.8520125000000001 0.8512333333333333 0.1383975 0.29753666666666667
0 0.2335025 0.21887 0.05672 0.08643666666666666