0 0.33916250000000003 0.44703 0.1514925 0.10704999999999999
0 0.3931825 0.27831 0.1145025 0.06901666666666667
0 0.2239775 0.9544766666666666 0.23966749999999998 0.09104999999999999
1 0.309305 0.6834833333333332 0.1305075 0.09823666666666667
1 0.32825 0.5601766666666667 0.11634 0.07845333333333333
1 0.27571249999999997 0.8452066666666667 0.152305 0.12848666666666667
1 0.689175 0.3971166666666666 0.0847625 0.052206666666666665
1 0.111065 0.6571733333333333 0.084425 0.06303666666666667
1 0.739665 0.5528766666666667 0.12227500000000001 0.07943333333333334
1 0.79057 0.6730766666666667 0.1281925 0.09511
0 0.0212325 0.4793066666666667 0.0364325 0.06775666666666667
1 0.37953 0.3591366666666667 0.07986 0.05124666666666667
1 0.7141625 0.46234333333333333 0.11313 0.06475666666666667
0 0.214885 0.36373 0.06406999999999999 0.05534
1 0.8116975 0.82283 0.13400499999999999 0.11295333333333334
1 0.055 0.7783333333333333 0.1025 0.15333333333333332
1 0.95 0.635 0.0775 0.11
1 0.908125 0.5416666666666666 0.07125 0.1
1 0.858125 0.4633333333333333 0.07875 0.07666666666666666
1 0.82625 0.39916666666666667 0.0725 0.065
1 0.7825 0.3491666666666667 0.0625 0.055
1 0.660625 0.3433333333333333 0.08625 0.06
1 0.644375 0.3025 0.06625 0.045
1 0.62875 0.26916666666666667 0.0575 0.03833333333333333
1 0.610625 0.24333333333333335 0.04625 0.02666666666666667
1 0.18375 0.48333333333333334 0.0875 0.08333333333333333
1 0.21 0.4175 0.065 0.06833333333333333
1 0.07625 0.4025 0.06 0.041666666666666664
1 0.105 0.3625 0.0425 0.03833333333333333
1 0.1325 0.3325 0.0275 0.035
1 0.27875 0.2966666666666667 0.035 0.03666666666666667
1 0.305625 0.2675 0.03625 0.028333333333333332
1 0.411875 0.23416666666666666 0.03375 0.025
1 0.8575 0.9566666666666667 0.16 0.08666666666666667