0 0.15649000000000002 0.24567999999999998 0.064275 0.09833
0 0.66628 0.30591 0.095645 0.13182333333333335
0 0.625115 0.5923266666666667 0.16906000000000002 0.2531033333333333
0 0.45356 0.13515 0.0706 0.06408
0 0.7574025 0.2728666666666667 0.10327750000000001 0.12090333333333332
0 0.5817575 0.32334999999999997 0.1401875 0.19303
0 0.927635 0.35899333333333333 0.11157500000000001 0.11467
0 0.19899 0.50833 0.128575 0.2672933333333333
0 0.10655500000000001 0.56572 0.0866275 0.20851666666666666
0 0.21625 0.16283 0.0512025 0.06691666666666667
0 0.51168 0.12 0.06584999999999999 0.06704333333333333
0 0.7262949999999999 0.5336166666666666 0.143705 0.21295333333333333
0 0.09654 0.27063 0.066755 0.09799666666666668
0 0.2338975 0.08514666666666666 0.032252499999999996 0.04234333333333334
0 0.8333775000000001 0.2510133333333333 0.08247750000000001 0.09627333333333334
0 0.3309625 0.04814333333333334 0.033515 0.039606666666666665
1 0.49888499999999997 0.3903433333333333 0.07141249999999999 0.06654333333333333
0 0.36306499999999997 0.11101333333333334 0.056960000000000004 0.057096666666666664
0 0.044445 0.8468666666666667 0.08889 0.28006333333333333
0 0.264505 0.07368666666666666 0.0341175 0.038353333333333336
0 0.0799175 0.19777333333333336 0.045587499999999996 0.05325666666666667
1 0.2344575 0.7802199999999999 0.08567 0.11361333333333333
0 0.3528075 0.7936533333333333 0.15888249999999998 0.3803566666666666
0 0.363255 0.036833333333333336 0.0359275 0.03890333333333333
1 0.483445 0.6559733333333334 0.0975675 0.11760333333333334
1 0.142185 0.8339333333333334 0.0800875 0.12444333333333332
0 0.7571625000000001 0.09818666666666667 0.05894 0.05382
1 0.421905 0.44941000000000003 0.07382 0.07904
1 0.3906325 0.16493666666666668 0.0439675 0.03631
1 0.3031575 0.4801533333333333 0.08396250000000001 0.09267333333333333
1 0.3371025 0.18927666666666668 0.044844999999999996 0.0359
1 0.2158625 0.23590333333333335 0.0509575 0.05054333333333333
1 0.3206425 0.13056333333333334 0.0382975 0.03279666666666667
1 0.270775 0.14936666666666668 0.0453675 0.04055333333333333
1 0.82012 0.44923 0.046939999999999996 0.04981
1 0.76602 0.48230333333333336 0.0598825 0.06934
1 0.8540325 0.40767333333333333 0.043492499999999996 0.04019
1 0.2769 0.20774333333333334 0.050585 0.048916666666666664
1 0.40346499999999996 0.04361333333333334 0.026539999999999998 0.020913333333333332
0 0.9762675000000001 0.9366466666666667 0.046105 0.12671
1 0.30215499999999995 0.06881333333333334 0.023927499999999997 0.023926666666666666
1 0.4341625 0.039560000000000005 0.03018 0.019433333333333334
1 0.464375 0.034036666666666666 0.029545000000000002 0.022060000000000003
0 0.98712 0.2965833333333333 0.02576 0.07867666666666667
1 0.05625 0.62 0.0575 0.09666666666666666
1 0.405625 0.1025 0.03875 0.035
1 0.4475 0.0925 0.0375 0.03166666666666667
1 0.489375 0.08583333333333333 0.03625 0.041666666666666664
1 0.88375 0.37666666666666665 0.04 0.056666666666666664
1 0.70875 0.29083333333333333 0.065 0.07166666666666667
1 0.8725 0.255 0.03 0.03
1 0.896875 0.24666666666666667 0.02375 0.03666666666666667
1 0.924375 0.2375 0.02625 0.028333333333333332
1 0.810625 0.2791666666666667 0.06375 0.095