0 0.38990499999999995 0.32047666666666663 0.1129125 0.08403333333333333
0 0.7208625 0.60165 0.2175975 0.14039333333333334
0 0.31429 0.43654 0.13780250000000002 0.11344
0 0.7405750000000001 0.3693866666666667 0.126855 0.07850666666666667
0 0.7402175 0.49989333333333336 0.17349 0.11601666666666667
0 0.43154750000000003 0.27781666666666666 0.0872425 0.06590666666666667
1 0.27048 0.5431066666666666 0.09969 0.07989666666666667
0 0.6606475 0.88009 0.2900725 0.2375
0 0.7261224999999999 0.3074 0.0978175 0.05702666666666667
1 0.67234 0.7520333333333333 0.13736 0.08096333333333333
1 0.72568 0.4352266666666667 0.0788025 0.04893666666666667
1 0.38 0.3825 0.08 0.06833333333333333