0 0.78543 0.35424 0.09169 0.07924666666666667
1 0.5305675 0.4220833333333333 0.07567499999999999 0.057479999999999996
1 0.60905 0.4074766666666667 0.064275 0.04837333333333334
1 0.2530525 0.47896000000000005 0.08341 0.08594666666666666
1 0.4388575 0.43866333333333335 0.08211 0.07482333333333334
1 0.34254 0.45752666666666664 0.08333249999999999 0.07999333333333333
1 0.6799075 0.39242666666666665 0.0503875 0.03714
1 0.17153749999999998 0.4997833333333333 0.0662775 0.08573
1 0.733895 0.37877 0.041735 0.03242333333333333
1 0.095645 0.5114433333333334 0.0574625 0.07931666666666666
0 0.9385625 0.35790666666666665 0.054689999999999996 0.053386666666666666
0 0.0355125 0.32137 0.035995 0.03333
1 0.03554 0.5172866666666667 0.053152500000000005 0.06443333333333334
0 0.3506125 0.12387000000000001 0.0350775 0.028003333333333335
0 0.062450000000000006 0.26527666666666666 0.028052499999999998 0.03253
0 0.164015 0.22472 0.0376 0.038233333333333334
0 0.0860475 0.25749 0.0308875 0.030969999999999998
0 0.9814925 0.3522066666666666 0.0339225 0.05147666666666667