0 0.22088 0.5823033333333334 0.13311250000000002 0.21967333333333333
0 0.14751 0.31636000000000003 0.04677750000000001 0.06196666666666667
0 0.3161875 0.19728666666666667 0.053145000000000005 0.049203333333333335
0 0.2602675 0.28512666666666664 0.0649725 0.07384333333333333
0 0.44277 0.18104666666666666 0.061605 0.052423333333333336
0 0.7806075 0.15211666666666668 0.0617725 0.047389999999999995
0 0.708745 0.19776333333333332 0.08732 0.05721333333333333
1 0.5569550000000001 0.6030166666666666 0.10204 0.10171666666666666
1 0.48198250000000004 0.7595766666666667 0.10684 0.10691
0 0.3580025 0.18012999999999998 0.0412275 0.04851666666666667
0 0.68616 0.09283000000000001 0.046762500000000005 0.03724
1 0.4862925 0.3938333333333333 0.0736275 0.0621
1 0.108375 0.4228633333333333 0.040945 0.042333333333333334
1 0.21389750000000002 0.33325666666666665 0.040662500000000004 0.03531666666666667
0 0.07291750000000001 0.2875066666666667 0.033565 0.04360666666666666
1 0.32407749999999996 0.5160033333333334 0.07797499999999999 0.08419333333333334
0 0.254215 0.17939333333333332 0.047604999999999995 0.04166333333333333
0 0.0981075 0.26527 0.0312575 0.039363333333333334
1 0.417755 0.45676666666666665 0.0692975 0.06498
1 0.315485 0.27113 0.0423125 0.036243333333333336
1 0.157695 0.3786833333333333 0.040895 0.04208666666666667
0 0.128435 0.24659333333333333 0.0314875 0.04210666666666667
1 0.3963775 0.20811333333333334 0.0350425 0.0251
0 0.1550625 0.2232 0.02975 0.036693333333333335
0 0.6226325 0.09821333333333333 0.0771475 0.051403333333333336
1 0.7838474999999999 0.30961666666666665 0.03603 0.03419
1 0.6265725 0.5104566666666667 0.06699 0.06958
1 0.35958999999999997 0.24264 0.03532 0.030106666666666664
0 0.704175 0.3887366666666667 0.18756 0.25322
1 0.10650499999999999 0.36207333333333336 0.035635 0.04015
0 0.289995 0.15604 0.033695 0.031573333333333335
1 0.27205 0.23632 0.03131 0.023906666666666666
0 0.8123575 0.12530333333333335 0.047534999999999994 0.03611333333333334
1 0.76185 0.34514 0.03386 0.04292
1 0.1920225 0.28853 0.037527500000000005 0.03354666666666667
1 0.5799725 0.12216333333333333 0.04243 0.03417333333333333
1 0.05924 0.46408 0.03867 0.05162666666666667
1 0.792115 0.27558 0.0288625 0.026596666666666668
1 0.804375 0.2575 0.03875 0.028333333333333332
1 0.064375 0.405 0.03875 0.05
1 0.020625 0.45 0.03125 0.03666666666666667
1 0.016875 0.5158333333333334 0.03125 0.04833333333333333