0 0.2428075 0.5290833333333333 0.15296 0.2090266666666667
0 0.3364675 0.44106 0.15116749999999998 0.17898666666666668
0 0.13927250000000002 0.6484066666666667 0.1363375 0.24613666666666664
0 0.54868 0.23500666666666667 0.12027249999999999 0.10998333333333334
0 0.41652 0.35682 0.14153749999999998 0.13440333333333332
0 0.48817 0.29227333333333333 0.1302725 0.11986666666666668
0 0.31815249999999995 0.12664666666666666 0.0683425 0.058383333333333336
0 0.5884225 0.19713 0.1071925 0.07890333333333334
0 0.7298975000000001 0.28914 0.1373675 0.10951333333333334
0 0.635205 0.17083333333333334 0.089235 0.07490666666666666
0 0.155835 0.22669333333333336 0.05778 0.07221333333333332
0 0.292375 0.8968366666666667 0.184675 0.20632666666666669
0 0.7623925 0.24657 0.09644499999999999 0.08928666666666667
0 0.0665775 0.7698766666666667 0.1239225 0.25851
0 0.362255 0.09225 0.0579425 0.052803333333333334
0 0.2036 0.19398666666666667 0.0557775 0.05987666666666667
0 0.10698250000000001 0.27825333333333335 0.06104 0.06896666666666666
1 0.69098 0.3549833333333334 0.0684975 0.055
1 0.5879500000000001 0.5167566666666666 0.10207 0.09097000000000001
1 0.645215 0.42927 0.07142 0.06496
1 0.50349 0.6289133333333333 0.11077 0.1036
1 0.41302 0.7709600000000001 0.113365 0.11360333333333333
0 0.6726475000000001 0.15593666666666667 0.06956 0.05977333333333333
1 0.27058 0.16537000000000002 0.048525 0.04413333333333334