0 0.2898675 0.5843200000000001 0.18594249999999998 0.20193
0 0.326835 0.3064733333333333 0.12006 0.12203666666666667
0 0.1825 0.44323 0.14239 0.12782333333333334
0 0.6248775000000001 0.5155133333333333 0.156595 0.24167333333333332
0 0.14583500000000002 0.37014 0.12125749999999999 0.09794333333333333
0 0.2660625 0.2806266666666667 0.0899475 0.08421
0 0.45783749999999995 0.3928333333333333 0.1317825 0.16541333333333333
0 0.6295625 0.8530233333333334 0.2252575 0.29395
0 0.11482250000000001 0.32888 0.10275 0.07127666666666667
1 0.708195 0.6225999999999999 0.098135 0.09633333333333334
1 0.4028875 0.6656633333333334 0.125725 0.11403666666666668
0 0.35513 0.3587533333333333 0.0972225 0.1376
1 0.49623500000000004 0.7766733333333333 0.1304725 0.13063333333333332
0 0.24294749999999998 0.2498 0.0976325 0.08134666666666666
0 0.53316 0.44311666666666666 0.131275 0.13903333333333334
1 0.239565 0.50535 0.0792875 0.06113999999999999
1 0.87851 0.7750966666666667 0.08680500000000001 0.13710333333333333
0 0.18109999999999998 0.21878 0.0603 0.05699
0 0.07255249999999999 0.2541333333333333 0.06683249999999999 0.05443
1 0.8001675 0.6990233333333334 0.089295 0.11363
0 0.142 0.18284666666666666 0.0630375 0.04819
1 0.945 0.8058333333333333 0.07 0.145