0 0.3702475 0.36767 0.1020925 0.09856000000000001
0 0.27357 0.4478566666666666 0.12577750000000001 0.14235333333333333
0 0.1830275 0.55464 0.09764 0.15473666666666666
0 0.49309 0.30100333333333334 0.09945999999999999 0.07628666666666667
0 0.7041900000000001 0.5984133333333334 0.1942125 0.17742666666666665
0 0.9248350000000001 0.5911866666666666 0.1080025 0.12351
0 0.633105 0.21959666666666666 0.0671575 0.04958666666666666
0 0.25526 0.23790000000000003 0.052745 0.04304
0 0.5613175 0.25882666666666665 0.08867 0.05949666666666667
0 0.29698250000000004 0.17665333333333336 0.0470175 0.03181333333333333
1 0.5585399999999999 0.86992 0.1277625 0.09757666666666667
0 0.788265 0.35786999999999997 0.100955 0.06340333333333334
0 0.78154 0.4133966666666667 0.1183425 0.09061666666666668
1 0.4428425 0.35006333333333334 0.0570625 0.04499
0 0.0346725 0.6803866666666667 0.0680575 0.16917666666666667
0 0.808825 0.32189 0.089295 0.05204
1 0.6254625 0.7415133333333334 0.10543999999999999 0.0912
0 0.54687 0.18828 0.062052500000000003 0.03972
0 0.24177 0.19826 0.0351775 0.03192333333333333
0 0.3561075 0.15199000000000001 0.04228 0.029253333333333336
0 0.5935625 0.23788333333333334 0.0592625 0.04234333333333334
0 0.20138499999999998 0.18753 0.032237499999999995 0.02631333333333333
1 0.44682499999999997 0.9677433333333333 0.1398725 0.06301
0 0.2482825 0.16448666666666667 0.02625 0.021983333333333334
0 0.8177424999999999 0.29556333333333334 0.06936750000000001 0.040016666666666666
1 0.74 0.5133333333333333 0.08 0.07
1 0.90375 0.6816666666666666 0.0725 0.056666666666666664
1 0.89625 0.7708333333333334 0.085 0.04833333333333333
1 0.108125 0.6341666666666667 0.06125 0.16166666666666665
1 0.36625 0.28833333333333333 0.0375 0.04666666666666667
1 0.30625 0.31666666666666665 0.045 0.06
1 0.24375 0.36083333333333334 0.0425 0.051666666666666666
1 0.193125 0.2808333333333333 0.03125 0.035
1 0.316875 0.22416666666666665 0.03125 0.03166666666666667