0 0.566035 0.29507666666666665 0.1375025 0.10095000000000001
0 0.1857575 0.7241733333333333 0.22118000000000002 0.17849666666666666
0 0.73321 0.5557766666666667 0.1497 0.16752
0 0.5177275 0.22910666666666668 0.1041425 0.07261000000000001
0 0.667585 0.4341133333333333 0.140745 0.13019
0 0.8072699999999999 0.6942866666666667 0.13297499999999998 0.22373333333333334
0 0.1395025 0.5967766666666666 0.21534999999999999 0.18958666666666665
0 0.19232249999999998 0.8980533333333333 0.2617675 0.19050666666666666
0 0.1786225 0.3947833333333333 0.12325749999999999 0.10837666666666666
0 0.37833 0.10457333333333334 0.046799999999999994 0.055496666666666666
0 0.18116 0.2843366666666667 0.10571 0.09559333333333332
0 0.4691175 0.18969333333333335 0.10191750000000001 0.06984666666666667
0 0.42643000000000003 0.09926333333333334 0.048482500000000005 0.059070000000000004
0 0.47429000000000004 0.09324666666666667 0.052465000000000005 0.05072333333333333
1 0.1684725 0.48723 0.074655 0.04828
0 0.288345 0.13564 0.057525 0.05924666666666667
0 0.1945175 0.21969333333333335 0.085745 0.05414666666666667
1 0.1970575 0.33571 0.0777375 0.03776
1 0.6007325 0.3684533333333333 0.063195 0.054580000000000004
1 0.333125 0.12416666666666666 0.05125 0.058333333333333334