0 0.6691 0.34491333333333335 0.082785 0.10723333333333333
0 0.42836250000000003 0.5457166666666667 0.157275 0.20105666666666666
0 0.5300874999999999 0.6680833333333334 0.19767500000000002 0.27353333333333335
0 0.5405325000000001 0.2738566666666667 0.0889375 0.07293999999999999
0 0.31382 0.50982 0.121905 0.15861
0 0.6068225 0.22857000000000002 0.0606975 0.06149333333333333
0 0.6505125 0.25701 0.067855 0.07466666666666667
0 0.047255000000000005 0.35450333333333334 0.0791325 0.0742
0 0.02916 0.29528333333333334 0.0583175 0.04734
0 0.967425 0.5310533333333334 0.064 0.16362333333333334
0 0.9826475 0.8327466666666666 0.0347075 0.11346
1 0.6021025 0.3210266666666667 0.04918 0.045810000000000003
1 0.345625 0.9166666666666666 0.13125 0.13666666666666666
1 0.236875 0.7958333333333333 0.09125 0.07833333333333334
1 0.1775 0.6966666666666667 0.08 0.08
1 0.121875 0.6275 0.05875 0.06166666666666667
1 0.10125 0.5375 0.0625 0.06166666666666667
1 0.079375 0.4825 0.05875 0.045