0 0.674545 0.4532933333333334 0.1343825 0.15144333333333332
0 0.5317025 0.3545533333333334 0.1096775 0.09307666666666667
0 0.7593799999999999 0.5244533333333333 0.1223425 0.16549
0 0.2636625 0.8188500000000001 0.24369749999999998 0.27836666666666665
0 0.2216675 0.6714266666666666 0.1771175 0.15501333333333334
0 0.33101749999999996 0.9308500000000001 0.23920249999999998 0.13427333333333333
0 0.8628175 0.4965466666666667 0.08312 0.10274666666666667
0 0.055405 0.8247366666666667 0.09661499999999999 0.15543666666666667
0 0.0750475 0.94014 0.1309725 0.11810000000000001
0 0.6012375 0.4025533333333334 0.09364 0.09265
0 0.8080375000000001 0.25687666666666664 0.0478925 0.04730333333333333
0 0.16312000000000001 0.3253533333333333 0.097345 0.06389666666666667
0 0.6274624999999999 0.30007333333333336 0.084015 0.06887666666666667
0 0.409665 0.2590866666666667 0.07736499999999999 0.055510000000000004
0 0.052512500000000004 0.6899566666666667 0.0929225 0.14021
0 0.580365 0.22054 0.07226 0.04299666666666667
0 0.20779 0.5525266666666666 0.1698525 0.12435
0 0.45178500000000005 0.28186666666666665 0.10177 0.07397666666666666
0 0.8590075 0.3345533333333333 0.0563775 0.06066
0 0.7332175 0.25529666666666667 0.06372 0.05467333333333334
0 0.5771675 0.2725 0.08301 0.05952333333333333
0 0.37029500000000004 0.22835 0.0810625 0.05563
0 0.16817500000000002 0.37620666666666663 0.1207525 0.06784
1 0.8167300000000001 0.3166066666666667 0.039979999999999995 0.03321333333333333
0 0.189035 0.47567 0.12531 0.09681000000000001
0 0.8421124999999999 0.23055 0.0299525 0.035
0 0.331535 0.20271333333333333 0.074835 0.052853333333333335
0 0.6733275 0.20816333333333334 0.0637875 0.04736666666666667
0 0.5796399999999999 0.16897333333333334 0.0594625 0.03668333333333333
0 0.152055 0.28198 0.07478499999999999 0.05353
0 0.89724 0.26616333333333336 0.031675 0.04059666666666667
0 0.6363574999999999 0.18939666666666669 0.052485 0.03977
1 0.8067225 0.62567 0.0797675 0.07431666666666667
1 0.773415 0.28796333333333335 0.03701 0.025406666666666668
0 0.9063724999999999 0.36272000000000004 0.0531875 0.06914
0 0.81512 0.21227 0.037532499999999996 0.034466666666666666
0 0.92161 0.2870066666666667 0.030605 0.03464
0 0.5371024999999999 0.15078666666666668 0.0510875 0.03376333333333333
1 0.6781174999999999 0.35333 0.0506125 0.03965
0 0.0408525 0.5276833333333333 0.073585 0.09649
0 0.1767225 0.4146233333333333 0.1184 0.07174333333333333
1 0.7035725 0.23480333333333334 0.033205 0.026420000000000003
0 0.7415700000000001 0.3733 0.0805925 0.06772333333333333
1 0.804375 0.4483333333333333 0.07125 0.07
1 0.843125 0.2791666666666667 0.03375 0.051666666666666666
1 0.5075 0.23916666666666667 0.0325 0.045
1 0.434375 0.19416666666666665 0.02625 0.028333333333333332