0 0.5329475 0.30904 0.085915 0.09909666666666668
0 0.6142225 0.4202033333333333 0.11420999999999999 0.12445333333333333
0 0.531855 0.4489033333333333 0.10984999999999999 0.12421
0 0.2926875 0.53267 0.0947875 0.17034
0 0.6857175 0.40199 0.09083 0.09349666666666667
0 0.4657375 0.3270033333333333 0.08567 0.09468333333333334
0 0.3964825 0.5013933333333334 0.107015 0.17930333333333331
0 0.19709000000000002 0.5845266666666666 0.09161 0.20987333333333333
0 0.892755 0.3306233333333333 0.0954325 0.07687666666666666
0 0.21564 0.4157266666666667 0.075765 0.12099333333333334
0 0.1139225 0.6305266666666667 0.0937125 0.21424666666666667
0 0.2129975 0.25176666666666664 0.049335000000000004 0.047760000000000004
0 0.5911375000000001 0.29495333333333335 0.0815275 0.09023
0 0.6441725 0.28901666666666664 0.08081999999999999 0.07902333333333333
0 0.73138 0.3654266666666667 0.08703 0.08324
0 0.52299 0.19676333333333332 0.05869 0.045816666666666665
0 0.7215175 0.2688 0.072975 0.057629999999999994
0 0.3052575 0.19580333333333333 0.05124 0.04018666666666667
0 0.8204325 0.34360999999999997 0.08270000000000001 0.07044666666666667
0 0.251145 0.22648666666666667 0.049147500000000004 0.04319
0 0.4073075 0.15194666666666665 0.04972 0.030863333333333333
0 0.4432 0.13749 0.039597499999999994 0.026003333333333337
0 0.3645825 0.16530333333333333 0.0426925 0.03681333333333333
0 0.8775875 0.2378566666666667 0.0504925 0.04061
0 0.562655 0.18938 0.04718 0.042140000000000004
0 0.703745 0.18041333333333334 0.049265 0.03708666666666667
0 0.7791224999999999 0.35528666666666664 0.0944625 0.09950333333333333
0 0.766525 0.25953333333333334 0.0686725 0.06309000000000001
1 0.292155 0.41492999999999997 0.060594999999999996 0.05753333333333333
0 0.8027124999999999 0.25588333333333335 0.07467 0.061373333333333335
1 0.48413249999999997 0.20971666666666666 0.0351425 0.02545666666666667
1 0.1841025 0.28126999999999996 0.034415 0.02575
0 0.33533999999999997 0.17657 0.0355725 0.030696666666666667
1 0.6853875 0.2885933333333333 0.036305 0.039959999999999996
1 0.1525 0.4725 0.04 0.08166666666666667
1 0.10875 0.49416666666666664 0.0475 0.07166666666666667
1 0.14 0.30833333333333335 0.03 0.04666666666666667
1 0.445 0.22083333333333333 0.03 0.045
1 0.62875 0.18416666666666667 0.025 0.03166666666666667
1 0.6575 0.19 0.025 0.03