0 0.5120275000000001 0.6495066666666667 0.1840425 0.22725666666666666
0 0.369455 0.4631 0.11883 0.16316333333333333
0 0.27842500000000003 0.5434466666666666 0.111035 0.18783
0 0.5317525000000001 0.36250333333333334 0.11593250000000001 0.11869666666666666
0 0.66035 0.4796366666666667 0.1378 0.13341333333333333
0 0.4171925 0.7521666666666667 0.17895 0.2813833333333333
0 0.8248300000000001 0.7876366666666667 0.136265 0.30829
0 0.4478425 0.39753999999999995 0.12027750000000001 0.15463333333333332
0 0.6390125000000001 0.28574 0.08736 0.08170333333333334
0 0.43495 0.24034333333333333 0.09099750000000001 0.07666333333333333
0 0.8066275 0.3006066666666667 0.0795775 0.06664333333333333
1 0.5950325000000001 0.5756733333333334 0.086865 0.09061666666666668
0 0.6904425 0.22848666666666667 0.07355249999999999 0.07056
0 0.6681075 0.2523533333333333 0.07220499999999999 0.06040333333333334
0 0.7321925 0.22361666666666669 0.054244999999999995 0.06471333333333333
1 0.6059874999999999 0.32941333333333334 0.044164999999999996 0.03795
0 0.9857975 0.5335633333333334 0.028405 0.08473666666666667
0 0.7201475 0.40058 0.13384000000000001 0.11345666666666666
0 0.753235 0.34155 0.10271250000000001 0.07647666666666667
1 0.78901 0.3416633333333333 0.054667499999999994 0.053066666666666665
0 0.3332075 0.042686666666666664 0.15064 0.08537333333333333
1 0.8475 0.25333333333333335 0.035 0.03666666666666667
1 0.281875 0.8341666666666666 0.12125 0.13166666666666665