0 0.6891349999999999 0.42230666666666666 0.08519499999999999 0.12359333333333332
0 0.4160325 0.5083233333333333 0.10213249999999999 0.17731
0 0.1964725 0.47874 0.09576000000000001 0.11952333333333333
0 0.32149 0.5034133333333334 0.1140325 0.16487000000000002
0 0.1081725 0.45564333333333334 0.0886225 0.11486333333333333
0 0.667585 0.24729333333333334 0.040487499999999996 0.043120000000000006
0 0.22658 0.36122333333333334 0.083855 0.10554333333333334
0 0.832025 0.47315 0.10984000000000001 0.20033666666666666
1 0.5226275 0.5540700000000001 0.0744075 0.09702
0 0.50844 0.25608000000000003 0.044055 0.052923333333333336
0 0.6351925 0.24105 0.036945 0.04478666666666667
0 0.419 0.24621333333333334 0.049395 0.058129999999999994
0 0.1606 0.35198666666666667 0.067505 0.07785333333333333
0 0.316395 0.27914 0.0562725 0.06180666666666666
0 0.45272500000000004 0.21659333333333333 0.033755 0.038123333333333335
1 0.40497500000000003 0.3851 0.046762500000000005 0.044693333333333335
0 0.4845875 0.21783666666666665 0.031395 0.03755666666666667
1 0.4691925 0.39610666666666666 0.0586475 0.050679999999999996
0 0.714585 0.25786000000000003 0.043325 0.05224
1 0.6176 0.5730933333333333 0.0757875 0.08361666666666666
1 0.34410250000000003 0.3795466666666667 0.0437275 0.03385333333333333
1 0.538525 0.4107266666666667 0.0550625 0.05693666666666667
0 0.5594075000000001 0.22571999999999998 0.03993 0.043076666666666666
1 0.7047125 0.55513 0.06594 0.08965666666666668
1 0.28378 0.3783733333333333 0.0424425 0.03926333333333334
1 0.6116174999999999 0.4236366666666667 0.0541075 0.06706333333333334
0 0.1112925 0.3466366666666667 0.0571775 0.05939666666666667
0 0.37866000000000005 0.21892333333333333 0.036495 0.036996666666666664
0 0.03329 0.4435866666666667 0.0617925 0.07740666666666667
1 0.7895875 0.5860299999999999 0.0607875 0.09083333333333334
1 0.46332999999999996 0.26677 0.025285 0.020883333333333334
0 0.6791725000000001 0.2052233333333333 0.0330875 0.03515
1 0.550585 0.27153666666666665 0.027155000000000002 0.026410000000000003
0 0.0621575 0.45360666666666666 0.063725 0.09468
0 0.2724275 0.22592 0.0312025 0.03422666666666667
1 0.047465 0.9656233333333333 0.07207250000000001 0.05627
1 0.680125 0.28896333333333335 0.0293775 0.02696666666666667
1 0.740195 0.44472333333333336 0.043554999999999996 0.055159999999999994
0 0.231545 0.2548033333333333 0.04449 0.03578
0 0.5252275 0.21701666666666666 0.0347825 0.03370666666666667
0 0.123655 0.2771966666666667 0.0586075 0.04433666666666666
0 0.5885975 0.19624666666666668 0.0291375 0.03514333333333334
1 0.64267 0.29136333333333336 0.03449 0.031356666666666665
1 0.725625 0.3025 0.03875 0.045
1 0.16375 0.27666666666666667 0.0425 0.043333333333333335
1 0.27375 0.25583333333333336 0.04 0.03833333333333333
1 0.385625 0.2625 0.03625 0.035