0 0.7021900000000001 0.5180600000000001 0.0990425 0.14504333333333333
0 0.23979750000000002 0.34575 0.0882375 0.06587333333333334
1 0.603885 0.5079 0.0863775 0.07611000000000001
1 0.7843049999999999 0.5723833333333334 0.0952975 0.09321333333333333
1 0.8819175 0.62441 0.08169499999999999 0.12439666666666667
1 0.50968 0.47426 0.0799675 0.07292666666666667
1 0.39008499999999996 0.41306000000000004 0.0507625 0.03728
1 0.337845 0.39842666666666665 0.0397875 0.025656666666666668
1 0.9645675 0.6503566666666667 0.060962499999999996 0.10443333333333334
1 0.270435 0.37061666666666665 0.0425325 0.030536666666666667
1 0.440625 0.4425 0.05875 0.04833333333333333
1 0.295625 0.38166666666666665 0.03875 0.03666666666666667
1 0.18375 0.3575 0.03 0.015
1 0.15625 0.3458333333333333 0.03 0.021666666666666667