0 0.22679 0.20588333333333333 0.07949250000000001 0.08111
0 0.5408975 0.51488 0.17601 0.19332000000000002
0 0.2114975 0.5306933333333334 0.1359275 0.20962
0 0.1149675 0.61269 0.1373 0.24706333333333336
0 0.3020775 0.43257666666666666 0.1303175 0.1793533333333333
0 0.46547750000000004 0.6472166666666667 0.19442250000000003 0.25111
0 0.3407575 0.7845833333333333 0.2062525 0.31209666666666663
0 0.3902575 0.36124 0.12322 0.15179
0 0.37318 0.21014333333333332 0.11097 0.09023666666666666
0 0.467755 0.2926333333333333 0.133125 0.15836
0 0.62102 0.4290233333333333 0.14103749999999998 0.15080666666666667
0 0.11168 0.2980333333333333 0.066815 0.08509666666666667
0 0.77706 0.13760666666666665 0.042825 0.05095333333333334
0 0.8194 0.16546 0.0421 0.05420666666666667
0 0.34076999999999996 0.13745333333333334 0.0667725 0.05673333333333333
0 0.2114375 0.8677133333333333 0.15178 0.26457
0 0.39159249999999995 0.11985333333333334 0.071385 0.05801666666666667
0 0.56637 0.03928 0.052152500000000004 0.03666666666666667
0 0.7326825 0.11252666666666666 0.0531825 0.047760000000000004
0 0.1753925 0.24997333333333333 0.057155000000000004 0.07424333333333333
0 0.6834175 0.08458666666666666 0.045865 0.04192666666666667
0 0.285765 0.16723666666666667 0.0790525 0.06546666666666667
0 0.048097499999999994 0.7311700000000001 0.09619499999999999 0.2894733333333333
0 0.871655 0.19851666666666665 0.0430975 0.05747333333333333
0 0.6123875000000001 0.05505333333333333 0.0438375 0.04344333333333334
0 0.1119975 0.9382566666666666 0.113535 0.12057666666666668
0 0.25658749999999997 0.13570666666666667 0.052425 0.05562333333333334
0 0.4560825 0.09525666666666666 0.083225 0.05911333333333334
0 0.0134775 0.25378 0.026425 0.05654
0 0.6437775 0.07207666666666666 0.041 0.03478
0 0.032424999999999995 0.9627866666666667 0.0648475 0.07030666666666666