0 0.362055 0.6775633333333334 0.18117250000000001 0.13635333333333333
0 0.3077375 0.5853 0.1522725 0.11078333333333334
0 0.5681124999999999 0.43291999999999997 0.089755 0.09162333333333333
0 0.6335824999999999 0.46269999999999994 0.091625 0.11411666666666667
0 0.708515 0.5135966666666667 0.0943075 0.12307
0 0.4995975 0.40802999999999995 0.0932125 0.09658666666666667
0 0.2502625 0.5275 0.12091249999999999 0.08635666666666666
0 0.4560275 0.38016333333333335 0.08356 0.07132000000000001
0 0.18476499999999998 0.39868333333333333 0.09242 0.05474
0 0.21051750000000002 0.43366333333333335 0.110645 0.06189666666666667
0 0.22258250000000002 0.47882 0.118675 0.07884666666666666
0 0.28408 0.30790666666666666 0.05611 0.04279666666666666
0 0.1569175 0.35856000000000005 0.0616025 0.044399999999999995
1 0.3375 0.3383333333333333 0.025 0.023333333333333334
1 0.355 0.35583333333333333 0.0275 0.021666666666666667
1 0.320625 0.33 0.01875 0.023333333333333334