0 0.30497250000000004 0.8148299999999999 0.20633 0.37034
0 0.564155 0.6481933333333333 0.19701249999999998 0.2981166666666667
0 0.29490750000000004 0.3620933333333333 0.082315 0.11841333333333334
0 0.365615 0.32594666666666666 0.08373749999999999 0.10033333333333333
0 0.149195 0.4328966666666667 0.079295 0.141
0 0.688345 0.5725233333333333 0.1769825 0.20752333333333334
0 0.2160275 0.30390333333333336 0.0699025 0.09027666666666666
0 0.0585225 0.8917266666666667 0.102 0.21100333333333332
0 0.16861 0.8613466666666667 0.134015 0.27731
0 0.569705 0.26259 0.08175249999999999 0.07357
0 0.439955 0.21691000000000002 0.0702375 0.07606666666666666
0 0.485945 0.20708666666666667 0.0569475 0.06332333333333333
0 0.4952575 0.27808 0.07738500000000001 0.06942333333333334
0 0.32849 0.24429333333333333 0.061932499999999994 0.06938333333333334
1 0.44263749999999996 0.75944 0.10567499999999999 0.13089
0 0.32808499999999996 0.16688333333333333 0.03561 0.04374666666666667
0 0.2841175 0.18430999999999997 0.04457 0.05221333333333333
1 0.2259275 0.4133866666666667 0.0524475 0.057326666666666665
0 0.20704750000000002 0.19042 0.04093 0.04513333333333334
0 0.5210874999999999 0.18855 0.06440749999999999 0.06251666666666666
1 0.7282474999999999 0.9521299999999999 0.11085500000000001 0.09574
1 0.27585750000000003 0.29178333333333334 0.0494075 0.04321
0 0.0345025 0.27769333333333335 0.045454999999999995 0.05420666666666667
1 0.8123325 0.8433333333333334 0.09833750000000001 0.10949333333333335
1 0.4343225 0.3078266666666667 0.0537925 0.050383333333333336
1 0.379625 0.24318666666666666 0.037200000000000004 0.02878
1 0.2518325 0.20319333333333334 0.0318725 0.03124
0 0.0653475 0.44336333333333333 0.101025 0.2043566666666667
0 0.104945 0.23897333333333332 0.0342575 0.04656333333333333
0 0.46321749999999995 0.20963666666666667 0.08715 0.06997
1 0.204375 0.2325 0.04625 0.028333333333333332