0 0.6849500000000001 0.5263633333333333 0.187305 0.20512333333333332
0 0.53642 0.7185233333333334 0.259125 0.29284
0 0.2495475 0.3290533333333333 0.0711 0.10381666666666667
0 0.74045 0.44317 0.14370750000000002 0.12933
0 0.506225 0.2515733333333333 0.081155 0.07743666666666667
0 0.30865750000000003 0.31115333333333334 0.0656525 0.09281333333333333
1 0.44652499999999995 0.8588366666666667 0.1490275 0.11983999999999999
0 0.18888 0.36207 0.0607525 0.08072
1 0.6114299999999999 0.6180366666666667 0.11285500000000001 0.09016666666666667
0 0.1375575 0.3704666666666667 0.0544075 0.10174000000000001
0 0.1395025 0.2820933333333333 0.060277500000000005 0.05897
0 0.7790175 0.3050933333333333 0.11855 0.08029333333333333
0 0.3300025 0.9505166666666667 0.19957249999999999 0.09897
1 0.37298000000000003 0.30861 0.052835 0.041530000000000004
0 0.6675275 0.1419 0.0575 0.04481
0 0.100365 0.5012733333333333 0.087965 0.15083
0 0.4998 0.15639 0.0573225 0.04675333333333333
0 0.3575975 0.19227666666666668 0.042655 0.051923333333333335
0 0.3913875 0.15108333333333332 0.043295 0.04406333333333333
0 0.442355 0.16226333333333334 0.0525 0.05772666666666667
0 0.26848 0.24042333333333332 0.04919 0.05156666666666666
0 0.620285 0.14961 0.0588025 0.048080000000000005
1 0.436805 0.29337 0.054119999999999994 0.04510666666666666
0 0.5811525000000001 0.14975666666666665 0.049075 0.04555666666666666
0 0.81828 0.22631333333333334 0.07257999999999999 0.049933333333333337
0 0.23279 0.23871 0.0334075 0.043173333333333334
0 0.7839225 0.25501999999999997 0.0952075 0.053726666666666666
0 0.7240175000000001 0.12761666666666668 0.0416525 0.032016666666666665
0 0.3170375 0.20537 0.033335000000000004 0.037426666666666664
0 0.5412224999999999 0.12517666666666666 0.0441575 0.0393
0 0.023225000000000003 0.47224 0.0437175 0.12125
1 0.40323000000000003 0.18687 0.03832 0.02384
0 0.5797899999999999 0.11195666666666666 0.046667499999999994 0.030356666666666664
0 0.7592625000000001 0.3664133333333333 0.1231775 0.07698333333333333
1 0.17 0.5016666666666667 0.0425 0.12666666666666668
1 0.04 0.56 0.04 0.11333333333333333
1 0.076875 0.43 0.03625 0.07333333333333333
1 0.54625 0.16083333333333333 0.035 0.041666666666666664