0 0.69789 0.31411 0.14315250000000002 0.06917999999999999
0 0.7405025000000001 0.38147333333333333 0.13715 0.08205666666666667
0 0.820955 0.5978533333333333 0.163715 0.12164000000000001
0 0.1929475 0.6572533333333334 0.22985499999999998 0.17025
0 0.2452275 0.4206933333333333 0.1605125 0.10185666666666666
0 0.77543 0.47425 0.1781175 0.10211666666666668
0 0.857465 0.73205 0.17355500000000001 0.15825666666666666
0 0.6508674999999999 0.20766333333333334 0.11179 0.05278666666666667
0 0.5009625 0.3508733333333333 0.0882825 0.13110666666666668
0 0.660885 0.25692 0.12271 0.06049
1 0.2580175 0.5592066666666666 0.1173275 0.08267
0 0.47751499999999997 0.23025666666666667 0.06267 0.07776666666666666
0 0.57547 0.8756366666666666 0.1613675 0.24873
0 0.3417425 0.15106 0.08503749999999999 0.048376666666666665
0 0.47267750000000003 0.16103333333333333 0.048195 0.058616666666666664
0 0.4674675 0.11181999999999999 0.038637500000000005 0.04399333333333333
1 0.8422350000000001 0.9336766666666667 0.102995 0.07012666666666667
0 0.37260000000000004 0.07062333333333333 0.055244999999999995 0.024936666666666666
0 0.5994149999999999 0.14271333333333333 0.072835 0.04525333333333333
1 0.3068975 0.3136933333333333 0.0585375 0.029713333333333335
1 0.31037 0.35218666666666665 0.0678775 0.04515333333333334
1 0.323125 0.245 0.04875 0.05
1 0.335 0.19416666666666665 0.04 0.03833333333333333
1 0.51375 0.5783333333333334 0.095 0.24
0 0.350625 0.11583333333333333 0.08375 0.041666666666666664