0 0.42989 0.2775666666666667 0.11626500000000001 0.07947333333333333
0 0.435895 0.41162 0.16160249999999998 0.14019666666666666
0 0.8268724999999999 0.66234 0.1609875 0.16715666666666668
0 0.7810900000000001 0.9086333333333334 0.258695 0.18273000000000003
0 0.844465 0.55706 0.15639250000000002 0.12190666666666668
0 0.5501900000000001 0.28421 0.1116275 0.08130333333333334
0 0.60756 0.21891666666666668 0.08186750000000001 0.060570000000000006
0 0.8269099999999999 0.35919999999999996 0.09232 0.07416333333333333
0 0.2545875 0.22582666666666668 0.0586675 0.047060000000000005
0 0.299405 0.20437333333333332 0.0517175 0.04964
1 0.3627325 0.5085966666666667 0.07575 0.07611000000000001
0 0.8064525 0.26367666666666667 0.073145 0.0549
0 0.5294099999999999 0.11438333333333332 0.0378525 0.02928
1 0.22664250000000002 0.2705166666666666 0.0373625 0.027766666666666665
0 0.42828750000000004 0.12514333333333333 0.0291425 0.02755
0 0.13096750000000001 0.32173333333333337 0.058265 0.06833333333333333
0 0.6748725 0.16042 0.05459749999999999 0.04228
0 0.872005 0.2731033333333333 0.042140000000000004 0.048826666666666664
0 0.159055 0.22276999999999997 0.0441225 0.044219999999999995
1 0.18813249999999998 0.3044866666666667 0.0384175 0.034083333333333334
0 0.8129824999999999 0.22031333333333336 0.053072499999999995 0.03338666666666667
0 0.2332225 0.16106333333333334 0.026465 0.027979999999999998
1 0.5092175 0.33678 0.04076 0.03458
0 0.29268 0.14574333333333334 0.028704999999999998 0.027676666666666665
0 0.579495 0.11712333333333333 0.032665 0.028686666666666666
1 0.3705375 0.33253666666666665 0.0415875 0.03240333333333333
0 0.1162175 0.28261000000000003 0.048412500000000004 0.050429999999999996
0 0.7432000000000001 0.13782666666666668 0.0383825 0.03101
1 0.8115075 0.39793 0.0488025 0.038643333333333335
1 0.5815724999999999 0.25612666666666667 0.045407499999999996 0.03096666666666667
0 0.6984600000000001 0.12939666666666666 0.0402725 0.03202666666666667
1 0.26871249999999997 0.4375466666666667 0.062049999999999994 0.050916666666666666
0 0.26432 0.14978666666666668 0.02647 0.026586666666666668
1 0.8018575 0.43493666666666664 0.048780000000000004 0.03642
1 0.4768075 0.37381333333333333 0.0363125 0.03329666666666667
1 0.3243375 0.37991 0.05063 0.03993
1 0.793125 0.485 0.04625 0.06
1 0.774375 0.7858333333333334 0.11625 0.155
1 0.79875 0.2991666666666667 0.03 0.03833333333333333
1 0.503125 0.23083333333333333 0.03875 0.03166666666666667
1 0.535625 0.21583333333333332 0.02875 0.041666666666666664
1 0.45625 0.12833333333333333 0.025 0.023333333333333334
1 0.40125 0.13 0.025 0.02666666666666667
1 0.348125 0.14083333333333334 0.04125 0.03166666666666667
1 0.07 0.9066666666666666 0.075 0.11333333333333333
1 0.044375 0.7891666666666667 0.06125 0.10833333333333334