0 0.5880175000000001 0.5460966666666667 0.1436925 0.20715333333333336
0 0.354025 0.68523 0.23642500000000002 0.27488999999999997
0 0.27270999999999995 0.28908666666666666 0.1166225 0.12004000000000001
0 0.7534025000000001 0.21789666666666668 0.053892499999999996 0.06383
0 0.3650675 0.33226666666666665 0.11289 0.12633999999999998
0 0.7059675 0.1879333333333333 0.0561575 0.06399
0 0.7086275000000001 0.62617 0.133965 0.26892
0 0.5614675 0.39327 0.14377 0.12540333333333334
0 0.6575700000000001 0.16092 0.053134999999999995 0.054053333333333335
0 0.4260525 0.38816 0.14861000000000002 0.16732
0 0.6170575 0.20850333333333332 0.0691 0.07096
0 0.1195875 0.36885666666666667 0.1123 0.12077333333333333
0 0.663875 0.24831666666666669 0.0666375 0.07297
0 0.81911 0.6863966666666667 0.12591 0.33876
0 0.9089299999999999 0.32162 0.0539625 0.08437
0 0.8505475 0.2827366666666667 0.048935 0.06772333333333333
0 0.561005 0.19568333333333332 0.07363249999999999 0.07009333333333333
0 0.72868 0.27437666666666666 0.0685425 0.08375666666666667
0 0.848645 0.3534533333333333 0.059539999999999996 0.07772
0 0.08532 0.2944833333333334 0.0846275 0.08474
0 0.801245 0.25158 0.052935 0.06315
1 0.4708325 0.7806066666666667 0.115985 0.11886666666666668
0 0.5131125 0.16674333333333333 0.06408499999999999 0.07622
1 0.7883300000000001 0.31662 0.050140000000000004 0.05652333333333333
0 0.6186325 0.15019 0.0450575 0.04828666666666667
1 0.5873999999999999 0.8932666666666668 0.11662 0.11052999999999999
1 0.27421249999999997 0.5950433333333334 0.0723375 0.07829
0 0.46385000000000004 0.14920333333333333 0.0568025 0.06280333333333334
0 0.57562 0.13168000000000002 0.0523175 0.04457333333333333
1 0.2235075 0.51333 0.0609225 0.05729
1 0.19763999999999998 0.4515133333333333 0.052645000000000004 0.04509666666666667
0 0.216305 0.24078333333333335 0.0941875 0.10213666666666668
0 0.428035 0.14358666666666667 0.041505 0.05279333333333333
0 0.34484750000000003 0.11999000000000001 0.048049999999999995 0.046103333333333336
1 0.152795 0.41190333333333334 0.0463475 0.03987
0 0.53043 0.11563666666666668 0.056772500000000004 0.03495666666666667
0 0.069205 0.25320333333333334 0.0644975 0.05275333333333333
1 0.10875 0.31583333333333335 0.05 0.03833333333333333