0 0.6296925 0.43390333333333336 0.11364 0.11370333333333334
0 0.2516875 0.6904433333333333 0.19967 0.17572
0 0.19740749999999999 0.44199333333333335 0.1279675 0.10609333333333333
0 0.32523250000000004 0.8688233333333333 0.2669125 0.22719333333333336
0 0.7567050000000001 0.5627166666666666 0.11406999999999999 0.14173
0 0.8333825 0.6527433333333333 0.1091175 0.17632
0 0.22961 0.57074 0.18062999999999999 0.13742333333333331
0 0.5535775 0.33125666666666664 0.1121925 0.09700666666666666
1 0.8896775 0.7648033333333333 0.0826475 0.12175
0 0.4295975 0.25454 0.0758675 0.05835333333333333
0 0.200295 0.3720466666666667 0.1084275 0.07181333333333333
1 0.21977000000000002 0.49765333333333334 0.07571750000000001 0.04262
0 0.49552999999999997 0.29577333333333333 0.08664749999999999 0.08035666666666666
1 0.5835225 0.39357000000000003 0.050845 0.05037333333333333
1 0.6730425 0.5144133333333334 0.07161 0.07713666666666666
0 0.934215 0.9730733333333332 0.0737125 0.04856
0 0.2025 0.33166666666666667 0.1075 0.05333333333333334
0 0.47125 0.26666666666666666 0.0975 0.07666666666666666