0 0.5448225 0.48522333333333334 0.25497749999999997 0.21179333333333333
0 0.10919499999999999 0.3648166666666667 0.0634975 0.07604333333333334
0 0.77655 0.85123 0.3141625 0.2861433333333333
0 0.2098425 0.27471666666666666 0.07171 0.06732333333333333
0 0.8183400000000001 0.31276 0.14908000000000002 0.12518666666666667
0 0.8262200000000001 0.22934333333333332 0.1256025 0.08452
0 0.328485 0.24004333333333333 0.10289 0.08254333333333333
1 0.42501 0.62914 0.1157 0.1136
0 0.82909 0.18067 0.10625749999999999 0.054566666666666666
0 0.6886375 0.19215333333333334 0.1055925 0.06726333333333333
0 0.4013925 0.12960333333333332 0.06168 0.039426666666666665
0 0.2209325 0.18982000000000002 0.05858 0.05546333333333333
0 0.4861275 0.13121333333333332 0.0815325 0.052419999999999994
0 0.2898975 0.19943666666666665 0.066155 0.05935666666666666
0 0.3508125 0.16926666666666668 0.0591125 0.04593
0 0.4252375 0.17262333333333332 0.08319499999999999 0.05910000000000001
0 0.0222725 0.37668666666666667 0.0376825 0.06307
1 0.3357525 0.7951866666666666 0.14057499999999998 0.12837
1 0.7579 0.6384966666666667 0.12372499999999999 0.10722666666666666
0 0.30778 0.13805333333333333 0.04289 0.03431666666666667
0 0.4521325 0.10202333333333333 0.056979999999999996 0.03663333333333334
1 0.6644075 0.23186666666666667 0.046045 0.03667
0 0.5381174999999999 0.10586333333333332 0.057847499999999996 0.03964
1 0.223545 0.9485 0.1234275 0.10138333333333333
1 0.6428524999999999 0.2729566666666667 0.048417499999999995 0.0395
1 0.7871900000000001 0.49974 0.07763500000000001 0.07194666666666667
0 0.81637 0.10441 0.059770000000000004 0.04239333333333334
1 0.21056 0.3552833333333333 0.0499125 0.04608
1 0.5734600000000001 0.38702666666666663 0.0752675 0.08234333333333334
1 0.1555475 0.41929333333333335 0.048924999999999996 0.04774333333333333
0 0.568315 0.08545333333333334 0.0547325 0.03425
1 0.6179825 0.3248833333333333 0.067005 0.056459999999999996
0 0.6408075 0.10034666666666667 0.059265 0.04975
1 0.795985 0.39998 0.0639625 0.05781
0 0.8206275000000001 0.13443333333333335 0.0714225 0.039323333333333335
0 0.7158275 0.16466333333333333 0.0960125 0.05916
0 0.7197749999999999 0.11288 0.07246999999999999 0.04743666666666667
0 0.96427 0.18000666666666665 0.0528825 0.04759666666666666
1 0.036465000000000004 0.57668 0.044719999999999996 0.052816666666666665
1 0.272415 0.2984266666666667 0.0496075 0.0363
0 0.7139575 0.12564666666666666 0.071165 0.036463333333333334
1 0.09645000000000001 0.49816666666666665 0.052935 0.054389999999999994
1 0.0675 0.43333333333333335 0.055 0.05
1 0.020625 0.505 0.04125 0.06333333333333334
1 0.1575 0.3275 0.055 0.045
1 0.2525 0.245 0.0425 0.05
1 0.389375 0.22083333333333333 0.04875 0.058333333333333334
1 0.47625 0.16333333333333333 0.04 0.04666666666666667
1 0.094375 0.31916666666666665 0.04375 0.035
1 0.129375 0.2875 0.03875 0.035
1 0.158125 0.2575 0.03375 0.035