0 0.69553 0.43438333333333334 0.13319499999999998 0.17408333333333334
0 0.6186 0.47707333333333335 0.1460275 0.18308333333333332
0 0.5990175000000001 0.14742333333333332 0.0740325 0.07423666666666667
0 0.871995 0.5656 0.1345775 0.16841333333333333
0 0.5145325000000001 0.56014 0.1630625 0.2216
0 0.466125 0.18714666666666668 0.0945025 0.08300333333333333
0 0.39368000000000003 0.19898333333333335 0.1018925 0.11044333333333332
0 0.33146499999999995 0.08151 0.0446675 0.04822666666666667
0 0.32566 0.22182333333333334 0.085205 0.12953333333333333
0 0.555965 0.15700666666666666 0.0737025 0.06654
0 0.49739249999999996 0.11566333333333334 0.06697750000000001 0.05647
0 0.7446625 0.13924 0.0749175 0.06109666666666667
0 0.2971225 0.08650333333333333 0.036289999999999996 0.04843666666666667
0 0.6436675000000001 0.14318333333333333 0.061255000000000004 0.06249333333333333
0 0.8823775 0.28025 0.06758 0.07567
0 0.74973 0.3788733333333333 0.13277250000000002 0.13314333333333334
0 0.8237975 0.33868 0.10235250000000001 0.11136666666666667
0 0.25171 0.10368000000000001 0.046682499999999995 0.053663333333333334
0 0.5384450000000001 0.09860333333333333 0.0571525 0.04714666666666666
1 0.368525 0.08531666666666667 0.028392499999999998 0.025423333333333333
1 0.41017000000000003 0.08113666666666666 0.0292425 0.02428333333333333
1 0.7879025000000001 0.7589233333333333 0.078175 0.08341666666666667
1 0.8225325 0.6408033333333334 0.061045 0.07063333333333334
0 0.9542775 0.38307 0.08025499999999999 0.08959333333333333
1 0.5128225 0.18841333333333335 0.03865 0.04165
1 0.911525 0.49953333333333333 0.053020000000000005 0.056409999999999995
1 0.8415549999999999 0.30994 0.059885 0.05501
0 0.41334750000000003 0.13668 0.0595675 0.0531
1 0.71133 0.8636133333333333 0.085875 0.11025333333333333
1 0.93556 0.4148766666666667 0.0407725 0.05336333333333333
1 0.92625 0.44666666666666666 0.035 0.06333333333333334
1 0.685625 0.1425 0.04875 0.04833333333333333
1 0.485 0.06166666666666667 0.0525 0.03333333333333333