0 0.601105 0.6298766666666668 0.15086000000000002 0.2847
0 0.4217625 0.21924000000000002 0.0595625 0.08613666666666668
0 0.7187825 0.6181166666666666 0.135835 0.23451666666666665
0 0.6276649999999999 0.39808666666666664 0.1105575 0.14137
0 0.4231775 0.4339266666666667 0.09837 0.15986
0 0.45283249999999997 0.65992 0.1459075 0.34451333333333334
1 0.5265575 0.4322433333333333 0.07056749999999999 0.07101
1 0.5472775000000001 0.18130333333333332 0.0313625 0.02707666666666667
1 0.587305 0.18242 0.028645 0.020276666666666665
1 0.5264 0.23178333333333334 0.040409999999999995 0.03401333333333333
1 0.7593475 0.41686999999999996 0.043605 0.05021
0 0.7275499999999999 0.18124333333333334 0.0543975 0.05058666666666666
1 0.79675 0.3917 0.0374175 0.03673666666666667
1 0.5790375 0.23193 0.039557499999999995 0.029073333333333333
1 0.4763075 0.23554333333333333 0.043402500000000004 0.03711
1 0.628575 0.22840000000000002 0.0322825 0.026583333333333334
1 0.5111725 0.18461000000000002 0.024552499999999998 0.02174
1 0.671635 0.23234999999999997 0.02934 0.02287
1 0.7832374999999999 0.6145833333333334 0.059815 0.10522666666666666
1 0.84976 0.5739766666666667 0.054905 0.06779
1 0.936625 0.5323733333333333 0.037865 0.05036
1 0.89625 0.5591666666666667 0.045 0.07166666666666667
1 0.6775 0.3775 0.0475 0.058333333333333334
1 0.83875 0.3825 0.03 0.065
1 0.878125 0.38666666666666666 0.03375 0.043333333333333335
1 0.709375 0.22583333333333333 0.02875 0.045
1 0.74375 0.235 0.0325 0.03666666666666667