0 0.13659000000000002 0.5792166666666667 0.112485 0.205
0 0.30822750000000004 0.4547833333333333 0.1153975 0.14755333333333334
0 0.58239 0.26757333333333333 0.0861125 0.06340333333333334
0 0.6480125 0.24256333333333335 0.0868725 0.06910333333333334
0 0.307805 0.18363333333333332 0.0431325 0.04593666666666667
0 0.1091275 0.32826 0.0499775 0.07198
0 0.410495 0.16577 0.047122500000000005 0.05196
1 0.49897250000000004 0.34192 0.0482675 0.044566666666666664
1 0.5448425 0.30732333333333334 0.0392975 0.036513333333333335
1 0.43991250000000004 0.37409666666666663 0.0526625 0.04432666666666666
0 0.7366625 0.19726333333333332 0.0498925 0.04199666666666667
1 0.69811 0.7560333333333333 0.1185 0.10450999999999999
1 0.15544 0.3137766666666667 0.033897500000000004 0.03358333333333333
0 0.8858875 0.3000933333333333 0.071125 0.07413333333333333
1 0.7912925000000001 0.56992 0.07201250000000001 0.07237666666666666
0 0.34753500000000004 0.17012333333333335 0.0374825 0.037386666666666665
1 0.192325 0.42771000000000003 0.0495025 0.04760333333333333
1 0.0783825 0.3694233333333333 0.0325925 0.036553333333333334
1 0.3841175 0.41846000000000005 0.05668 0.05136
1 0.36491250000000003 0.31227333333333335 0.0446125 0.03435666666666667
0 0.1785825 0.25162 0.038402500000000006 0.045053333333333334
1 0.3815575 0.19437000000000001 0.0270775 0.022793333333333332
0 0.1059275 0.23669666666666667 0.028327500000000002 0.033813333333333334
1 0.3078575 0.2260933333333333 0.033600000000000005 0.029263333333333336
0 0.04828 0.28917666666666664 0.032060000000000005 0.04213666666666666
1 0.3518225 0.20899666666666666 0.031127500000000002 0.021150000000000002
0 0.6977899999999999 0.20003333333333334 0.07590999999999999 0.06371666666666667
1 0.083745 0.68882 0.061345 0.09430666666666668
1 0.41270999999999997 0.28739333333333333 0.0393425 0.02802
1 0.22987 0.5297 0.07611499999999999 0.07871
0 0.054512500000000005 0.5262133333333334 0.07317 0.14442
1 0.1359975 0.4658633333333333 0.0410275 0.042026666666666664
1 0.605625 0.9066666666666666 0.14125 0.11666666666666667
1 0.738125 0.6341666666666667 0.08375 0.13166666666666665
1 0.8175 0.525 0.06 0.056666666666666664
1 0.83625 0.4675 0.05 0.045
1 0.844375 0.41333333333333333 0.02375 0.03666666666666667
1 0.839375 0.38 0.02125 0.023333333333333334
1 0.8475 0.35083333333333333 0.0225 0.025
1 0.30875 0.33666666666666667 0.06 0.06333333333333334
1 0.25125 0.38083333333333336 0.0475 0.06833333333333333
1 0.019375 0.7425 0.03875 0.11833333333333333
1 0.033125 0.4041666666666667 0.04125 0.041666666666666664
1 0.19375 0.28833333333333333 0.0475 0.05
1 0.2775 0.2425 0.0275 0.025
1 0.455625 0.2608333333333333 0.03375 0.041666666666666664
1 0.499375 0.24 0.02875 0.043333333333333335
1 0.531875 0.22916666666666666 0.02875 0.041666666666666664
1 0.56875 0.22083333333333333 0.03 0.028333333333333332
1 0.62875 0.27 0.0475 0.06
1 0.6875 0.23 0.045 0.06333333333333334