0 0.30628750000000005 0.43981333333333333 0.0876125 0.12539999999999998
0 0.6290775 0.5747533333333333 0.1208175 0.19840000000000002
1 0.516445 0.62486 0.09574250000000001 0.11266000000000001
0 0.29085 0.25881333333333334 0.0587825 0.06577666666666668
0 0.35058999999999996 0.20373000000000002 0.051547499999999996 0.059379999999999995
0 0.24177 0.26976666666666665 0.054142499999999996 0.06401666666666667
1 0.3938175 0.2621233333333333 0.0417125 0.03349666666666667
1 0.2854925 0.6753866666666667 0.09114 0.14779333333333333
0 0.39809500000000003 0.6536366666666666 0.1338825 0.28891
1 0.343065 0.2714333333333333 0.039259999999999996 0.03418333333333333
1 0.5600475 0.41914666666666667 0.059745 0.05742333333333334
1 0.189225 0.65971 0.0856075 0.15274333333333334
1 0.2366425 0.48008666666666666 0.055505000000000006 0.06309666666666666
1 0.395435 0.44902 0.071275 0.07392666666666667
1 0.4949975 0.25649 0.040600000000000004 0.03216666666666667
1 0.7809175 0.5441466666666667 0.062064999999999995 0.06698
1 0.5415675 0.25236333333333333 0.0305 0.026969999999999997
1 0.44476 0.25909333333333334 0.039497500000000005 0.031166666666666665
1 0.59142 0.2549633333333333 0.0361275 0.02768666666666667
1 0.708035 0.4205966666666667 0.05165 0.04762
1 0.703145 0.5791 0.06697750000000001 0.08953333333333334
1 0.6338325 0.42325666666666667 0.057175 0.055343333333333335
1 0.4794275 0.2103 0.027809999999999998 0.020526666666666665
1 0.565345 0.21462666666666666 0.0247525 0.017686666666666667
1 0.09461499999999999 0.6553800000000001 0.0689975 0.10737000000000001
1 0.14875 0.485 0.065 0.06
1 0.48125 0.42833333333333334 0.0775 0.11
1 0.395 0.20916666666666667 0.0325 0.03833333333333333
1 0.440625 0.215 0.03125 0.03333333333333333
1 0.51875 0.20666666666666667 0.03 0.03333333333333333
1 0.029375 0.33916666666666667 0.03125 0.028333333333333332