0 0.7107775000000001 0.5351666666666667 0.11289249999999999 0.17699666666666666
0 0.5429974999999999 0.43558 0.12334 0.14914
0 0.462265 0.37892333333333333 0.1101425 0.1106
0 0.7567225 0.32259666666666664 0.0648375 0.08967666666666665
0 0.5193525 0.6939933333333334 0.17606 0.25211
1 0.6991499999999999 0.3151966666666667 0.0471475 0.03732333333333333
1 0.3461825 0.5668866666666666 0.08511750000000001 0.07196333333333332
1 0.6188625 0.5019733333333334 0.080375 0.07081
1 0.6337075 0.7859433333333333 0.114265 0.14077333333333333
1 0.7385875 0.9034966666666666 0.13319 0.14226
1 0.28645 0.50072 0.07917 0.062189999999999995
0 0.3281475 0.22117 0.06024 0.046873333333333336
0 0.18157749999999998 0.26061 0.0703275 0.055330000000000004
1 0.7161649999999999 0.2672966666666667 0.038549999999999994 0.029896666666666665
1 0.6468125 0.2921833333333333 0.0432175 0.02623
0 0.2739825 0.30132333333333333 0.0899625 0.07931666666666666
0 0.54838 0.19774333333333333 0.05805 0.04262
1 0.632795 0.23184666666666665 0.0331575 0.02587
0 0.23209 0.27179333333333333 0.0737375 0.0629
1 0.42489499999999997 0.6223033333333333 0.09687749999999999 0.09514666666666667
1 0.5492575000000001 0.25699333333333335 0.0421525 0.028603333333333335
1 0.8548775000000001 0.9161166666666667 0.09172 0.12667
1 0.80255 0.3650966666666667 0.046299999999999994 0.04568333333333334
1 0.5949800000000001 0.2194333333333333 0.0353425 0.020713333333333334
1 0.940365 0.94077 0.0831425 0.10275999999999999
1 0.7059025 0.20250333333333334 0.026232500000000002 0.018926666666666668
0 0.94705 0.2658466666666667 0.047729999999999995 0.03955666666666667
0 0.39134500000000005 0.15574333333333334 0.0574225 0.04027666666666667
0 0.0953275 0.29945333333333335 0.0798825 0.06374333333333333
1 0.50631 0.24389333333333332 0.04179 0.02845666666666667
1 0.34290499999999996 0.3676966666666666 0.0472875 0.040396666666666664
0 0.015235 0.38705333333333336 0.0244575 0.08014666666666667
1 0.7398575 0.20324666666666666 0.026555 0.022699999999999998
1 0.3083575 0.33312 0.043255 0.0321
1 0.5989425 0.27354666666666666 0.04046 0.024623333333333334
0 0.3268825 0.18437666666666666 0.0588775 0.036623333333333334
1 0.6735475 0.24763666666666664 0.0376475 0.026333333333333334
1 0.240865 0.45486999999999994 0.05884 0.044636666666666665
0 0.14465999999999998 0.23495666666666667 0.046277500000000006 0.043383333333333336
0 0.6020225 0.11178333333333335 0.0248975 0.01993666666666667
0 0.777645 0.16805333333333333 0.022765 0.02089
1 0.7670425000000001 0.21824000000000002 0.024735 0.022660000000000003
0 0.5691725 0.11291333333333334 0.030657499999999997 0.021986666666666665
0 0.4989825 0.12217333333333333 0.0349675 0.027056666666666666
0 0.9365625 0.044199999999999996 0.0491825 0.044583333333333336
0 0.1216675 0.3437033333333333 0.09172 0.08698
1 0.6809275 0.19362333333333334 0.026885000000000003 0.022366666666666663
1 0.6174325 0.17312333333333332 0.027377500000000003 0.018483333333333334
1 0.391255 0.39482333333333336 0.058665 0.04704666666666666
1 0.7680650000000001 0.2252 0.0270775 0.021
0 0.464345 0.12950666666666666 0.037 0.02869333333333333
1 0.19841499999999998 0.43184 0.046310000000000004 0.036463333333333334
1 0.15882749999999998 0.37267 0.034995 0.028656666666666667
1 0.790625 0.5991666666666666 0.07875 0.13166666666666665
1 0.80125 0.3 0.045 0.05333333333333334
1 0.468125 0.23166666666666666 0.02875 0.02666666666666667
1 0.161875 0.405 0.04125 0.05
1 0.50125 0.18833333333333332 0.0325 0.03