0 0.59715 0.26635 0.0854675 0.14291333333333334
0 0.7299275000000001 0.19736333333333334 0.04542 0.06295333333333333
0 0.77378 0.20770333333333335 0.044275 0.06168333333333334
0 0.4870075 0.2802366666666667 0.09954500000000001 0.13832666666666668
0 0.1443375 0.81304 0.19136 0.24095666666666668
0 0.835825 0.48323 0.132615 0.13347
0 0.319965 0.77037 0.253995 0.27698666666666666
0 0.6734924999999999 0.58467 0.24522 0.17973666666666668
0 0.82689 0.25801 0.059395 0.08285333333333333
0 0.10167 0.33661 0.116615 0.13748333333333332
0 0.91473 0.43460666666666664 0.12054999999999999 0.12689999999999999
0 0.4481875 0.03415666666666667 0.08058 0.05224666666666667
1 0.7751950000000001 0.2803566666666667 0.0389225 0.047893333333333336
0 0.367 0.06673333333333333 0.057575 0.03673
1 0.672095 0.29222 0.04557 0.05797666666666667
1 0.13179249999999998 0.24547333333333332 0.039515 0.030526666666666667
0 0.8758775000000001 0.26561666666666667 0.0333775 0.05067666666666667
1 0.4560575 0.24651666666666666 0.03732 0.035603333333333334
1 0.189195 0.22718333333333332 0.0432875 0.030656666666666665
1 0.08365500000000001 0.26877666666666666 0.0342375 0.03269333333333333
1 0.2961525 0.18482333333333334 0.046535 0.027236666666666666
1 0.35535 0.16656666666666667 0.040170000000000004 0.023506666666666665
1 0.364885 0.3524333333333333 0.062705 0.05114666666666667
1 0.2437025 0.20575 0.0433075 0.02972666666666667
1 0.7310924999999999 0.29104 0.039775 0.05066
1 0.683315 0.21358666666666667 0.0366225 0.029410000000000002
1 0.26602 0.37543333333333334 0.052865 0.04885333333333333
0 0.9763425 0.4033966666666667 0.046049999999999994 0.10449000000000001
0 0.90985 0.2551366666666667 0.0509325 0.04992333333333333
1 0.36627 0.25724 0.03867 0.029286666666666666
1 0.17233 0.4096366666666667 0.058007500000000004 0.06341999999999999
1 0.7287475 0.27632333333333337 0.040170000000000004 0.04770666666666667
0 0.839125 0.16152 0.0374525 0.03346
1 0.40914 0.15515666666666666 0.0334975 0.022253333333333337
0 0.85122 0.25581333333333334 0.044695 0.06002333333333333
1 0.465 0.6941666666666667 0.1325 0.125
1 0.751875 0.5475 0.07125 0.105
1 0.285625 0.2816666666666667 0.04625 0.043333333333333335
1 0.205625 0.30583333333333335 0.03875 0.028333333333333332
1 0.094375 0.43666666666666665 0.05375 0.056666666666666664
1 0.456875 0.1475 0.02875 0.035
1 0.503125 0.1425 0.02875 0.025
1 0.554375 0.1425 0.02375 0.025