0 0.2830275 0.4192166666666667 0.123315 0.11879666666666666
0 0.353495 0.34882 0.1171425 0.09714
0 0.782 0.6402 0.1093275 0.24189666666666668
0 0.21265 0.4933966666666667 0.135575 0.12403666666666667
0 0.7826075 0.29141 0.061340000000000006 0.09776666666666667
0 0.644965 0.23334 0.0713925 0.09213333333333333
0 0.8856175 0.6723833333333333 0.09187999999999999 0.2323966666666667
0 0.71588 0.26565666666666665 0.0702625 0.09607666666666667
0 0.484325 0.19782000000000002 0.07647 0.06898666666666667
0 0.8937849999999999 0.35373000000000004 0.0600425 0.09591666666666666
0 0.4354075 0.24354 0.10818000000000001 0.07421666666666667
0 0.670135 0.4269666666666667 0.1604425 0.11390333333333333
0 0.1082775 0.7204166666666667 0.13632 0.19094333333333335
0 0.3917625 0.2877166666666667 0.1008425 0.06529666666666666
0 0.5754750000000001 0.21454 0.0588725 0.06043333333333334
0 0.840095 0.3083166666666667 0.0584925 0.09415
0 0.9562425 0.70993 0.07653 0.20987
0 0.98241 0.41236999999999996 0.0351825 0.09735999999999999
0 0.9528925 0.39777666666666667 0.0507675 0.08490333333333333
1 0.176875 0.6258333333333334 0.10375 0.10833333333333334
1 0.06 0.8691666666666666 0.085 0.105
1 0.65625 0.9391666666666667 0.1375 0.12166666666666667