0 0.7101900000000001 0.40814 0.0898275 0.13967
0 0.177785 0.45308 0.09035 0.11925
0 0.11877 0.4537166666666667 0.0858275 0.10467333333333333
0 0.7696900000000001 0.39520666666666665 0.067265 0.09033666666666666
0 0.8293425 0.3982166666666667 0.0931725 0.13058333333333333
0 0.038627499999999995 0.9479566666666667 0.0772525 0.10408999999999999
1 0.3876975 0.46090000000000003 0.060582500000000004 0.10137333333333333
1 0.4665175 0.45132 0.06247 0.10353666666666667
1 0.637485 0.4593633333333333 0.05797 0.09226666666666668
0 0.039955 0.47395 0.078985 0.13336333333333333
0 0.8894299999999999 0.40863333333333335 0.0734825 0.09218000000000001
1 0.55606 0.44942 0.0632275 0.10579999999999999
0 0.9681625 0.4151533333333333 0.06367249999999999 0.09151333333333334
1 0.3159925 0.47734333333333334 0.063925 0.10856333333333333
0 0.9128225 0.40696000000000004 0.06906749999999999 0.08692333333333332
1 0.883125 0.9508333333333333 0.07125 0.09833333333333333
1 0.968125 0.93 0.06375 0.14
0 0.1375 0.9616666666666667 0.1075 0.07666666666666666