0 0.46244 0.5318333333333334 0.0994525 0.19676
0 0.3577325 0.5173766666666667 0.1115275 0.19983
0 0.820175 0.56791 0.10199 0.18061666666666668
0 0.658555 0.5519133333333334 0.0997 0.17767
0 0.26938249999999997 0.5211333333333333 0.1090525 0.16274
1 0.559215 0.5863233333333333 0.0683975 0.12259333333333332
1 0.7390025 0.60775 0.061475 0.10180333333333334
0 0.9284874999999999 0.9092566666666667 0.1430275 0.14646333333333333
0 0.97803 0.5728466666666666 0.0439425 0.12563
1 0.201875 0.5333333333333333 0.05375 0.07333333333333333
0 0.13125 0.4866666666666667 0.12 0.15333333333333332