0 0.5274099999999999 0.44761666666666666 0.122875 0.15677333333333332
0 0.39996 0.6353166666666666 0.16823249999999998 0.21979333333333334
0 0.7329 0.5501933333333333 0.1249775 0.22732000000000002
0 0.624795 0.4813666666666666 0.1292425 0.22209666666666666
0 0.39355 0.35215 0.104385 0.09382666666666667
0 0.6429325 0.8277166666666667 0.17550749999999998 0.3178533333333333
0 0.13125499999999998 0.36277333333333334 0.11953749999999999 0.09457333333333334
0 0.50528 0.72273 0.1695725 0.2750066666666667
0 0.26506 0.5048066666666667 0.177225 0.18195666666666666
0 0.339 0.32691333333333333 0.0987575 0.08178
0 0.7175900000000001 0.27353 0.05972 0.06221666666666667
0 0.6657124999999999 0.24620666666666666 0.061585 0.06096333333333333
0 0.2913925 0.29882333333333333 0.1068475 0.10566666666666667
0 0.5588350000000001 0.21229666666666666 0.0709525 0.06097333333333333
0 0.82956 0.60403 0.104985 0.24356666666666668
0 0.64716 0.18890666666666667 0.0491225 0.052386666666666665
0 0.73278 0.22335 0.043805 0.044906666666666664
0 0.51227 0.19911333333333334 0.05643 0.04928333333333333
0 0.7753875 0.29838666666666663 0.0557625 0.06706333333333334
0 0.4706375 0.18675666666666665 0.0623575 0.05014333333333334
0 0.4508875 0.39879 0.1168425 0.12173666666666666
0 0.604985 0.18145 0.0503375 0.04637
0 0.5707225 0.16149666666666668 0.0513275 0.04269333333333334
0 0.8201799999999999 0.20639666666666667 0.03606 0.043399999999999994
0 0.78542 0.19099333333333335 0.032807499999999996 0.04525
0 0.7543475 0.17536333333333334 0.036625 0.036
0 0.92077 0.6768866666666667 0.116095 0.21627333333333335
1 0.6108025 0.24815666666666666 0.0487575 0.044616666666666666
0 0.3899525 0.1603 0.0633575 0.05139666666666667
0 0.4322925 0.17757 0.0574575 0.04776666666666667
0 0.6854325 0.20259 0.044445 0.0435
0 0.720405 0.16025999999999999 0.0350875 0.04022
0 0.49644 0.14475 0.049645 0.03625333333333333
0 0.6639125 0.13419333333333333 0.04261 0.03733666666666667
0 0.24487 0.28329666666666664 0.09837749999999999 0.08081
0 0.8289774999999999 0.31745333333333337 0.0572375 0.10397666666666668
0 0.7924475 0.8557266666666666 0.1827825 0.28855
0 0.2010075 0.25167666666666666 0.07367749999999999 0.05579
1 0.1942125 0.42926 0.0578325 0.045573333333333334
0 0.6280725 0.13472333333333333 0.038560000000000004 0.03498
1 0.3240075 0.5850299999999999 0.08929250000000001 0.09249
0 0.2050625 0.15006999999999998 0.0414525 0.02597
0 0.432925 0.13785333333333333 0.053165 0.030613333333333336
0 0.6994750000000001 0.14035333333333333 0.033412500000000005 0.028823333333333333
0 0.243065 0.15227 0.043755 0.029896666666666665
0 0.9685499999999999 0.9186266666666667 0.0607325 0.15896333333333332
1 0.5325925 0.16062 0.0298375 0.02180333333333333
0 0.8669425 0.29536 0.053087499999999996 0.06128333333333333
1 0.153125 0.4041666666666667 0.03875 0.041666666666666664
1 0.2475 0.42083333333333334 0.0575 0.03833333333333333
1 0.868125 0.38166666666666665 0.06125 0.07666666666666666
1 0.345 0.17583333333333334 0.025 0.028333333333333332