0 0.622795 0.33433999999999997 0.0819425 0.1089
0 0.4918 0.29234666666666664 0.08641750000000001 0.08428666666666668
0 0.6919875 0.37844666666666665 0.0705025 0.09983
0 0.48708999999999997 0.40743666666666667 0.11559749999999999 0.13435666666666665
0 0.348135 0.3438733333333333 0.11257500000000001 0.10532666666666668
0 0.43456 0.26866666666666666 0.07352750000000001 0.07444666666666666
0 0.5680425 0.4552633333333333 0.1048125 0.14576666666666668
0 0.76305 0.4288133333333333 0.0774325 0.09247999999999999
0 0.5842575000000001 0.2068266666666667 0.05206 0.05998
0 0.0537325 0.5650533333333334 0.1074625 0.17865333333333336
0 0.2577675 0.29908666666666667 0.1046275 0.08535333333333334
0 0.31087 0.22603333333333334 0.0807175 0.055323333333333335
0 0.4981625 0.18573 0.053012500000000004 0.045303333333333334
0 0.10251 0.75739 0.1775775 0.2818733333333333
0 0.8814175 0.48525666666666667 0.07728 0.14062666666666668
1 0.41689 0.39294999999999997 0.051575 0.04762
0 0.43513 0.16695666666666667 0.0507775 0.03809666666666667
0 0.9556975 0.5352333333333333 0.0618825 0.11520999999999999
0 0.1821625 0.2854433333333333 0.0721425 0.07904333333333333
0 0.84924 0.33080666666666664 0.058635 0.06618
1 0.65565 0.52192 0.06946 0.07923
0 0.226965 0.20851666666666666 0.0590225 0.048196666666666665
1 0.7393975 0.5766766666666666 0.069885 0.08878666666666667
0 0.64327 0.19621 0.036707500000000004 0.039099999999999996
0 0.7164125 0.2622 0.04993 0.06059333333333333
1 0.5370375000000001 0.20792 0.027855 0.02522
0 0.329135 0.14893666666666666 0.0454175 0.03600333333333333
0 0.42358999999999997 0.13615 0.04134 0.030526666666666667
0 0.7650175 0.24730999999999997 0.0495275 0.04580666666666666
0 0.53749 0.16102666666666665 0.038942500000000005 0.036166666666666666
1 0.8186224999999999 0.61641 0.065905 0.10099000000000001
0 0.2788675 0.14706666666666665 0.035225 0.02937
1 0.3490125 0.25995666666666667 0.0357 0.026823333333333334
0 0.95814 0.4080066666666667 0.0492875 0.06709
1 0.23123249999999998 0.8480466666666666 0.1322275 0.15664
0 0.6725774999999999 0.22833666666666666 0.0377875 0.04559333333333333
1 0.558115 0.32346 0.0440225 0.03334
1 0.89102 0.6665933333333334 0.060520000000000004 0.09396
1 0.629255 0.22951 0.03362 0.03581
0 0.305965 0.14702666666666667 0.0425225 0.03228333333333333
0 0.46576 0.11034666666666668 0.0274575 0.02623
0 0.8381825 0.24949333333333334 0.0279475 0.03284
1 0.26446 0.22601 0.02867 0.029186666666666666
1 0.15415 0.2651733333333333 0.0349025 0.04115333333333333
1 0.95 0.6958333333333333 0.05 0.08833333333333333
1 0.2875 0.3425 0.05 0.06166666666666667
1 0.47875 0.15833333333333333 0.03 0.03
1 0.880625 0.36583333333333334 0.03375 0.055