0 0.58341 0.5719 0.1826025 0.18239
0 0.2791775 0.5347266666666667 0.1343125 0.18322
0 0.5114075 0.37758 0.114805 0.12370666666666667
0 0.3945125 0.21308333333333335 0.07116750000000001 0.06550666666666667
0 0.24728999999999998 0.2725666666666667 0.06297 0.07057666666666666
0 0.08384 0.6508933333333333 0.1304275 0.25972666666666666
0 0.26638 0.8491366666666667 0.154245 0.27254666666666666
0 0.19820500000000002 0.3052566666666667 0.051895000000000004 0.07053666666666668
0 0.586645 0.33785333333333334 0.0874725 0.08705333333333334
0 0.9474575 0.9390966666666667 0.1050825 0.12180333333333335
0 0.482005 0.19225666666666666 0.0574675 0.05712333333333333
0 0.303985 0.25204333333333334 0.062795 0.06745999999999999
1 0.48841500000000004 0.6647133333333334 0.08821 0.09508666666666667
0 0.57236 0.16885666666666665 0.054905 0.05396
0 0.0374875 0.4101266666666667 0.053149999999999996 0.07983333333333334
0 0.0987025 0.36924 0.054375 0.08294666666666667
1 0.6500375 0.5204966666666667 0.0558375 0.06387666666666666
1 0.4633075 0.44665 0.0556375 0.06430333333333334
0 0.674455 0.16802999999999998 0.046884999999999996 0.05272666666666667
1 0.37915750000000004 0.5054766666666667 0.082345 0.07710333333333333
1 0.39759750000000005 0.7544566666666667 0.099965 0.09595666666666666
1 0.1620175 0.9244133333333333 0.08681749999999999 0.10273333333333333
1 0.187295 0.6207566666666666 0.08356999999999999 0.10416333333333333
1 0.14946500000000001 0.35457 0.046765 0.05420333333333334
0 0.809635 0.28958 0.0743925 0.05593666666666667
1 0.0675575 0.9649200000000001 0.0876425 0.07016333333333334
1 0.35485 0.25214 0.035045 0.031606666666666665
1 0.440255 0.21681666666666669 0.027445 0.029943333333333332
0 0.906485 0.2567433333333333 0.044405 0.04518333333333334
0 0.7075025 0.17734 0.045887500000000005 0.048683333333333335
0 0.97809 0.7585266666666667 0.04328 0.17049666666666666
1 0.6880149999999999 0.4543066666666667 0.052055 0.05002666666666667
1 0.9692625 0.8694833333333333 0.05851 0.09677999999999999
0 0.735885 0.18549333333333334 0.03796 0.05101
0 0.770255 0.19934 0.034325 0.04487666666666666
0 0.7283825 0.25125 0.06683 0.05077666666666667
1 0.6383150000000001 0.1834333333333333 0.028415 0.029523333333333332
1 0.52663 0.19501333333333332 0.034645 0.03440666666666667
1 0.039375 0.765 0.07625 0.13
1 0.810625 0.22333333333333333 0.04875 0.04