0 0.1491875 0.28974666666666665 0.0836675 0.11956
0 0.46704 0.4836266666666667 0.16381 0.21549000000000001
0 0.37813 0.9137966666666666 0.179145 0.17240666666666668
0 0.286175 0.14646333333333333 0.07305249999999999 0.06942
0 0.07969499999999999 0.29632000000000003 0.060575000000000004 0.08496
0 0.2315 0.09565333333333333 0.039630000000000006 0.04200333333333334
0 0.7426849999999999 0.48377666666666663 0.1450025 0.16653666666666667
0 0.6962875000000001 0.25754333333333335 0.12906499999999999 0.09863
0 0.120405 0.15970666666666666 0.039380000000000005 0.05048666666666667
0 0.15746000000000002 0.1323433333333333 0.042465 0.053919999999999996
0 0.8214375 0.37974 0.132365 0.10886
0 0.08273749999999999 0.17976999999999999 0.0371675 0.05799333333333333
0 0.20063499999999998 0.11335666666666666 0.042235 0.04374
0 0.153705 0.7603066666666667 0.146925 0.2802766666666667
1 0.35779 0.5761866666666666 0.097525 0.10239666666666666
1 0.59877 0.35884666666666665 0.0642525 0.056306666666666665
1 0.673855 0.5868266666666667 0.07458 0.08474
1 0.6025925 0.6966633333333333 0.10256 0.10624333333333334
1 0.7813175 0.4192666666666667 0.0629625 0.06547
1 0.5273375 0.41736999999999996 0.0732125 0.07743666666666667
0 0.269265 0.08121666666666667 0.042945 0.03901
1 0.6469725 0.31681 0.057515000000000004 0.046593333333333334
1 0.27138 0.6911433333333333 0.0918175 0.10602666666666666
0 0.021625 0.20848333333333335 0.0357925 0.057016666666666674
1 0.075335 0.8494533333333334 0.068005 0.10413333333333333
1 0.49297250000000004 0.79978 0.11105 0.10890666666666668
0 0.049667499999999996 0.18657 0.037762500000000004 0.05294666666666667
1 0.225265 0.18308333333333332 0.0486875 0.050550000000000005
0 0.3072225 0.058333333333333334 0.0488125 0.043383333333333336
0 0.340855 0.04765666666666667 0.043515 0.036346666666666666
1 0.09759749999999999 0.3592133333333334 0.0529375 0.06114666666666667
1 0.21756999999999999 0.26769000000000004 0.0529275 0.05377
1 0.36380250000000003 0.1808533333333333 0.044685 0.04308666666666666
1 0.038792499999999994 0.4194866666666667 0.047012500000000006 0.06501
1 0.288125 0.225 0.05625 0.05
1 0.249375 0.96 0.11375 0.08