0 0.6923325 0.53374 0.18780000000000002 0.17708000000000002
0 0.5172374999999999 0.41992 0.1277375 0.10253333333333334
0 0.5629725 0.36325999999999997 0.10476 0.07059333333333333
0 0.2138525 0.23217666666666667 0.0391175 0.038193333333333336
0 0.784855 0.31440333333333337 0.081905 0.07045
0 0.7525375 0.20616666666666666 0.054685000000000004 0.05004666666666666
0 0.954905 0.30116 0.053774999999999996 0.04389
0 0.4468025 0.22871 0.06972750000000001 0.05575
0 0.97327 0.48479333333333335 0.04607 0.08367
0 0.8042549999999999 0.2748833333333333 0.07489499999999999 0.05175333333333333
0 0.510105 0.19673333333333334 0.053185 0.04831333333333333
0 0.4778725 0.20355333333333334 0.06646500000000001 0.060206666666666665
0 0.165245 0.19612333333333334 0.024975 0.029116666666666666
0 0.9721175 0.38614000000000004 0.0509675 0.06394333333333334
0 0.98648 0.5481966666666667 0.027037500000000003 0.08399
0 0.38153 0.15221666666666667 0.041935 0.03379666666666667
0 0.7129575 0.24165 0.08556 0.06085666666666666
0 0.6177875 0.15037666666666666 0.0622725 0.05448333333333333
0 0.425825 0.13477 0.0371675 0.034506666666666665
0 0.292265 0.18817 0.04284 0.036430000000000004
0 0.6667875 0.14532333333333333 0.044957500000000004 0.039176666666666665
0 0.5780625 0.16588 0.052892499999999995 0.05512
0 0.4098675 0.1467 0.0338675 0.032310000000000005
0 0.526995 0.18783666666666665 0.061715000000000006 0.05399666666666667
0 0.72875 0.4625 0.145 0.135