0 0.56469 0.5184666666666667 0.14319749999999998 0.21139
0 0.8270700000000001 0.3648166666666667 0.0608275 0.10028
0 0.6563724999999999 0.2683333333333333 0.061439999999999995 0.07972
0 0.6021074999999999 0.24256666666666668 0.0608725 0.07442333333333334
0 0.7082025 0.2906566666666667 0.058215 0.08599666666666667
0 0.7644 0.32604333333333335 0.06608499999999999 0.09919
0 0.8836575 0.40195 0.062325000000000005 0.11714999999999999
0 0.4169675 0.7526166666666666 0.2304375 0.29679666666666665
0 0.551945 0.22376 0.0576675 0.07025333333333333
0 0.316815 0.6342033333333333 0.176435 0.28713666666666665
0 0.508 0.21136666666666667 0.06357 0.07492
0 0.488765 0.44819333333333333 0.0915425 0.13691
0 0.2597375 0.3019 0.07092 0.08360666666666666
0 0.10405750000000001 0.32530333333333333 0.0877225 0.08127333333333334
0 0.1880525 0.26719000000000004 0.0692375 0.07006
0 0.10890999999999999 0.36478999999999995 0.08547750000000001 0.07384
0 0.30679500000000004 0.33815333333333336 0.08732250000000001 0.08205
0 0.1353975 0.41007333333333335 0.10376 0.08792
0 0.3666275 0.44221000000000005 0.09528 0.12639
0 0.3412925 0.36284 0.092095 0.07029666666666666
0 0.3001975 0.16694333333333333 0.047125 0.040633333333333334
1 0.21468500000000001 0.29244000000000003 0.0626825 0.062066666666666666
0 0.0790075 0.2882366666666667 0.058345 0.05844