0 0.4932725 0.3546566666666667 0.1271575 0.09580333333333334
0 0.11631749999999999 0.8155333333333333 0.16021000000000002 0.15652
0 0.689375 0.7763533333333333 0.22500499999999998 0.23754
0 0.20870750000000002 0.26070333333333334 0.0872675 0.04950666666666667
1 0.14063499999999998 0.9597366666666667 0.1291675 0.07856666666666666
0 0.8802125 0.6042133333333334 0.152585 0.16510333333333332
0 0.89138 0.28874 0.0650125 0.051916666666666667
0 0.15188749999999998 0.49516666666666664 0.09991249999999999 0.12138
0 0.9021174999999999 0.35464666666666667 0.0806075 0.06605333333333334
1 0.5136925 0.44500666666666666 0.086875 0.059373333333333334
1 0.55748 0.5336266666666667 0.087515 0.06269
0 0.3985225 0.17148333333333335 0.06246500000000001 0.042633333333333336
1 0.61222 0.64032 0.1124575 0.08188
1 0.15253999999999998 0.5819 0.0971775 0.06377000000000001
1 0.73478 0.44649 0.0752375 0.05036
1 0.730205 0.93509 0.144655 0.11348
1 0.79931 0.5234033333333333 0.0834 0.06066333333333333
1 0.858285 0.3292333333333333 0.0421975 0.03485
1 0.4507375 0.30322333333333334 0.0526325 0.03300666666666666
1 0.8169225 0.2965933333333333 0.043965000000000004 0.02821
1 0.9458975000000001 0.41181666666666666 0.0488225 0.041703333333333335
1 0.6847375 0.3839766666666667 0.06593 0.04696
1 0.150625 0.7008333333333333 0.09375 0.08833333333333333
1 0.190625 0.44 0.05625 0.03
1 0.19125 0.39666666666666667 0.06 0.03
1 0.19125 0.355 0.0425 0.02666666666666667
1 0.63125 0.33666666666666667 0.07 0.04666666666666667
1 0.596875 0.295 0.06375 0.043333333333333335
1 0.569375 0.2608333333333333 0.05625 0.035
1 0.43 0.265 0.045 0.02666666666666667
1 0.414375 0.24166666666666667 0.04625 0.02
1 0.198125 0.3225 0.03875 0.021666666666666667
1 0.208125 0.28583333333333333 0.03625 0.03833333333333333
1 0.404375 0.225 0.04625 0.02
1 0.521875 0.2375 0.04375 0.03833333333333333
1 0.505 0.2225 0.035 0.028333333333333332
1 0.50375 0.20083333333333334 0.035 0.025
1 0.765625 0.26166666666666666 0.05375 0.04
1 0.91375 0.7525 0.1025 0.115
1 0.74 0.23666666666666666 0.0425 0.03333333333333333
1 0.71125 0.215 0.0425 0.03
1 0.67875 0.1925 0.04 0.021666666666666667
1 0.963125 0.29583333333333334 0.03625 0.035
1 0.930625 0.27166666666666667 0.03625 0.03