0 0.4832725 0.5113266666666667 0.09936 0.18312333333333333
0 0.588465 0.48452666666666666 0.0962875 0.16778333333333334
0 0.1452125 0.5153966666666667 0.090865 0.13007
0 0.2303925 0.49794999999999995 0.098505 0.16541
0 0.6804975 0.5023866666666666 0.082135 0.14385
0 0.8113125 0.49251666666666666 0.0952 0.12119333333333333
1 0.30924 0.5355500000000001 0.05312 0.09234333333333332
1 0.39122 0.5390566666666667 0.06627 0.10720333333333333
0 0.9165800000000001 0.5180533333333334 0.0665175 0.11188666666666668
0 0.980745 0.5136333333333334 0.038512500000000005 0.12431333333333333
1 0.7471725 0.5336966666666666 0.049530000000000005 0.08019666666666667
1 0.0578675 0.5309933333333333 0.0559525 0.06524666666666668
0 0.0517875 0.9685 0.10357250000000001 0.05942666666666667