0 0.23251 0.5430566666666667 0.11444 0.19479
0 0.8029625 0.6816466666666667 0.2050775 0.2276466666666667
0 0.4612675 0.3680133333333333 0.1276025 0.11278666666666667
0 0.32064499999999996 0.48299000000000003 0.1268725 0.16608666666666666
0 0.24769999999999998 0.36330666666666667 0.08299 0.10136333333333332
0 0.8640025 0.5228366666666666 0.162135 0.12064333333333334
0 0.6659425 0.9131233333333333 0.237785 0.16462000000000002
0 0.1220675 0.45809 0.0771225 0.12540666666666667
0 0.57785 0.30004000000000003 0.1066375 0.08593333333333333
0 0.286285 0.22278 0.0584225 0.051923333333333335
0 0.5621425 0.21005333333333331 0.0849525 0.05479666666666666
0 0.6745625 0.23625333333333334 0.078535 0.05935000000000001
1 0.718995 0.80476 0.11583249999999999 0.10021666666666666
1 0.15722 0.6382866666666667 0.07923999999999999 0.08437
0 0.6368925000000001 0.1786066666666667 0.0657075 0.04628333333333333
0 0.876995 0.4531 0.1237825 0.07599
1 0.3955825 0.43593 0.06919 0.05973333333333333
0 0.4590575 0.14917666666666665 0.055055 0.042963333333333326
0 0.897805 0.40917666666666663 0.10291 0.07534
0 0.14339 0.2574 0.040555 0.04225333333333334
1 0.15815 0.30195 0.04134 0.03785
1 0.2432775 0.25164 0.039965 0.03141
0 0.29560000000000003 0.17576999999999998 0.04957 0.037353333333333336
0 0.719305 0.21200666666666665 0.07663500000000001 0.05448333333333333
0 0.543005 0.12792333333333333 0.0613425 0.04102333333333333
1 0.433575 0.2792233333333333 0.0480175 0.03607
0 0.19663999999999998 0.2662633333333333 0.0452575 0.05151
1 0.21869999999999998 0.21883333333333332 0.0362575 0.026236666666666665
0 0.59921 0.19390000000000002 0.061215000000000006 0.05248666666666667
1 0.31203250000000005 0.3387366666666667 0.0586975 0.04693
1 0.191635 0.4256233333333333 0.0588525 0.04869333333333334
1 0.6417375 0.2687966666666667 0.0432975 0.026906666666666666
0 0.2206975 0.16414333333333334 0.037015 0.03482333333333333
1 0.820865 0.5917166666666667 0.081265 0.06182
1 0.5202725 0.3470766666666667 0.055607500000000004 0.04763666666666667
0 0.911595 0.3689433333333333 0.089155 0.06337999999999999
1 0.5227025 0.23862333333333333 0.0427725 0.03419666666666667
0 0.1644575 0.19825333333333334 0.029947500000000002 0.028836666666666667
1 0.074375 0.7041666666666667 0.07375 0.115
1 0.36625 0.2975 0.05 0.041666666666666664
1 0.465625 0.24916666666666668 0.05375 0.058333333333333334