0 0.562625 0.6065766666666667 0.2080575 0.21352666666666667
0 0.6367 0.5289233333333333 0.152545 0.12286
0 0.656005 0.3170233333333333 0.100575 0.06161666666666667
0 0.4561625 0.3051466666666667 0.0914175 0.07557
0 0.530855 0.2808733333333333 0.08876250000000001 0.06297
0 0.618895 0.25271333333333335 0.076235 0.04957
0 0.70633 0.43414 0.13048500000000002 0.08840333333333332
0 0.7705 0.35674 0.0795475 0.057806666666666666
0 0.2664975 0.38656666666666667 0.09151000000000001 0.09878666666666668
0 0.6523775 0.45447000000000004 0.1338575 0.09881333333333334
0 0.0420025 0.9617100000000001 0.0840025 0.07658000000000001
0 0.287775 0.8634 0.2217825 0.2731966666666667
1 0.168295 0.96149 0.132015 0.07446666666666667
0 0.7275750000000001 0.3995466666666667 0.10801999999999999 0.06166
0 0.7835575 0.32584 0.0720325 0.03752
0 0.7996074999999999 0.2601966666666667 0.0476525 0.029786666666666666
1 0.040625 0.5541666666666667 0.06875 0.08833333333333333
1 0.1125 0.5083333333333333 0.0775 0.08
1 0.32125 0.3725 0.0725 0.095
1 0.383125 0.35083333333333333 0.07375 0.08833333333333333
1 0.498125 0.3 0.06375 0.08333333333333333