0 0.45735000000000003 0.6068666666666667 0.2373325 0.23525333333333334
0 0.5176124999999999 0.42826666666666663 0.12117 0.10219
0 0.3628675 0.5162166666666667 0.1670925 0.12921666666666665
0 0.441575 0.34901 0.10527 0.08304
0 0.91788 0.4790233333333333 0.0636775 0.08891333333333333
0 0.3401475 0.44716 0.1246875 0.10109
0 0.557625 0.7397133333333333 0.17447749999999998 0.20504
0 0.5790775 0.25902 0.0643775 0.04538
0 0.39573 0.31256333333333336 0.09231 0.07293666666666666
0 0.5403275 0.23967 0.05911 0.04666666666666667
0 0.2927925 0.40867 0.11019 0.08832333333333334
0 0.9713575 0.5305566666666667 0.0562275 0.13538333333333333
0 0.4541875 0.20179333333333332 0.0495575 0.034486666666666665
0 0.2538975 0.35292999999999997 0.11191 0.08235
1 0.47667750000000003 0.3956266666666667 0.046307499999999994 0.04247666666666667
1 0.86103 0.45263000000000003 0.046579999999999996 0.04601666666666667
0 0.810365 0.26245666666666667 0.0693775 0.049626666666666666
1 0.23072 0.3147933333333333 0.04992 0.043129999999999995
1 0.35381999999999997 0.29062333333333334 0.0588075 0.04823666666666667
1 0.491875 0.2375 0.04875 0.03166666666666667
1 0.259375 0.37916666666666665 0.06875 0.04833333333333333