0 0.9402725000000001 0.5930666666666666 0.0969675 0.2516466666666667
0 0.7585850000000001 0.2139066666666667 0.06459000000000001 0.08680333333333334
0 0.8425874999999999 0.5508266666666667 0.1039675 0.23255333333333333
0 0.8987925 0.27096666666666663 0.0640275 0.08861333333333332
0 0.734155 0.49091 0.13780250000000002 0.27885
0 0.822125 0.24148333333333336 0.06025 0.09097333333333334
0 0.15408750000000002 0.3054633333333333 0.0743025 0.07537999999999999
0 0.4718925 0.13502333333333333 0.06805 0.062156666666666666
0 0.641655 0.16727666666666666 0.0627825 0.07430333333333333
1 0.6991525000000001 0.20859999999999998 0.0451225 0.04394666666666667
0 0.9645125 0.3264066666666667 0.070975 0.10138333333333333
1 0.5116025000000001 0.7451033333333333 0.1198275 0.13108333333333333
1 0.6290800000000001 0.45375333333333334 0.0873925 0.09768
0 0.423705 0.12673666666666666 0.056292499999999995 0.05292666666666667
1 0.211675 0.27888666666666667 0.039725 0.043046666666666664
1 0.7873300000000001 0.8740133333333333 0.110055 0.16461333333333333
1 0.1114625 0.3763866666666667 0.05304 0.05896666666666667
1 0.6554650000000001 0.8148866666666666 0.125455 0.16978
1 0.39233999999999997 0.6515299999999999 0.10403749999999999 0.10868333333333334
1 0.5815425000000001 0.17567666666666665 0.0415325 0.03386666666666666
1 0.2495375 0.24166666666666667 0.04435 0.04206
1 0.5262175 0.16172333333333333 0.0440125 0.037263333333333336
1 0.285875 0.5591766666666667 0.1055575 0.10122666666666667
1 0.057280000000000005 0.4347533333333333 0.050735 0.058096666666666665
1 0.42742250000000004 0.3832733333333333 0.09513500000000001 0.08571666666666666
1 0.8930750000000001 0.9281433333333333 0.08937 0.11487
1 0.2924125 0.20413 0.043777500000000004 0.033780000000000004
1 0.3388275 0.17231666666666667 0.044105 0.03107666666666667
1 0.521875 0.42 0.07875 0.11666666666666667
1 0.02 0.505 0.04 0.07666666666666666