0 0.593875 0.6862233333333334 0.169495 0.2723566666666667
0 0.46309500000000003 0.5862466666666667 0.18716999999999998 0.24695
0 0.282895 0.4504766666666667 0.12257 0.12728333333333333
0 0.1628875 0.34488 0.0903425 0.08044
0 0.2264975 0.40967333333333333 0.10116750000000001 0.1086
1 0.743205 0.39706 0.0554625 0.046139999999999994
1 0.36208749999999995 0.5191633333333333 0.09333499999999999 0.09175333333333333
0 0.9577925 0.88675 0.08441249999999999 0.22650333333333333
1 0.6226625 0.34015 0.048145 0.03868
1 0.67838 0.36545666666666665 0.048565 0.040236666666666664
1 0.8036125 0.43311666666666665 0.0486375 0.04615333333333334
1 0.56563 0.30837 0.042405 0.02853
0 0.8250299999999999 0.33473 0.0792575 0.08757333333333334
1 0.6198475 0.2541966666666667 0.0376725 0.027303333333333332
1 0.50988 0.28983 0.036289999999999996 0.025086666666666667
1 0.57537 0.23727333333333336 0.037405 0.02486
1 0.6635850000000001 0.27165666666666666 0.0364675 0.026046666666666666
1 0.7111649999999999 0.2928766666666667 0.0434625 0.033653333333333334
1 0.19861 0.3827466666666667 0.039880000000000006 0.038226666666666666
1 0.47043250000000003 0.26659 0.031072500000000003 0.022709999999999998
1 0.71247 0.8103833333333333 0.15785749999999998 0.24601666666666666
1 0.20598750000000002 0.38444 0.0591 0.06028
1 0.531875 0.21583333333333332 0.03375 0.03166666666666667
1 0.778125 0.24416666666666667 0.04125 0.045
1 0.744375 0.22666666666666666 0.03625 0.04
1 0.70625 0.20916666666666667 0.035 0.035
1 0.666875 0.20583333333333334 0.04125 0.035