0 0.588005 0.39501 0.0899575 0.10971
0 0.41409500000000005 0.33874 0.1084475 0.10519333333333333
0 0.25538 0.30652666666666667 0.08552249999999999 0.06874
1 0.68387 0.45926666666666666 0.086125 0.08623
1 0.7739375 0.5001866666666667 0.0751175 0.08142666666666666
0 0.5068425 0.18487 0.03286 0.031116666666666664
1 0.8563099999999999 0.5367033333333333 0.0683275 0.08181333333333334
1 0.49905 0.38989333333333337 0.066115 0.052090000000000004
0 0.7298025 0.23616666666666666 0.03669 0.04504333333333333
0 0.69309 0.2273 0.033815 0.03895333333333333
1 0.9313524999999999 0.5623733333333333 0.0610225 0.07897
0 0.6076 0.15823333333333334 0.0271525 0.031376666666666664
0 0.479765 0.17804999999999999 0.03552 0.032016666666666665
1 0.3019775 0.3355766666666667 0.0430325 0.02792333333333333
1 0.5419325 0.19601666666666664 0.028825 0.015336666666666667
0 0.392305 0.13233666666666666 0.0347325 0.03028
0 0.5820775 0.15449666666666667 0.02454 0.026709999999999998
0 0.4734775 0.13516999999999998 0.03814 0.026116666666666667
0 0.5368324999999999 0.16546333333333332 0.0420825 0.026103333333333333
0 0.6341575 0.16019 0.027565000000000003 0.033203333333333335
0 0.07584 0.28339333333333333 0.048735 0.043449999999999996
1 0.5980175000000001 0.20979666666666666 0.032662500000000004 0.026203333333333332
0 0.4367525 0.10536 0.02958 0.02232666666666667
1 0.4299425 0.24353333333333335 0.038270000000000005 0.028633333333333334
0 0.5280475 0.14422333333333334 0.0426525 0.027530000000000002
1 0.34375 0.365 0.0475 0.05
1 0.20625 0.3283333333333333 0.0375 0.03333333333333333
1 0.173125 0.325 0.02125 0.02666666666666667
1 0.15625 0.30833333333333335 0.0225 0.03