0 0.66875 0.7358 0.1519525 0.28446
0 0.5938775000000001 0.23287333333333332 0.0649475 0.06811666666666666
0 0.8373524999999999 0.34240000000000004 0.0927 0.09005333333333335
1 0.7340625 0.55369 0.074005 0.07171999999999999
0 0.48175 0.19590666666666667 0.060445 0.04892333333333334
1 0.56562 0.4490866666666667 0.0655125 0.055189999999999996
1 0.639955 0.49792333333333333 0.06893250000000001 0.06070333333333334
0 0.18841999999999998 0.32413 0.0962975 0.08854333333333334
0 0.0446075 0.32458333333333333 0.0448975 0.048306666666666664
1 0.55159 0.6743366666666667 0.0993275 0.09895333333333334
0 0.44915 0.3483733333333333 0.1304025 0.11372
1 0.370815 0.5334466666666666 0.0740775 0.060149999999999995
0 0.1218275 0.2765766666666667 0.04664 0.043673333333333335
1 0.31333249999999996 0.47631 0.05535 0.05283
1 0.8082 0.6114766666666667 0.0678 0.08293333333333333
1 0.45357749999999997 0.6018333333333333 0.08468250000000001 0.08151666666666667
1 0.49310000000000004 0.40521333333333337 0.051345 0.04731666666666666
0 0.23633 0.20298333333333335 0.0589675 0.05421666666666667
1 0.276995 0.42483333333333334 0.04703 0.04446
1 0.24238749999999998 0.39175666666666664 0.039052500000000004 0.037996666666666665
1 0.688005 0.2940666666666667 0.038822499999999996 0.03411
0 0.0089825 0.3567033333333333 0.017965 0.05984333333333333
0 0.7793424999999999 0.8126333333333333 0.09575499999999999 0.18465666666666666
0 0.309665 0.17336000000000001 0.05677 0.04425666666666667
1 0.5519725 0.23696 0.0257175 0.02475
1 0.5175599999999999 0.22037666666666667 0.029005 0.02204333333333333
1 0.3419275 0.3191366666666667 0.040095 0.030420000000000003
1 0.7436225 0.3203433333333333 0.0420625 0.03392
1 0.2135325 0.36195666666666665 0.0379775 0.030573333333333334
1 0.0862525 0.30553 0.032275 0.03195666666666667
1 0.640615 0.27657333333333334 0.0342325 0.03315333333333333
1 0.31 0.3 0.035 0.023333333333333334
1 0.27 0.28583333333333333 0.04 0.025
1 0.153125 0.25833333333333336 0.03875 0.02666666666666667
1 0.365625 0.15666666666666668 0.04125 0.02666666666666667
1 0.36 0.3491666666666667 0.0475 0.045