0 0.7806649999999999 0.56282 0.1342375 0.23049666666666668
0 0.7584875 0.35189333333333334 0.100845 0.16043000000000002
0 0.4914375 0.3781033333333333 0.0939425 0.18433666666666668
0 0.38874000000000003 0.6905466666666666 0.1475 0.30047
0 0.6049075 0.36167666666666665 0.12205500000000001 0.19137333333333334
0 0.26714499999999997 0.4263266666666667 0.099425 0.19122
0 0.6810725 0.6132566666666667 0.1593725 0.2728933333333333
0 0.1824025 0.44759333333333334 0.08979999999999999 0.18096666666666666
0 0.54344 0.6567333333333334 0.14186500000000002 0.31521
0 0.6788500000000001 0.35100666666666663 0.093425 0.15436
0 0.8310575 0.3391433333333333 0.09390000000000001 0.12698333333333334
0 0.1319475 0.7083233333333333 0.13178 0.3029833333333333
0 0.93552 0.4826366666666667 0.10170749999999999 0.13131
0 0.037149999999999996 0.8470500000000001 0.06439 0.11405666666666667
0 0.253095 0.69964 0.12883250000000002 0.27844
0 0.8974249999999999 0.33478 0.07338 0.10724333333333334
0 0.8528775000000001 0.5277566666666667 0.126135 0.21041666666666667
0 0.3743 0.37866 0.09366500000000001 0.24675333333333332
0 0.9786425000000001 0.3413366666666667 0.042405 0.08105333333333334
0 0.9859450000000001 0.4681166666666666 0.02811 0.08763
0 0.945415 0.34286666666666665 0.059539999999999996 0.09464333333333333
1 0.896295 0.5098 0.06042 0.09193000000000001