0 0.6507925 0.22262 0.07799500000000001 0.06395666666666666
1 0.4543125 0.62201 0.0958875 0.09279
1 0.6862675 0.5528033333333333 0.088515 0.08039666666666667
1 0.6024325 0.4783266666666667 0.0782475 0.07346666666666667
1 0.73525 0.30667333333333335 0.05176 0.04616666666666667
0 0.03918 0.9526700000000001 0.07836 0.08363
1 0.685875 0.27029333333333333 0.038247500000000004 0.034653333333333335
1 0.541695 0.74895 0.1290325 0.12055333333333335
1 0.3472575 0.43691 0.07173 0.05854
1 0.5579400000000001 0.39744999999999997 0.05195 0.053649999999999996
1 0.59909 0.21638 0.038057499999999994 0.025060000000000002
1 0.5631875 0.19423333333333334 0.0364925 0.024180000000000004
1 0.38 0.5258333333333334 0.0775 0.07166666666666667
1 0.464375 0.36333333333333334 0.07125 0.06666666666666667
1 0.526875 0.17333333333333334 0.04125 0.02666666666666667
1 0.04 0.8191666666666667 0.0625 0.10166666666666667