0 0.37375 0.6240333333333333 0.2263425 0.2544
0 0.2788625 0.37832333333333334 0.144035 0.11679333333333333
0 0.5673475 0.26969333333333334 0.104935 0.07708333333333334
1 0.5490125 0.9166766666666667 0.1478075 0.12730333333333335
1 0.3052925 0.4546333333333334 0.0845275 0.06382
1 0.4575275 0.79412 0.13258 0.11941666666666667
1 0.726975 0.28829666666666665 0.0506375 0.03285333333333333
1 0.7014825 0.3887366666666667 0.075975 0.056696666666666666
1 0.1107475 0.6106966666666667 0.0744175 0.07129333333333333
1 0.101875 0.5225 0.04625 0.06166666666666667
1 0.13 0.7141666666666666 0.075 0.07833333333333334
1 0.15 0.8333333333333334 0.0825 0.12
1 0.210625 0.9533333333333334 0.10625 0.09333333333333334
1 0.945625 0.6891666666666667 0.07375 0.095
1 0.89 0.5975 0.07 0.08833333333333333
1 0.819375 0.5325 0.08125 0.09833333333333333
1 0.751875 0.4633333333333333 0.08625 0.07333333333333333
1 0.875625 0.42083333333333334 0.06125 0.085
1 0.82125 0.37083333333333335 0.055 0.06833333333333333
1 0.77375 0.33166666666666667 0.055 0.06333333333333334
1 0.63625 0.3425 0.0675 0.058333333333333334
1 0.1125 0.4575 0.0425 0.04833333333333333
1 0.2425 0.29083333333333333 0.055 0.055
1 0.48 0.20833333333333334 0.04 0.04
1 0.924375 0.4825 0.05375 0.08833333333333333
1 0.97875 0.5366666666666666 0.04 0.08666666666666667