0 0.43698750000000003 0.4911466666666667 0.1555125 0.16173666666666667
0 0.2217875 0.32580666666666663 0.099965 0.09658333333333333
0 0.543805 0.3747733333333333 0.1444075 0.10969
0 0.2554125 0.7004333333333334 0.19930250000000002 0.2265666666666667
0 0.4057325 0.21910666666666667 0.0805425 0.06073666666666667
0 0.6982174999999999 0.45630000000000004 0.1396125 0.12650666666666666
0 0.7680025 0.3023733333333333 0.10024 0.06917
0 0.6436799999999999 0.63769 0.21834 0.18169333333333335
0 0.457335 0.18922333333333333 0.0722275 0.04597333333333333
1 0.5745 0.8182233333333333 0.11645 0.10825666666666665
0 0.7376900000000001 0.3587266666666667 0.1093825 0.06048
0 0.727395 0.4036466666666667 0.136845 0.07718
1 0.17876499999999998 0.39233 0.052469999999999996 0.053303333333333335
1 0.0589025 0.50188 0.052282499999999996 0.05412666666666666
1 0.4859275 0.4379433333333333 0.0709725 0.05405
0 0.6038574999999999 0.30157333333333336 0.0825225 0.06464333333333333
1 0.36584 0.6029833333333333 0.093175 0.09647000000000001
1 0.177155 0.83329 0.08843999999999999 0.10558666666666666
1 0.6737625 0.5556566666666667 0.08535 0.07422
1 0.116945 0.44726333333333335 0.05857 0.050513333333333334
1 0.5110775 0.9646566666666666 0.14751750000000002 0.07068666666666666
1 0.0852575 0.9122600000000001 0.08851 0.10068
1 0.282845 0.31795333333333337 0.0365925 0.0315
1 0.37457999999999997 0.261 0.0351675 0.030666666666666665
1 0.56356 0.34111 0.0511775 0.040106666666666665
1 0.33375 0.295 0.035 0.04
1 0.499375 0.18666666666666668 0.03375 0.04666666666666667