0 0.6212799999999999 0.8200233333333334 0.22828 0.31921333333333335
0 0.6939175 0.06667333333333333 0.08155 0.055723333333333326
0 0.227065 0.18644000000000002 0.069875 0.08156666666666666
0 0.47161000000000003 0.13856666666666667 0.09151000000000001 0.06941
0 0.23326750000000002 0.7949533333333334 0.1554075 0.29727333333333333
0 0.1867525 0.11644 0.04038 0.04956666666666666
0 0.31199 0.13360333333333332 0.07529000000000001 0.06571333333333333
0 0.36383499999999996 0.19002 0.085745 0.07480333333333333
0 0.9103574999999999 0.30357 0.09043000000000001 0.10127333333333333
0 0.068665 0.30905666666666665 0.0635225 0.10290333333333333
0 0.24511750000000002 0.09175333333333333 0.04772 0.050366666666666664
1 0.3364375 0.6781266666666667 0.0969325 0.10784666666666667
0 0.5579425 0.10432 0.0687025 0.054053333333333335
0 0.52135 0.05667666666666667 0.06153 0.04802
0 0.6004925 0.03553 0.061 0.046003333333333334
1 0.43941 0.57518 0.09716 0.10029333333333333
0 0.1457225 0.12661333333333333 0.040744999999999996 0.04237
1 0.4121225 0.16752666666666666 0.0394125 0.03305
0 0.9252775000000001 0.24305999999999997 0.05576 0.061643333333333335
0 0.2854225 0.06723 0.05146 0.0438
0 0.1125475 0.16047666666666666 0.045425 0.06554
0 0.32477249999999996 0.029396666666666665 0.03743 0.03711333333333333
0 0.389495 0.025666666666666667 0.054582500000000006 0.04567333333333334
1 0.7390599999999999 0.6396999999999999 0.08333499999999999 0.09277666666666666
1 0.787115 0.5454633333333334 0.067605 0.06892333333333334
1 0.19921250000000001 0.31079666666666667 0.0513725 0.04897333333333333
0 0.02176 0.34979333333333334 0.038555 0.09303333333333334
1 0.86166 0.42541 0.038487499999999994 0.034863333333333336
0 0.8618625 0.16985666666666666 0.067305 0.05276
1 0.26118 0.26428666666666667 0.048409999999999995 0.04773
0 0.7966224999999999 0.22901666666666665 0.08229500000000001 0.07945666666666666
1 0.8325175 0.47659999999999997 0.04975 0.05368666666666667
1 0.0759025 0.41390333333333335 0.047732500000000004 0.06202666666666667
1 0.877045 0.38008000000000003 0.0341575 0.04009666666666667
1 0.3606425 0.13196666666666665 0.0294725 0.021546666666666665
0 0.5217625 0.007756666666666667 0.0430225 0.015516666666666666
1 0.17225749999999998 0.23534999999999998 0.0483875 0.047439999999999996
1 0.40314249999999996 0.11185666666666666 0.032805 0.023636666666666667
0 0.6640425 0.033356666666666666 0.047744999999999996 0.03126
0 0.55423 0.046336666666666665 0.0483875 0.04028333333333333
1 0.443175 0.09491666666666666 0.03705 0.02259
1 0.892575 0.3440233333333333 0.0393975 0.04825
1 0.02348 0.44987 0.0415675 0.060803333333333334
1 0.123125 0.27666666666666667 0.05125 0.06
1 0.13625 0.36 0.0575 0.06666666666666667
1 0.51875 0.13083333333333333 0.0375 0.04833333333333333
1 0.648125 0.09583333333333334 0.03125 0.03166666666666667
1 0.669375 0.08916666666666667 0.03625 0.025
1 0.81375 0.2025 0.035 0.03833333333333333
1 0.828125 0.18583333333333332 0.03625 0.041666666666666664