0 0.33943 0.3804133333333333 0.12856499999999998 0.10578666666666667
0 0.45165249999999996 0.6136166666666666 0.205485 0.19321666666666665
0 0.187325 0.46541 0.154795 0.11564
0 0.7330099999999999 0.36990666666666666 0.08453000000000001 0.07947
0 0.2137675 0.6427866666666666 0.1918075 0.18340666666666666
0 0.4082575 0.2890433333333333 0.08287749999999999 0.07753
0 0.544505 0.7357466666666665 0.23944749999999998 0.26072
0 0.43102999999999997 0.18232 0.07524750000000001 0.04271
0 0.5628 0.24658 0.09297499999999999 0.0607
0 0.6684475 0.2503766666666667 0.07232250000000001 0.052206666666666665
0 0.4185075 0.13458 0.0528275 0.03554
0 0.753035 0.22042333333333333 0.04886 0.04063666666666667
1 0.6342424999999999 0.32120333333333334 0.051785 0.028540000000000003
1 0.3883225 0.45396000000000003 0.073075 0.04877666666666667
0 0.88607 0.30828 0.050347499999999996 0.05136333333333334
1 0.42348 0.5181466666666666 0.0909675 0.06318333333333334
1 0.26922500000000005 0.7728433333333334 0.1027975 0.08135333333333333
1 0.67829 0.3574366666666666 0.0514425 0.03399666666666667
1 0.2250325 0.5491400000000001 0.08755 0.062406666666666666
1 0.7469574999999999 0.3142933333333333 0.046465000000000006 0.029849999999999998
1 0.7020025000000001 0.28681666666666666 0.0412525 0.02299
1 0.3015175 0.9295666666666667 0.12776 0.10810666666666667
1 0.8579675 0.49497 0.06827 0.062406666666666666
1 0.79765 0.44688333333333335 0.06691 0.04571666666666667
0 0.6895025 0.19084333333333334 0.0441475 0.031593333333333334
1 0.30909 0.32908 0.04616 0.03020666666666667
1 0.59136 0.2916033333333333 0.045442500000000004 0.026013333333333336
1 0.2983525 0.3031566666666667 0.046134999999999995 0.029066666666666668
1 0.4922825 0.22409666666666667 0.041435 0.02391
0 0.6461775 0.16527 0.0482125 0.03224333333333333
0 0.06890500000000001 0.23859666666666665 0.059425 0.04397333333333333
0 0.820615 0.26336000000000004 0.04203 0.03702
1 0.6703075000000001 0.83045 0.16966 0.15015333333333333
1 0.7973175 0.34474333333333335 0.057045 0.04438333333333334
0 0.6015575 0.14399666666666666 0.042445000000000004 0.030393333333333335
1 0.7877775 0.24895333333333333 0.02963 0.02134666666666667
0 0.7272025 0.18453 0.04054 0.032986666666666664
0 0.17133 0.20204 0.0431375 0.031243333333333335
1 0.1843425 0.36307666666666666 0.0376625 0.026013333333333336
0 0.5095475 0.11620333333333334 0.0368425 0.023593333333333334
1 0.25625 0.2925 0.03 0.028333333333333332
1 0.1675 0.345 0.0325 0.02666666666666667
1 0.171875 0.31916666666666665 0.01625 0.025
1 0.834375 0.37583333333333335 0.05375 0.06166666666666667
1 0.88 0.42 0.05 0.07
1 0.92 0.3433333333333333 0.035 0.03333333333333333
1 0.558125 0.20583333333333334 0.04375 0.028333333333333332