0 0.8142275 0.36363 0.0815 0.14701333333333333
0 0.4828025 0.17136333333333334 0.072975 0.0919
0 0.5880375 0.27438 0.084685 0.14222666666666667
0 0.7547849999999999 0.8697699999999999 0.1346825 0.26046
0 0.736195 0.23918333333333333 0.06994 0.10317333333333333
0 0.3081925 0.23209333333333332 0.1042675 0.11033666666666667
0 0.42672750000000004 0.06205666666666666 0.048895 0.054860000000000006
1 0.66437 0.32994666666666667 0.0694875 0.08950999999999999
1 0.43975 0.27466999999999997 0.0589375 0.06694333333333334
1 0.5107174999999999 0.2937866666666667 0.0639425 0.07254000000000001
0 0.24936750000000002 0.23083666666666666 0.070825 0.08607333333333335
1 0.7417699999999999 0.36506 0.0606125 0.08849000000000001
0 0.38604 0.06442666666666667 0.03658 0.03731333333333333
1 0.3685975 0.26295999999999997 0.06211 0.06671666666666667
1 0.67535 0.23539 0.0583225 0.06371
1 0.430975 0.18480666666666665 0.038454999999999996 0.05612999999999999
1 0.8460375 0.93838 0.0655925 0.10088666666666668
1 0.9314925 0.9265966666666666 0.0738225 0.11632333333333335
1 0.545625 0.2 0.06125 0.07
1 0.871875 0.43083333333333335 0.06125 0.105
1 0.921875 0.45666666666666667 0.05375 0.09