0 0.6358125 0.39210999999999996 0.0939625 0.18932333333333334
1 0.54152 0.4176933333333333 0.0793225 0.07769666666666666
1 0.3508325 0.3815766666666667 0.13694 0.09336
1 0.713395 0.4573866666666667 0.055104999999999994 0.06906333333333334
1 0.1842975 0.35429333333333335 0.0429225 0.03324333333333333
0 0.321185 0.15430333333333335 0.0610925 0.040143333333333336
1 0.7833275 0.47524333333333335 0.05086 0.058736666666666666
1 0.23607 0.3571833333333333 0.046814999999999996 0.036713333333333334
0 0.543355 0.08165666666666667 0.0336375 0.035666666666666666
1 0.133135 0.3514533333333333 0.0353975 0.029439999999999997
1 0.44837 0.40169 0.073795 0.07497
1 0.844155 0.49715000000000004 0.04097 0.061373333333333335
1 0.09625 0.35333333333333333 0.0275 0.023333333333333334
1 0.061875 0.3591666666666667 0.02625 0.025
1 0.030625 0.3591666666666667 0.02375 0.028333333333333332