0 0.2986075 0.5655966666666666 0.2259925 0.14178
0 0.31883999999999996 0.8494733333333333 0.256475 0.18936
0 0.2965075 0.4640233333333333 0.16728 0.09809666666666668
0 0.7443125 0.2897633333333333 0.10813249999999999 0.06602666666666666
0 0.533055 0.19562000000000002 0.0895825 0.06339666666666667
0 0.7453350000000001 0.24091 0.0891275 0.05658666666666667
0 0.310405 0.29281333333333337 0.092435 0.05072333333333333
0 0.3026975 0.35383 0.1404775 0.09334666666666668
0 0.5760925 0.16372333333333333 0.07836499999999999 0.048573333333333336
1 0.34395 0.7178933333333333 0.13447 0.10635666666666667
0 0.37695 0.09295666666666667 0.030940000000000002 0.02933
1 0.7219625 0.33326 0.0455325 0.03728333333333333
1 0.71033 0.3793 0.039795000000000004 0.04184666666666667
0 0.4951625 0.15425999999999998 0.0668575 0.04668333333333334
0 0.7534725 0.19382000000000002 0.0627075 0.034646666666666666
0 0.46628 0.12895 0.05813 0.03579
1 0.3199775 0.40169666666666665 0.0777175 0.04578333333333333
0 0.5795075000000001 0.08575333333333333 0.033417499999999996 0.026560000000000004
0 0.6150924999999999 0.12987 0.05769 0.04008333333333333
1 0.7071025 0.4459533333333333 0.0557825 0.05551333333333333
0 0.3077925 0.19041333333333332 0.069035 0.04026333333333334
0 0.4278825 0.08344 0.02741 0.02375
0 0.3067625 0.23291666666666666 0.0769225 0.04689666666666666
0 0.7572424999999999 0.16425333333333333 0.0495575 0.033236666666666664
0 0.623675 0.12136 0.053810000000000004 0.037956666666666666
0 0.971975 0.23874 0.029165 0.03749
0 0.931275 0.20658666666666667 0.033472499999999995 0.034166666666666665
1 0.95625 0.31166666666666665 0.0375 0.05