0 0.6950725 0.26874000000000003 0.0752825 0.08324333333333334
0 0.5246575 0.6422666666666667 0.1126375 0.2518166666666667
0 0.43945 0.4559566666666666 0.0964625 0.15306999999999998
0 0.6629025000000001 0.6529966666666667 0.14048750000000002 0.25432
0 0.2991825 0.45768 0.1001 0.13866333333333333
0 0.7558175 0.3031166666666667 0.066165 0.07719666666666666
0 0.2220925 0.45892 0.07778 0.14197333333333334
0 0.50069 0.22605999999999998 0.0544225 0.08710999999999999
0 0.344455 0.24624000000000001 0.0494625 0.059949999999999996
0 0.884775 0.39149333333333336 0.05858 0.07786333333333334
0 0.39117250000000003 0.23827333333333334 0.05075 0.05789
0 0.16866499999999998 0.44997333333333334 0.07292 0.09801666666666667
0 0.19832 0.2719333333333333 0.049325 0.06128666666666667
0 0.08620749999999999 0.31528 0.047205 0.05155666666666666
1 0.409335 0.70891 0.1022475 0.17253333333333334
0 0.2648275 0.25571333333333335 0.0544925 0.06806333333333334
0 0.128915 0.29895333333333335 0.028552499999999998 0.043436666666666665
1 0.56265 0.25641 0.0437675 0.04771666666666667
0 0.1568325 0.29122 0.028202500000000002 0.04775333333333333
0 0.8179525 0.34048666666666666 0.06157 0.08559
0 0.12113249999999999 0.4462466666666667 0.054145000000000006 0.07991333333333334
1 0.6231325000000001 0.26967 0.051015 0.04662
0 0.0764775 0.4470566666666667 0.059835 0.09174000000000002
0 0.057645 0.32366666666666666 0.028212499999999998 0.044643333333333333
1 0.95875 0.475 0.075 0.09333333333333334
1 0.30375 0.27166666666666667 0.045 0.03333333333333333
1 0.2275 0.2783333333333333 0.04 0.05333333333333334