0 0.22803 0.4641733333333333 0.1063625 0.09593333333333334
0 0.784 0.5618966666666667 0.15425999999999998 0.20583
1 0.487925 0.5314800000000001 0.080125 0.08490666666666667
1 0.5777975 0.5432066666666666 0.0878925 0.09994
0 0.4043325 0.27675666666666665 0.048670000000000005 0.03954
1 0.6654275000000001 0.5649433333333334 0.0788575 0.08778666666666667
1 0.4054025 0.5164833333333333 0.06893 0.06463999999999999
1 0.5872425 0.4085066666666667 0.0569375 0.044893333333333334
1 0.596505 0.30378333333333335 0.0375425 0.0264
1 0.47376999999999997 0.29495 0.032025 0.018873333333333332
1 0.2110875 0.9604033333333334 0.102545 0.07223666666666667
1 0.33677999999999997 0.4993166666666667 0.056975000000000005 0.04684000000000001
1 0.4639325 0.3921033333333333 0.047975000000000004 0.034423333333333334
0 0.92874 0.36323666666666665 0.051405 0.04652
1 0.5244924999999999 0.4053533333333333 0.054479999999999994 0.040286666666666665
1 0.4092675 0.3871166666666666 0.0488125 0.03134
1 0.551085 0.29963666666666666 0.042255 0.024486666666666664
1 0.31315499999999996 0.37840666666666667 0.0362025 0.028640000000000002
1 0.1145225 0.9134866666666667 0.083465 0.0894
1 0.36989249999999996 0.29119 0.0260525 0.020776666666666666
1 0.4346625 0.2927666666666667 0.0298475 0.017103333333333335
1 0.7120625 0.4256433333333334 0.054545 0.04650666666666667
1 0.5150325 0.2978166666666667 0.037520000000000005 0.02131
1 0.6484325 0.41144 0.0546 0.046656666666666666
1 0.041525 0.86061 0.0745 0.08883999999999999
1 0.34043 0.2968033333333333 0.0280825 0.017156666666666667
1 0.3540325 0.38658 0.0424875 0.028623333333333334
1 0.265675 0.3830333333333333 0.03866 0.030396666666666666
1 0.6002124999999999 0.2702466666666667 0.035405 0.022286666666666666
1 0.268125 0.5091666666666667 0.05125 0.06833333333333333
1 0.355 0.9658333333333333 0.135 0.06833333333333333
1 0.16625 0.4875 0.0425 0.041666666666666664
1 0.140625 0.475 0.03625 0.03333333333333333
1 0.111875 0.4625 0.03125 0.021666666666666667
1 0.231875 0.3775 0.03125 0.03833333333333333
1 0.635 0.30833333333333335 0.04 0.03666666666666667
1 0.67125 0.31083333333333335 0.0425 0.041666666666666664