0 0.5291024999999999 0.3361033333333333 0.149675 0.12330666666666668
0 0.7426200000000001 0.59703 0.1665675 0.20342
0 0.10782 0.2538066666666667 0.0418 0.04853666666666667
0 0.7459475 0.2538433333333333 0.070795 0.06299
0 0.7064275 0.18258 0.047299999999999995 0.04456
1 0.47043 0.6883266666666666 0.1146525 0.10586
0 0.5808375 0.16063 0.07970000000000001 0.05179
1 0.5709175 0.8241866666666666 0.12461499999999999 0.11756666666666667
1 0.41102 0.5455866666666667 0.0933075 0.08704333333333333
0 0.49060750000000003 0.09125 0.0500625 0.03441
1 0.607275 0.42443 0.0792025 0.058916666666666666
0 0.78435 0.21826666666666666 0.06958249999999999 0.057936666666666664
0 0.18106 0.20156666666666667 0.0492475 0.05268
1 0.6572025 0.5284833333333333 0.09152249999999999 0.08275666666666667
1 0.658655 0.20906666666666668 0.0343625 0.021526666666666666
0 0.7956825 0.16739333333333334 0.045329999999999995 0.03963
1 0.3730175 0.45111999999999997 0.07191750000000001 0.05706666666666666
0 0.8316399999999999 0.18495333333333333 0.0505425 0.04052
1 0.1498225 0.24299 0.0336575 0.028463333333333334
1 0.34831 0.38053 0.052315 0.04316
0 0.74107 0.13944666666666666 0.0460525 0.03554
1 0.695305 0.23704666666666666 0.032765 0.02902333333333333
0 0.8876775 0.22578333333333334 0.0430075 0.04178
0 0.58802 0.12074666666666667 0.047005000000000005 0.03081333333333333
0 0.3629425 0.16423666666666667 0.1004 0.04304333333333333
1 0.080395 0.29680666666666666 0.0333775 0.03614666666666667
0 0.6973400000000001 0.10541666666666667 0.039435000000000005 0.03066333333333333
1 0.4492075 0.2831633333333333 0.047665 0.03218
1 0.4425 0.3308333333333333 0.0475 0.04833333333333333
1 0.7825 0.2966666666666667 0.0525 0.043333333333333335
1 0.616875 0.18166666666666667 0.04375 0.03666666666666667
1 0.53125 0.1475 0.025 0.025