0 0.38836000000000004 0.7646833333333334 0.225635 0.26555
0 0.6689725 0.91338 0.331355 0.16916333333333333
0 0.2920375 0.5774933333333333 0.21342750000000002 0.20279333333333333
0 0.2584925 0.45990333333333333 0.164815 0.13989333333333334
0 0.382195 0.14485333333333333 0.0961975 0.07149
0 0.20917750000000002 0.3391033333333333 0.14001 0.08219666666666667
0 0.1791525 0.2620766666666667 0.0966875 0.06341
0 0.16040000000000001 0.20679999999999998 0.0793475 0.05976333333333333
0 0.32421 0.10672000000000001 0.086475 0.056350000000000004
0 0.2373425 0.40218666666666664 0.1430725 0.10801
0 0.161305 0.16295333333333334 0.0721075 0.043050000000000005
0 0.9552 0.13602666666666666 0.0613725 0.055933333333333335
1 0.416875 0.17083333333333334 0.05625 0.04833333333333333
1 0.466875 0.22 0.07125 0.056666666666666664