0 0.4073825 0.5529733333333333 0.11366 0.18465666666666666
0 0.5727475 0.48136999999999996 0.13473500000000002 0.17828666666666668
0 0.197285 0.45274000000000003 0.08293 0.13348666666666667
0 0.5472 0.33596 0.096165 0.09802999999999999
0 0.6936575 0.4082633333333333 0.1105225 0.12089333333333334
0 0.194105 0.65501 0.12637 0.21524666666666667
0 0.7438925000000001 0.38706666666666667 0.08249 0.10300999999999999
0 0.09508499999999999 0.6758000000000001 0.1007825 0.19399
0 0.2699075 0.42625 0.07245499999999999 0.12731333333333333
0 0.1262525 0.4920933333333333 0.0818025 0.11943333333333334
0 0.6075925 0.30762666666666666 0.081555 0.07931
0 0.6953550000000001 0.2970933333333333 0.06908750000000001 0.05946666666666667
0 0.79074 0.37861999999999996 0.0787675 0.08491333333333334
0 0.40044 0.24674666666666667 0.048745 0.05331333333333333
0 0.21825 0.30905666666666665 0.044445 0.060866666666666666
0 0.881615 0.45899666666666666 0.06771250000000001 0.11863
1 0.353115 0.42651 0.0585975 0.05798
0 0.4503825 0.23689333333333332 0.04834 0.04724
1 0.421235 0.39338 0.0661875 0.06568333333333334
1 0.2903175 0.60077 0.08865 0.10290666666666667
1 0.48425 0.52239 0.06472499999999999 0.07578666666666667
0 0.834945 0.34169666666666665 0.07413249999999999 0.07278333333333332
0 0.6817375 0.20412333333333332 0.052027500000000004 0.04175
1 0.07684 0.5542466666666667 0.0502925 0.06175666666666667
1 0.26063749999999997 0.3053966666666667 0.03424 0.02949
1 0.6291675 0.45465333333333335 0.059345 0.06735666666666666
1 0.3106925 0.29142999999999997 0.0359 0.03258333333333333
1 0.035345 0.7365933333333334 0.05837 0.09302666666666666
1 0.032619999999999996 0.57377 0.039990000000000005 0.04972333333333333
1 0.35541500000000004 0.27452 0.03872 0.03162
1 0.1805575 0.34169999999999995 0.03169 0.0381
0 0.7101775 0.20239 0.0343525 0.037676666666666664
1 0.648475 0.3151033333333333 0.03548 0.03116333333333333
1 0.08092 0.39486999999999994 0.0370725 0.04022
1 0.1125 0.37083333333333335 0.025 0.025
1 0.145 0.3541666666666667 0.0325 0.035