0 0.780445 0.4238633333333333 0.08444 0.15067666666666665
0 0.1877375 0.5920366666666667 0.179815 0.17651666666666666
0 0.7029650000000001 0.36361666666666664 0.08457250000000001 0.12300333333333333
0 0.635955 0.31557 0.089945 0.10712999999999999
0 0.9276975 0.53573 0.09328 0.14861666666666667
0 0.5627424999999999 0.28697 0.090235 0.10015
0 0.0963325 0.41025666666666666 0.1055525 0.10340666666666667
0 0.153005 0.5096266666666667 0.14072 0.11978666666666667
0 0.412025 0.21503666666666668 0.07910500000000001 0.06397666666666667
0 0.49840249999999997 0.25145666666666666 0.08889749999999999 0.08192666666666666
1 0.8419575 0.4831266666666667 0.06620999999999999 0.08419333333333334
1 0.29197 0.6775633333333334 0.11034999999999999 0.09712666666666667
0 0.9785 0.5926433333333333 0.0430025 0.13973333333333332
0 0.08979000000000001 0.23765333333333336 0.0667075 0.05492333333333334
0 0.2862675 0.12499333333333335 0.038985 0.037546666666666666
0 0.219925 0.11665333333333333 0.0474775 0.040780000000000004
0 0.2059375 0.09280666666666668 0.0272 0.02715
1 0.44625 0.24833333333333332 0.05 0.056666666666666664
1 0.15125 0.44333333333333336 0.0725 0.04666666666666667