0 0.43393 0.5672433333333333 0.13080250000000002 0.22765000000000002
0 0.303605 0.5817933333333334 0.1168 0.24413666666666667
0 0.6453475 0.5161833333333333 0.13060249999999998 0.18552333333333335
0 0.7935774999999999 0.4752133333333334 0.1084475 0.16300333333333333
0 0.86197 0.7660766666666666 0.14871 0.16971666666666665
0 0.643795 0.8943733333333332 0.2659075 0.20990333333333336
1 0.7261299999999999 0.5403866666666667 0.05564 0.08361666666666666
1 0.5491900000000001 0.5913133333333334 0.0762375 0.12207666666666667
0 0.95811 0.50664 0.068965 0.0781
0 0.03907 0.9540433333333334 0.07814 0.08836666666666668
1 0.134135 0.6829133333333333 0.0652875 0.13175666666666666
1 0.218455 0.6657433333333334 0.067065 0.13745000000000002
1 0.071135 0.6798333333333333 0.05849 0.10786666666666668
0 0.1537375 0.08473666666666667 0.119235 0.12818333333333334
0 0.2665675 0.96524 0.35990249999999996 0.06951666666666667