0 0.5641 0.5320766666666666 0.1978275 0.2148533333333333
0 0.28770999999999997 0.4893966666666667 0.16226249999999998 0.16968333333333332
0 0.6838150000000001 0.8650399999999999 0.264375 0.25209666666666664
0 0.3420975 0.7112666666666667 0.1782725 0.2549166666666667
0 0.817705 0.5235533333333333 0.15782749999999998 0.13274333333333335
0 0.35583 0.2737 0.0819325 0.06964333333333333
0 0.7634974999999999 0.7354033333333333 0.213555 0.22954333333333332
0 0.85177 0.41417 0.127175 0.1036
0 0.4659725 0.6213733333333333 0.18905000000000002 0.22406333333333336
0 0.4624425 0.22455 0.07277750000000001 0.05673666666666667
0 0.6594575 0.3873166666666667 0.1388625 0.13505666666666666
0 0.41199 0.24980666666666665 0.077465 0.0639
0 0.2453125 0.33257000000000003 0.08602 0.09312000000000001
0 0.233625 0.8150799999999999 0.1638175 0.29697
0 0.861435 0.35194 0.093295 0.06530666666666667
0 0.1307375 0.4340133333333333 0.06483 0.09211333333333332
0 0.1683975 0.31844333333333336 0.05117 0.06277666666666668
0 0.39536 0.18893 0.0745 0.052553333333333334
0 0.13729 0.25256 0.0362225 0.045590000000000006
0 0.5027225000000001 0.20445666666666668 0.0647625 0.055189999999999996
0 0.215595 0.21682333333333334 0.0362575 0.03993666666666667
0 0.2730675 0.17163333333333333 0.0433625 0.03719666666666667
1 0.7611725 0.6114233333333333 0.08456749999999999 0.07017333333333334
0 0.24292 0.18783666666666665 0.040232500000000004 0.04037333333333334
1 0.31454000000000004 0.32203 0.055137500000000006 0.039459999999999995
1 0.56126 0.9631200000000001 0.12386499999999999 0.07346
1 0.19504 0.40695 0.0575275 0.058576666666666666
1 0.1190975 0.36284 0.050855 0.045603333333333336
0 0.7315725 0.32220666666666664 0.1068925 0.06909
0 0.5385475000000001 0.18844000000000002 0.06281 0.04859
0 0.30629500000000004 0.23243 0.060105 0.051186666666666665
0 0.1715425 0.22784666666666664 0.0424275 0.04151333333333333
0 0.4632575 0.15554666666666667 0.058159999999999996 0.04519
0 0.4327925 0.17591666666666667 0.05119 0.04277666666666667
0 0.5385425 0.13652666666666666 0.051859999999999996 0.03821666666666667
1 0.26283 0.2673466666666667 0.0493825 0.03639666666666667
0 0.8773650000000001 0.31043 0.072445 0.04039
1 0.075375 0.5099833333333333 0.060615 0.06974
1 0.8194175 0.45730333333333334 0.07241500000000001 0.04849
1 0.6002325 0.46956333333333333 0.0858625 0.06959
0 0.7782275 0.2471033333333333 0.086255 0.058199999999999995
0 0.7562424999999999 0.28321 0.0975075 0.06074
0 0.34363 0.14207333333333333 0.0407775 0.03471
0 0.6379874999999999 0.15504666666666667 0.050345 0.03834
1 0.347655 0.2190133333333333 0.036340000000000004 0.02842333333333333
0 0.6051275 0.16230333333333335 0.05881 0.04267666666666667
0 0.5695925 0.17204 0.052032499999999995 0.03977
0 0.44060750000000004 0.10733999999999999 0.0496825 0.033543333333333335
0 0.76539 0.2667966666666667 0.09854500000000001 0.06267
0 0.693425 0.3504333333333333 0.09819 0.07375
0 0.3090675 0.15911666666666668 0.0331875 0.032916666666666664
0 0.397265 0.12048333333333333 0.041155000000000004 0.034763333333333334
1 0.070625 0.3925 0.04375 0.055