0 0.3496125 0.5373066666666667 0.135535 0.23571333333333333
0 0.54532 0.45156666666666667 0.13459000000000002 0.18204333333333333
0 0.6794600000000001 0.7909866666666667 0.221255 0.23212
0 0.8336575 0.33110666666666666 0.09283 0.10363
0 0.6851925 0.38594999999999996 0.1134475 0.15931
0 0.8984725 0.31233666666666665 0.0786525 0.08931666666666667
0 0.7431125 0.37284666666666666 0.086245 0.13132333333333335
0 0.114105 0.6470133333333333 0.1564875 0.25565333333333334
0 0.04628 0.40548333333333336 0.07487 0.13777666666666666
1 0.2485675 0.6643100000000001 0.0920525 0.19670333333333334
1 0.4573125 0.5535166666666667 0.0794625 0.12614999999999998
0 0.9113424999999999 0.5201233333333333 0.07102249999999999 0.12324
0 0.9582575000000001 0.8597533333333334 0.08348749999999999 0.2529
1 0.79195 0.38433333333333336 0.051015 0.06952666666666667
1 0.6282375 0.4552866666666666 0.0473425 0.06963
0 0.9643849999999999 0.28657666666666665 0.0486975 0.05380666666666666
1 0.9372425 0.30728333333333335 0.024577500000000002 0.03697666666666667
1 0.870625 0.3258333333333333 0.04125 0.058333333333333334