0 0.30047250000000003 0.48600333333333334 0.1268375 0.20753333333333335
0 0.20668999999999998 0.5720066666666667 0.1136225 0.16902333333333333
0 0.6495925 0.68296 0.15056 0.21446333333333334
0 0.3821875 0.43883333333333335 0.12988 0.15277666666666667
0 0.4595425 0.39853999999999995 0.11298749999999999 0.10433999999999999
0 0.51022 0.3538233333333333 0.0982475 0.0894
0 0.1159675 0.6244933333333333 0.11213 0.21630999999999997
0 0.7404675 0.50846 0.08756 0.11307333333333335
0 0.5718799999999999 0.3373833333333333 0.089085 0.06917
0 0.04136 0.6957933333333334 0.08272 0.27580333333333334
0 0.7685700000000001 0.3041566666666667 0.0461725 0.04816666666666667
0 0.7809425 0.41961 0.055735 0.06493
0 0.6660125 0.27938999999999997 0.0815625 0.06442333333333333
0 0.6333125 0.29748 0.07984999999999999 0.06305000000000001
0 0.7102825 0.26371333333333336 0.0628075 0.05293
1 0.508125 0.8675 0.16875 0.14833333333333334
0 0.23375 0.2425 0.0775 0.051666666666666666
0 0.140625 0.2758333333333333 0.08625 0.06166666666666667
0 0.04625 0.32916666666666666 0.0775 0.06166666666666667
0 0.33 0.20666666666666667 0.06 0.04666666666666667
0 0.60875 0.3233333333333333 0.065 0.06333333333333334