0 0.7050125 0.35834666666666665 0.08461750000000001 0.09908333333333333
0 0.5950449999999999 0.2918366666666667 0.088645 0.08207666666666666
0 0.4427775 0.3255266666666667 0.1070325 0.08523333333333333
0 0.6346849999999999 0.4534033333333333 0.110345 0.13554
0 0.766085 0.4036166666666666 0.077845 0.09214666666666667
0 0.8042625 0.5710366666666666 0.1066425 0.19586333333333333
0 0.284785 0.8800066666666667 0.2163125 0.23246333333333333
0 0.16288249999999999 0.6434766666666667 0.156325 0.22251666666666664
0 0.2159 0.77747 0.2040325 0.21877333333333335
0 0.893285 0.4881466666666667 0.06599250000000001 0.12473
0 0.51262 0.24816000000000002 0.08311 0.06854
1 0.500555 0.37883 0.050595 0.04108333333333333
0 0.849055 0.32904333333333335 0.050855 0.061753333333333334
0 0.09319 0.4669333333333333 0.11769249999999999 0.10885666666666667
0 0.6884425 0.22696 0.0502825 0.04652666666666667
0 0.72601 0.24727333333333334 0.053442500000000004 0.056813333333333334
1 0.5617575 0.42981 0.058155 0.04675333333333333
1 0.7120725 0.5275933333333334 0.07125749999999999 0.06411
0 0.61136 0.20239 0.054450000000000005 0.04495333333333334
0 0.3109575 0.24999333333333335 0.0625425 0.06470666666666666
1 0.7620975 0.28031333333333336 0.034325 0.028900000000000002
0 0.46103500000000003 0.23387 0.0613525 0.05213333333333334
0 0.813805 0.27237666666666666 0.0366675 0.044116666666666665
0 0.37187749999999997 0.27453333333333335 0.08965000000000001 0.06220666666666667
0 0.78007 0.20113 0.030995 0.03051
0 0.80929 0.2063566666666667 0.0263275 0.02972
0 0.88993 0.31346 0.0358225 0.05080666666666666
0 0.0891175 0.4035933333333333 0.1008725 0.05351
1 0.6302274999999999 0.34264 0.04426 0.03315
0 0.671685 0.19881333333333334 0.0368125 0.033863333333333336
0 0.750165 0.19021 0.03704 0.034743333333333334
0 0.26889749999999996 0.23984999999999998 0.0676725 0.056576666666666664
1 0.8693125 0.6780066666666666 0.0646525 0.08792
1 0.8254349999999999 0.44777666666666666 0.056162500000000004 0.055946666666666665
1 0.9408025 0.7374866666666666 0.0650725 0.10746
0 0.087 0.38188333333333335 0.0959725 0.06071666666666667
1 0.5460125 0.29367333333333334 0.036295 0.0305
0 0.700145 0.16557333333333335 0.0339025 0.029916666666666668
1 0.89161 0.37007333333333337 0.0411775 0.04316
0 0.0817325 0.3290766666666667 0.0728 0.04875
1 0.4035625 0.9714266666666668 0.0953075 0.054426666666666665
0 0.9862575 0.5867533333333333 0.027485 0.11987
1 0.39960500000000004 0.31309333333333333 0.0450375 0.039213333333333336
0 0.727285 0.17689 0.030835 0.02817
1 0.93625 0.54 0.0525 0.09666666666666666
1 0.168125 0.47833333333333333 0.07625 0.06666666666666667
1 0.798125 0.3075 0.03625 0.058333333333333334
1 0.78 0.25333333333333335 0.0425 0.03333333333333333