0 0.3787975 0.6007833333333333 0.2285975 0.2799433333333333
0 0.18291749999999998 0.17904666666666666 0.08408249999999999 0.07944999999999999
0 0.24686000000000002 0.7201233333333333 0.18246500000000002 0.25964
0 0.391865 0.08930666666666667 0.09747249999999999 0.06809
0 0.6965225 0.20219333333333334 0.1218925 0.10247
0 0.7008150000000001 0.67609 0.2446825 0.27976
0 0.410745 0.24864666666666668 0.13471 0.12946666666666665
0 0.28602 0.09527666666666666 0.07861499999999999 0.06587333333333334
0 0.10966 0.3525 0.06470000000000001 0.10788333333333333
0 0.16944499999999998 0.2733933333333333 0.0992675 0.11831666666666667
0 0.8170700000000001 0.36383666666666664 0.126315 0.14953
1 0.54227 0.3855133333333333 0.084665 0.0669
0 0.4446725 0.06806 0.08147 0.05353666666666667
1 0.6557625 0.26186000000000004 0.0586375 0.050146666666666666
1 0.48328 0.4937433333333333 0.1084675 0.09636333333333333
1 0.6070099999999999 0.3163933333333333 0.0724625 0.05485
0 0.0860175 0.14122 0.0396175 0.04675666666666667
0 0.1270725 0.21363333333333331 0.061932499999999994 0.06399333333333333
1 0.590295 0.8367666666666668 0.12268000000000001 0.11118333333333334
0 0.736585 0.15351666666666666 0.10651000000000001 0.06777333333333332
0 0.056705 0.18829666666666667 0.044770000000000004 0.05395333333333334
0 0.2284425 0.04548 0.0500275 0.04177333333333333
0 0.415105 0.02155333333333333 0.066455 0.038540000000000005
0 0.17995 0.06484000000000001 0.0349525 0.037689999999999994
0 0.0222225 0.5095533333333334 0.043165 0.18023333333333336
1 0.2916975 0.19670333333333334 0.062372500000000004 0.04749
1 0.234655 0.24530666666666665 0.047920000000000004 0.04324666666666667
1 0.7723925 0.45626 0.066305 0.06120333333333334
0 0.144475 0.08480333333333333 0.045295 0.038650000000000004
1 0.34722000000000003 0.14473 0.0430675 0.035796666666666664
0 0.019545000000000003 0.19992333333333331 0.03265 0.05485
0 0.08789749999999999 0.08943999999999999 0.028175000000000002 0.03244
1 0.039072499999999996 0.34693666666666667 0.0511475 0.06283333333333334
1 0.2338875 0.14723333333333333 0.040247500000000005 0.03231666666666667
1 0.8324 0.26927666666666666 0.0457225 0.051096666666666665
1 0.4990075 0.9659333333333334 0.122815 0.061726666666666666
1 0.7450650000000001 0.5651233333333333 0.09447499999999999 0.09064333333333334
1 0.0572675 0.42946333333333336 0.05565 0.05366666666666667
0 0.2727925 0.008483333333333332 0.036645000000000004 0.016963333333333334
1 0.319375 0.07916666666666666 0.03875 0.03833333333333333
1 0.3575 0.056666666666666664 0.035 0.03
1 0.495625 0.06166666666666667 0.03625 0.043333333333333335
1 0.08375 0.2916666666666667 0.045 0.043333333333333335
1 0.08875 0.1725 0.04 0.025
1 0.121875 0.13166666666666665 0.04375 0.03666666666666667
1 0.165 0.10083333333333333 0.035 0.035
1 0.196875 0.07833333333333334 0.02625 0.03666666666666667