0 0.81876 0.5126533333333333 0.0997625 0.21892333333333333
0 0.7110175000000001 0.4516466666666667 0.1092725 0.20389
0 0.49229500000000004 0.14823666666666666 0.0675625 0.06896
0 0.264955 0.5566866666666667 0.1700825 0.23079333333333332
0 0.406085 0.35447666666666666 0.13807 0.14947666666666667
0 0.7323375 0.21298333333333336 0.058215 0.06974
0 0.381975 0.6162799999999999 0.196375 0.29039333333333334
0 0.4328075 0.13535333333333333 0.0647875 0.06516
0 0.8810625 0.2866166666666667 0.070645 0.09518333333333334
0 0.1590425 0.4536 0.11928 0.14761666666666667
0 0.8082075 0.80679 0.1471225 0.31593666666666664
0 0.6437849999999999 0.18191333333333334 0.063235 0.07099666666666667
0 0.38289249999999997 0.12456666666666666 0.057155000000000004 0.0623
0 0.8104049999999999 0.24667999999999998 0.0619925 0.07523333333333333
1 0.50634 0.39535666666666663 0.07096 0.06797666666666667
0 0.3274525 0.31682 0.1125325 0.12388333333333333
0 0.5998925 0.40710999999999997 0.12353499999999999 0.18829666666666667
0 0.2053275 0.27902 0.080815 0.10821
0 0.9300900000000001 0.84953 0.09832500000000001 0.28081
0 0.9034099999999999 0.5721366666666667 0.08135250000000001 0.22699666666666668
1 0.516575 0.7020733333333332 0.1260025 0.17604999999999998
0 0.14315250000000002 0.26629 0.0709075 0.09667666666666666
0 0.3344425 0.12504333333333334 0.049710000000000004 0.05408333333333333
0 0.65188 0.7482 0.155705 0.34281
0 0.2572675 0.12725333333333333 0.0570625 0.05314666666666667
0 0.18688749999999998 0.14183 0.059275 0.04652
0 0.2911225 0.28361000000000003 0.1253425 0.12024333333333334
0 0.296785 0.13762333333333335 0.036770000000000004 0.044270000000000004
0 0.96082 0.3391266666666667 0.0778525 0.10526666666666668
0 0.014945 0.2650666666666667 0.029155 0.04390666666666666
1 0.10242 0.41890666666666665 0.038805 0.04322
1 0.07875 0.39166666666666666 0.03 0.03
1 0.059375 0.3725 0.02125 0.018333333333333333
1 0.043125 0.36 0.01875 0.016666666666666666
1 0.030625 0.35 0.01875 0.016666666666666666
1 0.209375 0.5083333333333333 0.08375 0.08333333333333333