0 0.5718424999999999 0.5591666666666667 0.15547999999999998 0.17090333333333335
0 0.6657525000000001 0.29710333333333333 0.08228 0.08659333333333333
0 0.31295 0.33547 0.11486249999999999 0.09125666666666667
0 0.6714075 0.63283 0.12988999999999998 0.21180333333333332
0 0.7808350000000001 0.36625 0.0703125 0.09296333333333333
0 0.20382 0.47651666666666664 0.129425 0.11364
0 0.772895 0.7101733333333333 0.1306175 0.23983333333333334
0 0.52363 0.24575333333333332 0.079765 0.06784
0 0.8739724999999999 0.8003333333333333 0.1421 0.24351333333333333
0 0.16155 0.4018633333333333 0.1114225 0.08874666666666667
0 0.7223175 0.33570333333333335 0.080145 0.08684
0 0.83825 0.39883 0.070355 0.11153666666666667
0 0.6174625 0.23170333333333334 0.06279 0.04489666666666667
0 0.61488 0.27967333333333333 0.0738625 0.06301
0 0.88905 0.43894999999999995 0.06458499999999999 0.10335
0 0.9477374999999999 0.4791533333333333 0.0648825 0.11118333333333334
0 0.406955 0.7952733333333334 0.25406 0.29164
1 0.5146975 0.9236333333333334 0.13507249999999998 0.12325
0 0.26124 0.28461333333333333 0.069805 0.05232666666666666
0 0.6448674999999999 0.15992 0.03841 0.029336666666666667
1 0.240455 0.5503733333333333 0.07697 0.05732
0 0.6640925 0.9402133333333333 0.1726675 0.11534
0 0.0243125 0.58083 0.0435875 0.16165666666666667
1 0.564785 0.26950666666666667 0.036715000000000005 0.03015
0 0.3860225 0.3901233333333333 0.0949725 0.09208666666666666
0 0.667755 0.23984999999999998 0.049162500000000005 0.03748
0 0.6855399999999999 0.3098 0.0971725 0.08932
0 0.985735 0.5105 0.0285325 0.14342
1 0.2800575 0.6133733333333333 0.079985 0.06860000000000001
0 0.8112 0.38893666666666665 0.103365 0.10332
0 0.6747000000000001 0.19675333333333334 0.036605 0.03219333333333333
1 0.319375 0.7116666666666667 0.10875 0.07333333333333333
1 0.93875 0.8441666666666666 0.06 0.17833333333333334
1 0.345 0.36666666666666664 0.065 0.08333333333333333
1 0.143125 0.3616666666666667 0.06125 0.04666666666666667