0 0.7185900000000001 0.49223666666666666 0.11562 0.21429333333333334
0 0.6102875 0.45025666666666664 0.1226825 0.19565666666666667
0 0.21606999999999998 0.51609 0.15225249999999999 0.21419000000000002
0 0.606635 0.13432666666666668 0.0522 0.06177333333333333
0 0.4329825 0.3539366666666666 0.1107125 0.15656
0 0.3973475 0.6621666666666667 0.1709375 0.24875
0 0.351935 0.33926999999999996 0.09725249999999999 0.16597666666666666
0 0.18048750000000002 0.28170666666666666 0.08966249999999999 0.10139666666666666
0 0.5228375 0.15437666666666666 0.06274 0.07257000000000001
0 0.57075 0.11318333333333333 0.04945 0.04367666666666667
0 0.63409 0.19552666666666668 0.05867 0.07612000000000001
0 0.293575 0.3098633333333333 0.085325 0.11248666666666667
0 0.7490075 0.22888 0.06352000000000001 0.13345
0 0.1181275 0.4450333333333333 0.1043925 0.14855666666666667
0 0.47051499999999996 0.14781 0.06087 0.06737666666666667
0 0.8690025 0.3082233333333333 0.06016 0.09147000000000001
0 0.8079824999999999 0.25024 0.0630775 0.14324333333333333
1 0.7778575 0.8539100000000001 0.101245 0.11551333333333334
0 0.681485 0.22245333333333334 0.05627 0.08241
0 0.5297825 0.09392 0.0402075 0.03691333333333333
1 0.8876124999999999 0.6387066666666666 0.061149999999999996 0.11247333333333334
0 0.6991875 0.14268 0.045579999999999996 0.05891
1 0.52111 0.7231266666666667 0.10858499999999999 0.13877666666666666
1 0.8031675 0.5917933333333334 0.0797725 0.1097
0 0.48978 0.09119666666666666 0.05042 0.04064
0 0.2440375 0.30715000000000003 0.07346 0.10696333333333333
0 0.41778 0.14379999999999998 0.04938 0.060566666666666664
1 0.5150125000000001 0.4311966666666666 0.06971 0.08079666666666666
0 0.0785675 0.398 0.0892675 0.12735333333333335
0 0.030414999999999998 0.33449 0.060829999999999995 0.08198666666666667
0 0.44177 0.09111 0.057275 0.05325
1 0.64532 0.8149866666666666 0.11273999999999999 0.14454333333333333
1 0.3118575 0.5918966666666667 0.08237749999999999 0.09133999999999999
1 0.5730525 0.1855 0.0327825 0.032703333333333334
0 0.33902499999999997 0.13635999999999998 0.055732500000000004 0.07047333333333333
0 0.8995275 0.2603666666666667 0.049335000000000004 0.07676333333333334
0 0.85238 0.23501666666666665 0.0448475 0.06727666666666667
1 0.1770525 0.45666666666666667 0.057595 0.08918999999999999
1 0.383275 0.15159 0.0302425 0.03854666666666667
1 0.6560375 0.15653333333333333 0.0333575 0.03604333333333333
1 0.205625 0.29833333333333334 0.04375 0.05