0 0.317795 0.2778 0.0921175 0.09392666666666666
0 0.43254000000000004 0.22027666666666668 0.07952500000000001 0.07804
0 0.5244025 0.2979266666666667 0.103235 0.10992666666666666
0 0.7613375 0.7841433333333333 0.2000775 0.27625666666666665
0 0.51947 0.18788666666666665 0.08238 0.06561333333333333
0 0.1225725 0.40698333333333336 0.08338 0.12768000000000002
0 0.587945 0.27518333333333334 0.08682 0.10042333333333332
0 0.8462775 0.5848266666666667 0.13781000000000002 0.18619000000000002
0 0.2002825 0.22984666666666664 0.0502125 0.06274666666666667
0 0.32283 0.42594 0.131 0.16496666666666665
0 0.65643 0.23704666666666666 0.08956499999999999 0.07366333333333333
0 0.06873 0.30372333333333335 0.048662500000000004 0.08412
0 0.39942500000000003 0.13033666666666666 0.0597825 0.050653333333333335
0 0.87997 0.4668366666666667 0.130345 0.13042666666666666
1 0.2454375 0.21124 0.03583 0.027543333333333333
1 0.23669 0.5068833333333334 0.0745425 0.06766333333333334
1 0.28389 0.18967 0.030107500000000002 0.021473333333333334
0 0.701785 0.20714666666666667 0.07292 0.07126666666666667
0 0.323215 0.16031666666666666 0.0588975 0.050036666666666674
1 0.408885 0.40441333333333335 0.06434000000000001 0.06002333333333333
1 0.46635750000000004 0.3480533333333334 0.0528775 0.04535
1 0.1576 0.2599666666666667 0.0351775 0.0304
0 0.1466625 0.5533433333333333 0.0889625 0.17271999999999998
0 0.8980750000000001 0.39302333333333334 0.0831725 0.09233666666666666
0 0.8977225 0.3265733333333333 0.07250749999999999 0.06898666666666667
0 0.79616 0.16424 0.050085 0.050879999999999995
0 0.0803375 0.20684 0.0290375 0.041653333333333334
0 0.22421750000000001 0.17754666666666666 0.0438075 0.04194333333333333
0 0.16549 0.15457333333333334 0.025695 0.03723
0 0.139535 0.16783 0.02923 0.03981333333333333
1 0.1913675 0.38791333333333333 0.05248 0.049266666666666674
1 0.25944 0.1635 0.0279475 0.02386
1 0.11504500000000001 0.28944000000000003 0.032990000000000005 0.035859999999999996
0 0.049855 0.22602666666666668 0.033335000000000004 0.04578333333333333
1 0.077655 0.6267266666666667 0.06131 0.09640666666666668
0 0.8332775 0.15152666666666667 0.040565 0.03339333333333334
0 0.1927325 0.14117 0.032127499999999996 0.02929333333333333
1 0.66423 0.9207333333333333 0.13629750000000002 0.1309
1 0.3662375 0.16023333333333334 0.0267475 0.025923333333333333
1 0.2539425 0.32993 0.038740000000000004 0.03081
1 0.7985125000000001 0.6654566666666666 0.10166 0.09400666666666666
0 0.0180775 0.4932733333333333 0.034895 0.18404666666666666
0 0.14492 0.22131333333333336 0.035425 0.040863333333333335
1 0.852985 0.5179133333333333 0.08083 0.07869666666666666
1 0.378815 0.2676466666666667 0.037814999999999994 0.027556666666666667
0 0.70198 0.14129 0.0574775 0.04166333333333333
0 0.25789999999999996 0.11492 0.03535 0.03178
0 0.1093025 0.18174333333333334 0.0256175 0.035146666666666666
0 0.2924 0.13282 0.040215 0.03593333333333333
1 0.1125 0.24416666666666667 0.0375 0.035
1 0.639375 0.2775 0.06375 0.06833333333333333