0 0.302765 0.22546999999999998 0.103855 0.07636
0 0.9389275 0.7037766666666666 0.10956999999999999 0.17621666666666666
0 0.6065625 0.25551 0.104485 0.07273333333333333
0 0.571345 0.21753333333333333 0.087225 0.05910000000000001
0 0.6356375000000001 0.1806566666666667 0.0686725 0.05224
0 0.7722275 0.15955666666666668 0.04939 0.032086666666666666
1 0.6958274999999999 0.3701566666666667 0.06597499999999999 0.04221
0 0.5246124999999999 0.17561333333333334 0.083625 0.05523333333333333
0 0.8180625 0.19672666666666666 0.04481 0.03435
0 0.82241 0.49324333333333337 0.109535 0.12781333333333333
1 0.7332525000000001 0.29165 0.04869 0.031926666666666666
1 0.33796499999999996 0.3561033333333333 0.06672750000000001 0.042616666666666664
1 0.3217175 0.3110266666666667 0.0531875 0.03519
1 0.8681875 0.60017 0.07139749999999999 0.061053333333333334
0 0.3681525 0.057139999999999996 0.0477425 0.029946666666666667
1 0.7487699999999999 0.43649333333333334 0.07003 0.049929999999999995
1 0.34645 0.42590333333333336 0.090575 0.05620666666666667
1 0.37015 0.5074166666666666 0.10564749999999999 0.06793666666666667
1 0.7741125 0.33476999999999996 0.053134999999999995 0.03632333333333333
1 0.6536625 0.31154333333333334 0.0586 0.03262
1 0.9406125 0.50852 0.05632 0.04603333333333333
0 0.9817975 0.5749933333333334 0.0337625 0.14064333333333334
1 0.31372000000000005 0.27835 0.0542875 0.03828333333333333
1 0.1768925 0.37889 0.0514525 0.04038
1 0.47756 0.93697 0.15963999999999998 0.11756333333333334
1 0.39625 0.62 0.105 0.12666666666666668
1 0.400625 0.7758333333333334 0.11125 0.145
1 0.141875 0.8908333333333334 0.10375 0.13833333333333334
1 0.1425 0.7383333333333333 0.0825 0.1
1 0.145625 0.5133333333333333 0.06125 0.07
1 0.155625 0.44916666666666666 0.04875 0.058333333333333334
1 0.17875 0.3358333333333333 0.0325 0.041666666666666664
1 0.825 0.3858333333333333 0.045 0.085
1 0.8825 0.4483333333333333 0.05 0.09333333333333334
1 0.68875 0.25 0.0275 0.03666666666666667
1 0.476875 0.1525 0.02875 0.051666666666666666
0 0.144375 0.6008333333333333 0.19125 0.155