0 0.4943275 0.3402266666666667 0.10546 0.09089
0 0.36667500000000003 0.4212833333333333 0.0977575 0.11313
0 0.7853025 0.6251533333333333 0.1797625 0.17031666666666667
0 0.48710000000000003 0.2582966666666667 0.0898025 0.06169666666666667
0 0.31079500000000004 0.31473333333333336 0.0793225 0.08523
0 0.1989725 0.4884966666666667 0.08262 0.14973
0 0.570305 0.23158666666666666 0.071785 0.05337666666666666
1 0.28214249999999996 0.46751666666666664 0.0782125 0.07141333333333334
0 0.6767475 0.26988666666666666 0.0889625 0.0629
0 0.928365 0.8782366666666667 0.14010499999999998 0.21509
0 0.30813999999999997 0.21552666666666667 0.0522125 0.05522
1 0.1943425 0.39209666666666665 0.05584 0.04927666666666667
1 0.36987000000000003 0.30754666666666663 0.050695 0.03811666666666667
1 0.25238499999999997 0.3640666666666667 0.058515 0.049300000000000004
1 0.684015 0.7289133333333333 0.10542 0.09302333333333333
1 0.5945750000000001 0.30801 0.041205 0.028676666666666666
0 0.38066500000000003 0.1917633333333333 0.049397500000000004 0.042063333333333335
1 0.346815 0.21438333333333331 0.0348975 0.025936666666666667
1 0.43392000000000003 0.38942 0.0602025 0.052360000000000004
1 0.46366250000000003 0.9245066666666667 0.14830000000000002 0.12899666666666668
1 0.26520499999999997 0.24697 0.0338025 0.02687
1 0.1294625 0.5695233333333333 0.06966 0.08617666666666665
1 0.5875925 0.8365199999999999 0.1316925 0.13630666666666666
1 0.129175 0.4292566666666667 0.0525 0.060590000000000005
0 0.182425 0.24522 0.03506 0.04289
0 0.2515175 0.20725666666666667 0.038564999999999995 0.040703333333333334
1 0.217645 0.23642 0.0294475 0.024493333333333336
1 0.06295 0.6144533333333333 0.06581999999999999 0.08734333333333333
1 0.55508 0.32926 0.0453625 0.039086666666666665
1 0.83417 0.5159133333333333 0.056205 0.04520333333333334
1 0.8615075000000001 0.4817266666666667 0.044105 0.03621666666666667
1 0.6330975 0.29153666666666667 0.03977 0.026719999999999997
0 0.9449974999999999 0.30374 0.065595 0.05109333333333333
1 0.07526999999999999 0.47801333333333335 0.053752499999999995 0.06723
0 0.79183 0.23623666666666668 0.06606999999999999 0.04844
0 0.6654575 0.14315 0.054862499999999995 0.03332333333333333
1 0.22294999999999998 0.2576966666666667 0.0372575 0.030456666666666667
0 0.8176100000000001 0.22495666666666667 0.057522500000000004 0.042916666666666665
1 0.42385 0.28396333333333335 0.0430925 0.03473333333333333
0 0.847545 0.21424 0.0483775 0.03452333333333333
1 0.5330475 0.2558166666666667 0.0349125 0.027546666666666667
1 0.22122 0.24619333333333335 0.032240000000000005 0.028496666666666667
0 0.47140499999999996 0.14424 0.041159999999999995 0.03199333333333333
1 0.296875 0.945 0.10625 0.11
1 0.790625 0.5441666666666667 0.03125 0.065
1 0.876875 0.44083333333333335 0.02875 0.041666666666666664
1 0.1775 0.285 0.045 0.03666666666666667
1 0.0225 0.5025 0.04 0.051666666666666666