0 0.583755 0.25949333333333335 0.0760975 0.08671
0 0.36535 0.7595266666666667 0.18988 0.25854
0 0.666365 0.38664000000000004 0.10191 0.16604666666666668
0 0.6310075 0.88132 0.162825 0.23736000000000002
0 0.7936074999999999 0.9038566666666668 0.150855 0.19228333333333333
0 0.755155 0.21507333333333334 0.057955 0.07998666666666666
0 0.8318825000000001 0.48763 0.084355 0.14504
0 0.22479 0.73115 0.17248750000000002 0.27782
0 0.9529675 0.5470866666666666 0.094065 0.22407000000000002
0 0.69092 0.19451 0.056967500000000004 0.06580333333333334
1 0.748135 0.45794999999999997 0.0629775 0.07008333333333333
1 0.4637 0.3261833333333333 0.047722499999999994 0.031663333333333335
0 0.9289 0.32289 0.05552 0.05889
0 0.7012225 0.2950933333333333 0.0658325 0.07159333333333333
1 0.52846 0.3494333333333333 0.052805 0.04174
1 0.4062325 0.3073633333333333 0.037445 0.029936666666666667
1 0.593735 0.38303666666666664 0.05349 0.04064
1 0.5353875 0.25797333333333333 0.0342875 0.02929
0 0.979155 0.32308333333333333 0.0388275 0.06654666666666666
1 0.8694225 0.4070066666666667 0.046387500000000005 0.05877666666666667
0 0.8224525 0.37426666666666664 0.062252499999999995 0.07725666666666667
1 0.631555 0.29861 0.049765000000000004 0.041113333333333335
0 0.021685 0.6409466666666667 0.0405325 0.12129666666666666
1 0.1329075 0.4968433333333333 0.0424475 0.04254333333333333
1 0.497895 0.8529200000000001 0.11165 0.14112
1 0.759085 0.34601333333333334 0.0505 0.0489
1 0.0559 0.8387166666666667 0.07029 0.07703666666666667
1 0.107625 0.9185933333333334 0.0606025 0.07003333333333334
1 0.156875 0.5625 0.05125 0.058333333333333334
1 0.221875 0.5916666666666667 0.06375 0.06333333333333334
1 0.48125 0.23833333333333334 0.06 0.04
1 0.64125 0.21166666666666667 0.0325 0.043333333333333335
1 0.035625 0.7275 0.04625 0.08833333333333333