0 0.5726825 0.4126366666666667 0.1045925 0.13124666666666668
1 0.27745749999999997 0.5016766666666667 0.0872525 0.10792333333333333
1 0.1904175 0.5263266666666667 0.06733 0.10618666666666667
1 0.3732125 0.47923333333333334 0.08851 0.10104666666666666
1 0.47113 0.45332 0.08171250000000001 0.08441666666666667
1 0.1094325 0.5407066666666667 0.0686875 0.10412666666666666
1 0.65398 0.4218133333333334 0.055372500000000005 0.06262666666666666
1 0.7095525 0.39801333333333333 0.03909749999999999 0.038836666666666665
1 0.756415 0.38617666666666667 0.0401325 0.03671666666666667
1 0.7396875 0.9069233333333333 0.11843250000000001 0.15460333333333334
1 0.5995025 0.94128 0.1097175 0.10289000000000001
1 0.8448450000000001 0.84446 0.085155 0.10354000000000001
1 0.9140625 0.77984 0.06869750000000001 0.09127999999999999
0 0.5077675 0.8457466666666666 0.0517525 0.05830333333333333
1 0.044375 0.54537 0.0539175 0.08127
1 0.964375 0.7358333333333333 0.04875 0.07166666666666667