0 0.611125 0.32633666666666666 0.082745 0.11827333333333333
0 0.48198250000000004 0.27806 0.08379 0.08843666666666666
0 0.9049674999999999 0.48616 0.07173 0.11399333333333334
0 0.1825925 0.13759666666666667 0.050875 0.043046666666666664
0 0.113915 0.22128333333333333 0.072475 0.06238
0 0.3541125 0.13522333333333333 0.056525 0.05686
0 0.218855 0.24734333333333333 0.1000175 0.08201333333333333
0 0.7322225 0.2563933333333333 0.084795 0.07039999999999999
0 0.6285449999999999 0.18034999999999998 0.102545 0.06485666666666666
0 0.2563475 0.11455 0.049909999999999996 0.041286666666666666
1 0.3811675 0.7610033333333334 0.1097625 0.13868
0 0.5630525 0.14564 0.05525 0.04799666666666667
0 0.52285 0.12029000000000001 0.06393 0.04537666666666666
1 0.5373300000000001 0.32117999999999997 0.0539775 0.05803333333333333
0 0.25953250000000005 0.7308866666666666 0.17652500000000002 0.3059
1 0.5128575 0.82966 0.12513249999999998 0.13792
0 0.4670625 0.08208333333333333 0.050135 0.03479333333333333
0 0.0441625 0.22716333333333333 0.0581725 0.051383333333333336
0 0.9245575 0.9658633333333334 0.1257825 0.06368666666666667
0 0.4927225 0.09872666666666667 0.055997500000000006 0.03622
0 0.1310675 0.14230666666666666 0.04056 0.03157
1 0.68032 0.37533333333333335 0.05602 0.05727333333333333
0 0.093095 0.14733000000000002 0.04229 0.04090333333333333
0 0.41792 0.06474666666666667 0.039645 0.026723333333333335
0 0.24132 0.08121 0.03159 0.02502
0 0.01758 0.22301666666666664 0.032314999999999997 0.04702
0 0.36491250000000003 0.07506333333333333 0.03225 0.026680000000000002
1 0.6577799999999999 0.21725666666666665 0.046497500000000004 0.03750666666666667
1 0.6445375 0.9092033333333334 0.11571250000000001 0.13193666666666667
0 0.30071499999999995 0.07329333333333334 0.041945 0.029746666666666664
1 0.76352 0.9590866666666668 0.11069 0.07136666666666666
1 0.31133 0.12444666666666666 0.03624 0.027833333333333335
1 0.98017 0.5884266666666667 0.039659999999999994 0.06502333333333334
0 0.13205 0.10718000000000001 0.0231125 0.019020000000000002
0 0.15747 0.11886333333333332 0.036457500000000004 0.02547
0 0.377925 0.04598333333333333 0.0349825 0.022106666666666663
1 0.8214575 0.45006333333333337 0.0576025 0.054816666666666666
1 0.941875 0.56 0.04875 0.10666666666666667
1 0.680625 0.24333333333333335 0.04375 0.05
1 0.17 0.2425 0.025 0.025
1 0.139375 0.24833333333333332 0.03125 0.03333333333333333
1 0.07625 0.23583333333333334 0.0375 0.041666666666666664
1 0.31375 0.15166666666666667 0.0225 0.03
1 0.27875 0.14416666666666667 0.0375 0.021666666666666667
1 0.24125 0.14583333333333334 0.035 0.03166666666666667