0 0.144975 0.6223766666666667 0.169435 0.13832
0 0.20335499999999998 0.49287 0.1726975 0.12666666666666668
0 0.73249 0.34151 0.17465250000000002 0.10843333333333334
0 0.8089400000000001 0.72326 0.2173525 0.14306
0 0.260895 0.29736 0.13369499999999998 0.08742333333333333
0 0.7619625 0.43372333333333335 0.16060249999999998 0.10415666666666668
0 0.29127749999999997 0.23276999999999998 0.1321375 0.06700666666666667
0 0.70431 0.26699666666666666 0.12381 0.06357333333333333
0 0.6801849999999999 0.21457333333333334 0.1196425 0.06032333333333333
1 0.278055 0.39767 0.1207525 0.07931666666666666
0 0.6731425000000001 0.17438666666666666 0.1049675 0.05043333333333334
1 0.155 0.8258333333333333 0.1325 0.135
1 0.735625 0.5883333333333334 0.11125 0.10666666666666667
1 0.75625 0.9225 0.15 0.12166666666666667
1 0.361875 0.20166666666666666 0.06625 0.056666666666666664