0 0.6785175 0.61167 0.1777475 0.20455666666666666
0 0.1510125 0.48291 0.0842675 0.11871666666666666
0 0.3443725 0.35247 0.08766249999999999 0.09330666666666668
0 0.2832625 0.39082 0.08319 0.08856333333333333
0 0.3915575 0.32949333333333336 0.0744475 0.07593333333333334
0 0.434955 0.30428333333333335 0.076265 0.07518666666666667
0 0.75013 0.45868666666666663 0.10821 0.09949333333333334
0 0.4697325 0.28668666666666665 0.06917 0.06382333333333333
0 0.5102099999999999 0.2710033333333333 0.0687775 0.06336333333333334
0 0.0802175 0.5216666666666666 0.070235 0.09782666666666667
0 0.7310325 0.5427833333333333 0.11347750000000001 0.12058333333333333
0 0.7614 0.3916166666666666 0.0942375 0.07959000000000001
0 0.5501825 0.7044333333333334 0.1523025 0.25488666666666665
0 0.026782499999999997 0.5761033333333333 0.053564999999999995 0.14521
0 0.555805 0.25871333333333335 0.05664 0.049646666666666665
0 0.6349325 0.22546333333333332 0.0507075 0.04529333333333333
0 0.590625 0.24677 0.05597 0.05501666666666667
0 0.7603624999999999 0.4286833333333333 0.1005475 0.10627