0 0.7693875 0.41021 0.0977875 0.17329666666666665
0 0.73758 0.21856333333333336 0.0635225 0.08082
0 0.5890650000000001 0.36514 0.1060675 0.17283
0 0.49507 0.3353333333333333 0.10108249999999999 0.14518333333333333
0 0.35719 0.2993133333333334 0.10773 0.14137333333333332
0 0.7991975 0.24630999999999997 0.057075 0.08398333333333333
0 0.3889475 0.5502966666666667 0.153125 0.21988666666666665
0 0.5235125 0.18529666666666667 0.055002499999999996 0.058870000000000006
0 0.217985 0.27958333333333335 0.098275 0.10454333333333334
1 0.677155 0.40855 0.0813125 0.08004
0 0.6566575 0.6080033333333333 0.139845 0.2891566666666667
0 0.794045 0.6655833333333333 0.1346725 0.32108333333333333
0 0.2898025 0.5141333333333333 0.14742750000000002 0.26239666666666667
1 0.5312025 0.58566 0.1069025 0.13427333333333333
0 0.42807999999999996 0.17759999999999998 0.0703925 0.05565333333333334
0 0.105715 0.40517333333333333 0.10210250000000001 0.14627
0 0.851885 0.4338733333333333 0.07767 0.14455666666666667
0 0.07449750000000001 0.31273666666666666 0.0570725 0.054816666666666666
0 0.637115 0.16019666666666665 0.039715 0.05044333333333334
0 0.2134375 0.4673366666666667 0.13713999999999998 0.17726666666666666
0 0.254705 0.15847333333333333 0.043835 0.04269
0 0.024785 0.3679866666666667 0.046494999999999995 0.06018
1 0.47875999999999996 0.19344666666666668 0.03453 0.033236666666666664
0 0.1741125 0.4293633333333333 0.11248000000000001 0.12308666666666666
1 0.4293775 0.34451333333333334 0.0520125 0.06268666666666667
1 0.63085 0.20995333333333333 0.038645000000000006 0.031939999999999996
1 0.6798500000000001 0.22062333333333334 0.0399075 0.037546666666666666
1 0.5758125 0.20346 0.040737499999999996 0.030093333333333333
0 0.2971875 0.13382666666666668 0.0487975 0.036166666666666666
0 0.9777675 0.3385433333333333 0.0444625 0.09766000000000001
1 0.59597 0.16299666666666668 0.036005 0.02671666666666667
0 0.3320675 0.11427999999999999 0.045869999999999994 0.03433666666666667
0 0.4988125 0.10029333333333333 0.0355325 0.03376333333333333
1 0.28551499999999996 0.32996 0.0524325 0.04953666666666667
1 0.5331425000000001 0.11127333333333334 0.0260075 0.020463333333333333
1 0.880625 0.6833333333333333 0.09875 0.18
1 0.683125 0.17916666666666667 0.03375 0.041666666666666664
1 0.506875 0.1525 0.04625 0.028333333333333332
1 0.395625 0.1875 0.04125 0.03833333333333333
1 0.251875 0.30916666666666665 0.04125 0.055