0 0.255795 0.3038166666666667 0.1207275 0.11531333333333334
0 0.8011174999999999 0.6246833333333334 0.21056 0.19081333333333336
0 0.7040325000000001 0.29484 0.1212075 0.09481333333333333
0 0.4747925 0.6836833333333334 0.2470525 0.27820333333333336
0 0.26103 0.22194666666666668 0.07292 0.06466999999999999
0 0.1985025 0.3686933333333333 0.0851075 0.10825666666666665
0 0.839055 0.43573333333333336 0.1273775 0.13340666666666667
0 0.27660500000000005 0.8705533333333333 0.22294 0.2588933333333333
0 0.6915775 0.8900133333333333 0.231015 0.18942333333333333
0 0.30758749999999996 0.1902633333333333 0.0648375 0.06245
0 0.433015 0.19415666666666667 0.089405 0.07268333333333334
0 0.8389774999999999 0.3576833333333333 0.1212025 0.07217333333333334
0 0.0631225 0.37476666666666664 0.0650875 0.09431666666666666
0 0.35226 0.16531333333333334 0.061509999999999995 0.05108
1 0.5984075 0.48311666666666664 0.0808625 0.06503
0 0.8653150000000001 0.25018 0.0886575 0.06798333333333333
0 0.3927875 0.13839333333333334 0.06861750000000001 0.05255
0 0.08873 0.47090000000000004 0.0610025 0.11941333333333333
0 0.1084575 0.23276 0.0470175 0.06078333333333333
0 0.15834499999999999 0.29771333333333333 0.067565 0.0731
0 0.785755 0.17420333333333335 0.071025 0.047376666666666664
1 0.7154725 0.74054 0.1032525 0.08891666666666667
1 0.5356974999999999 0.5875566666666667 0.0963025 0.08166333333333334
0 0.57259 0.11383666666666667 0.0791425 0.043366666666666664
0 0.021655 0.43511999999999995 0.04331 0.11070333333333333
0 0.45568000000000003 0.10968333333333334 0.06358 0.048429999999999994
0 0.7447 0.20509666666666665 0.08699 0.06132666666666666
0 0.257915 0.13759666666666667 0.036065 0.036103333333333334
1 0.6448075 0.41258333333333336 0.0685125 0.05676333333333333
1 0.7974600000000001 0.5164766666666667 0.06695000000000001 0.055496666666666666
0 0.1440975 0.20799333333333334 0.0491775 0.04946
0 0.0555825 0.27904666666666667 0.040310000000000006 0.06169666666666667
0 0.730615 0.2513533333333333 0.09398000000000001 0.07186333333333333
1 0.669695 0.3482066666666666 0.0558225 0.048606666666666666
1 0.316175 0.27834666666666663 0.0378125 0.03549
0 0.31939 0.09999333333333334 0.037645000000000005 0.03828333333333333
1 0.042065 0.5436 0.053115 0.06257
1 0.37548750000000003 0.24906333333333336 0.0494325 0.04278
0 0.4024875 0.07181333333333333 0.033395 0.028650000000000002
0 0.45568000000000003 0.04711666666666667 0.041467500000000004 0.03181333333333333
0 0.018260000000000002 0.31797666666666663 0.032765 0.06611666666666667
0 0.28808999999999996 0.11529 0.041185 0.03911666666666667
0 0.5701775 0.06314333333333333 0.0459125 0.027966666666666667
0 0.34982 0.09119666666666666 0.0413025 0.035133333333333336
1 0.4877925 0.16169 0.03811 0.02899
1 0.52328 0.14884666666666668 0.0334625 0.02666
0 0.4255925 0.05724333333333333 0.0358375 0.029949999999999997
0 0.3742375 0.08020333333333333 0.0362575 0.030016666666666667
1 0.16 0.9516666666666667 0.1 0.09666666666666666
1 0.549375 0.13166666666666665 0.02625 0.03666666666666667
1 0.836875 0.3175 0.04625 0.058333333333333334
1 0.848125 0.2866666666666667 0.03875 0.05333333333333334
1 0.223125 0.17416666666666666 0.04125 0.03166666666666667