0 0.615085 0.4150366666666666 0.11713 0.19974333333333333
0 0.403555 0.55883 0.18347249999999998 0.2655266666666667
0 0.5147849999999999 0.36910333333333334 0.11931749999999999 0.15356333333333333
0 0.43410750000000004 0.31738666666666665 0.11609749999999999 0.14542333333333332
0 0.0694975 0.49207666666666666 0.0870175 0.17183333333333334
0 0.3614775 0.29206 0.09766 0.12460666666666667
0 0.2837675 0.4856 0.1681825 0.18125333333333332
0 0.31109 0.26354333333333335 0.092985 0.09424
0 0.6454875 0.16828666666666667 0.0652225 0.07727666666666667
0 0.2653575 0.21747333333333332 0.0965775 0.10394
0 0.5870125 0.15133666666666667 0.06620999999999999 0.06593
0 0.40716250000000004 0.11051 0.0687825 0.05553666666666667
0 0.7545725 0.23125333333333334 0.0539625 0.07171999999999999
0 0.69987 0.19376999999999997 0.063495 0.09817666666666666
0 0.269845 0.10007666666666667 0.053145000000000005 0.04038666666666667
0 0.8731425 0.29639333333333334 0.0570275 0.08583
0 0.816115 0.25698000000000004 0.0602025 0.10019333333333333
0 0.6457875000000001 0.7509433333333333 0.17694749999999998 0.36966333333333334
0 0.2306875 0.12161333333333332 0.042065 0.03816
0 0.4948575 0.14581 0.0948925 0.05211333333333334
0 0.9209075 0.3326433333333333 0.0575075 0.09244333333333332
0 0.09773749999999999 0.22430333333333333 0.049530000000000005 0.04852333333333333
0 0.7463624999999999 0.46194999999999997 0.12919999999999998 0.20595
0 0.2023875 0.14248333333333332 0.04604 0.03773
0 0.34647 0.06238666666666667 0.06679500000000001 0.03792
0 0.3571475 0.054586666666666665 0.052285 0.030343333333333333
1 0.526875 0.6408333333333334 0.12375 0.21166666666666667