0 0.190355 0.5014866666666666 0.106515 0.20048333333333335
0 0.3883725 0.4644533333333333 0.1039475 0.18024666666666667
0 0.4965525 0.4321833333333333 0.10239749999999999 0.18146
0 0.6063275 0.4408566666666666 0.1126575 0.19303666666666666
0 0.278005 0.4802833333333333 0.100225 0.18756333333333336
0 0.6975750000000001 0.45498 0.091435 0.16581666666666667
0 0.10640000000000001 0.51474 0.0984975 0.17781
0 0.7769725 0.44675333333333334 0.09699250000000001 0.17067
0 0.8723825000000001 0.94255 0.1402725 0.1149
0 0.9742625 0.41445666666666664 0.05096 0.09525
0 0.0333125 0.70763 0.066625 0.12780333333333335
0 0.8231475 0.43161999999999995 0.09134250000000001 0.17676
0 0.8974575 0.40802666666666665 0.0865125 0.10388
0 0.9833775 0.8834366666666666 0.0330025 0.17383