0 0.47807 0.4043333333333333 0.1211575 0.13194333333333333
0 0.35933 0.35298666666666667 0.10934 0.09857333333333335
0 0.7108875 0.5788333333333333 0.11385250000000001 0.20716666666666667
0 0.2267125 0.4502333333333334 0.145195 0.12523
0 0.5400775 0.7575433333333333 0.1912375 0.3061833333333333
1 0.357245 0.5697033333333333 0.0968475 0.08129666666666666
0 0.31903 0.3121466666666667 0.08161249999999999 0.06654666666666666
0 0.18153999999999998 0.4054666666666667 0.1243125 0.08744666666666666
0 0.24872 0.27740000000000004 0.0894525 0.08876333333333335
0 0.10564749999999999 0.30728 0.09173999999999999 0.06831333333333334
1 0.43791 0.64275 0.11502 0.10807
1 0.7596900000000001 0.88553 0.1016375 0.13170666666666667
1 0.296485 0.5040033333333334 0.0792375 0.06041666666666667
0 0.16741499999999998 0.24256666666666668 0.0718 0.06131333333333333
1 0.13852 0.33751666666666663 0.050465 0.039586666666666666
1 0.6471575 0.8206733333333334 0.117785 0.13640333333333332
1 0.6196675 0.5709566666666667 0.06699250000000001 0.05747666666666667
0 0.0958875 0.2673466666666667 0.0711875 0.03807
1 0.94509 0.7662433333333334 0.0670325 0.09652666666666666
1 0.0212125 0.7298966666666666 0.038560000000000004 0.07042999999999999
1 0.86 0.935 0.085 0.08666666666666667
1 0.94375 0.9416666666666667 0.07 0.07333333333333333
1 0.875625 0.7266666666666667 0.08125 0.11
1 0.509375 0.5133333333333333 0.07625 0.06666666666666667
1 0.409375 0.3875 0.07375 0.06833333333333333
0 0.808125 0.6325 0.08375 0.20833333333333334