0 0.3047975 0.7237666666666668 0.193795 0.20073000000000002
0 0.8167274999999999 0.46813000000000005 0.1018775 0.12300333333333333
0 0.6869850000000001 0.32616 0.11395999999999999 0.10147
0 0.635835 0.2796966666666667 0.10353 0.08233
0 0.25889249999999997 0.47383000000000003 0.14917 0.13972
0 0.25853250000000005 0.38406666666666667 0.13856 0.09281333333333333
1 0.7322525000000001 0.4158633333333333 0.0666675 0.05811
0 0.6350650000000001 0.17226333333333332 0.090845 0.051416666666666666
0 0.2474 0.32516333333333336 0.10219 0.07289
0 0.23970750000000002 0.21580333333333332 0.0826425 0.05618
1 0.3033175 0.5902766666666667 0.0923 0.07136
0 0.24211000000000002 0.2700066666666667 0.0874825 0.06543333333333334
1 0.8588175 0.5805533333333334 0.0805125 0.09810999999999999
1 0.578955 0.26021666666666665 0.047700000000000006 0.037733333333333334
0 0.24503 0.17812333333333333 0.06594499999999999 0.036430000000000004
0 0.241235 0.15449666666666667 0.061259999999999995 0.040709999999999996
0 0.23599 0.13224666666666668 0.0509675 0.036386666666666664
0 0.23297 0.25509333333333334 0.0810575 0.05134333333333333
1 0.605 0.19583333333333333 0.0475 0.041666666666666664