0 0.7436575000000001 0.39419666666666664 0.10168 0.12239333333333334
0 0.2169825 0.46475333333333335 0.1566575 0.10291666666666667
0 0.45766 0.22091333333333332 0.06784 0.06101333333333333
0 0.7799875 0.5072333333333333 0.1109775 0.16201333333333334
0 0.8290625 0.4096633333333333 0.05629 0.078
0 0.127315 0.68691 0.1492525 0.13907333333333335
0 0.29624 0.3421366666666667 0.11741750000000001 0.06992666666666666
0 0.8825375 0.8908999999999999 0.165905 0.2182
0 0.3029775 0.28504 0.09535500000000001 0.057800000000000004
1 0.9193675 0.5473833333333333 0.061817500000000004 0.08708333333333333
1 0.853865 0.53436 0.0667725 0.08115333333333334
0 0.9845975 0.4498433333333333 0.0308025 0.09628333333333335
1 0.9760825 0.5710833333333334 0.047835 0.07592666666666667
1 0.8847425 0.4309433333333333 0.0399 0.04033333333333333
0 0.18656999999999999 0.2127 0.0781075 0.04751666666666667
0 0.5156275 0.04878333333333333 0.0433775 0.03062
1 0.180625 0.5805133333333333 0.08281000000000001 0.06198666666666667
1 0.52098 0.24223666666666668 0.0462725 0.030363333333333336
1 0.650625 0.895 0.12625 0.18333333333333332
1 0.93625 0.8416666666666667 0.0775 0.08
1 0.93875 0.44333333333333336 0.0525 0.06333333333333334
1 0.57625 0.24333333333333335 0.0475 0.05333333333333334
1 0.643125 0.25416666666666665 0.04125 0.03833333333333333
1 0.75875 0.29083333333333333 0.03 0.03166666666666667
1 0.80875 0.3075 0.0275 0.035
1 0.851875 0.3258333333333333 0.02875 0.03833333333333333
1 0.299375 0.39916666666666667 0.06125 0.065