0 0.7241799999999999 0.23292666666666667 0.09516 0.09836333333333333
0 0.128445 0.39775 0.0947875 0.10305666666666667
1 0.6663825000000001 0.35902666666666666 0.0744275 0.06852333333333332
1 0.5882375 0.31492666666666663 0.06319 0.05326666666666667
1 0.5224475 0.28463666666666665 0.05372 0.047459999999999995
1 0.7553300000000001 0.4087266666666667 0.080645 0.07648666666666668
1 0.8450599999999999 0.45776999999999995 0.084345 0.08610666666666666
1 0.6614875 0.22265000000000001 0.051755 0.039656666666666666
1 0.60534 0.1971966666666667 0.0482125 0.033813333333333334
1 0.4673 0.25937333333333334 0.0441125 0.038239999999999996
1 0.37902749999999996 0.84354 0.1076525 0.10192333333333332
1 0.796825 0.2830533333333333 0.0582775 0.05288999999999999
0 0.2729225 0.12742333333333333 0.057225 0.04713666666666667
1 0.7492424999999999 0.11814999999999999 0.032455 0.02686
1 0.7965525 0.13809 0.0313325 0.026906666666666666
1 0.2941225 0.7442 0.0864375 0.08124666666666668
1 0.8688674999999999 0.3265533333333333 0.06709999999999999 0.06075
1 0.8418475 0.15679333333333334 0.035225 0.034166666666666665
1 0.553785 0.18583 0.041772500000000004 0.02571
1 0.70689 0.10333 0.03261 0.021813333333333334
1 0.42328750000000004 0.24161333333333335 0.03701 0.029623333333333335
1 0.24210749999999998 0.6492533333333333 0.060164999999999996 0.06170333333333334
1 0.50256 0.9357466666666666 0.12055500000000001 0.12850666666666666
1 0.6614675 0.09458 0.0291025 0.021686666666666667
1 0.628255 0.08757666666666668 0.027877500000000003 0.019039999999999998
1 0.38863 0.22161 0.034055 0.02672666666666667
1 0.890555 0.18065333333333333 0.0324475 0.03301
1 0.5078075 0.16489 0.0370975 0.02367
1 0.556155 0.07538333333333333 0.026920000000000003 0.020283333333333334
1 0.5870075 0.07800333333333333 0.028675 0.01894
1 0.065985 0.6857033333333333 0.0348525 0.055913333333333336
1 0.4696825 0.15546333333333334 0.03049 0.01906333333333333
1 0.15736250000000002 0.47535999999999995 0.0353825 0.03882666666666667
1 0.3525575 0.21611000000000002 0.028995 0.022613333333333336
1 0.2029225 0.58649 0.048722499999999995 0.05395666666666667
1 0.18736750000000002 0.5120833333333333 0.036712499999999995 0.03852666666666667
1 0.082955 0.7565666666666666 0.038665 0.05881666666666666
1 0.3236275 0.20722666666666664 0.021575 0.01967
1 0.11125 0.8641666666666666 0.0675 0.07833333333333334
1 0.17 0.9366666666666666 0.0775 0.10333333333333333
1 0.4175 0.1575 0.0275 0.025
1 0.295625 0.20583333333333334 0.02875 0.018333333333333333
1 0.069375 0.5991666666666666 0.04375 0.051666666666666666
1 0.06875 0.5433333333333333 0.03 0.043333333333333335
1 0.045 0.5291666666666667 0.0225 0.035
1 0.0525 0.4791666666666667 0.0175 0.025