0 0.0862025 0.8815166666666667 0.172405 0.23496999999999998
0 0.2412625 0.46717 0.1163425 0.14722333333333334
0 0.74474 0.6609233333333333 0.1374275 0.28803666666666666
0 0.4933925 0.5717 0.1493225 0.23953000000000002
0 0.17131 0.45532333333333336 0.10229250000000001 0.14953
1 0.3950675 0.5622466666666667 0.0906825 0.09250666666666665
0 0.46215249999999997 0.16837 0.0493575 0.05171
1 0.31588 0.53058 0.07488500000000001 0.08375666666666667
0 0.9536525 0.4017166666666667 0.0908875 0.061623333333333336
0 0.9675675 0.6901900000000001 0.063 0.22696
0 0.9136325000000001 0.32879 0.0713425 0.05825333333333333
0 0.9671925 0.4623066666666667 0.06315 0.07848666666666666
0 0.501445 0.17169333333333334 0.0503525 0.04865666666666667
1 0.604375 0.6575 0.10875 0.13166666666666665
1 0.48875 0.30416666666666664 0.06 0.06833333333333333
1 0.913125 0.3566666666666667 0.05125 0.07