0 0.57036 0.31132 0.093125 0.08061333333333333
0 0.63313 0.73484 0.20446999999999999 0.31379999999999997
0 0.2097125 0.8894633333333333 0.13644499999999998 0.2111833333333333
0 0.43820749999999997 0.3450466666666667 0.088675 0.09242333333333333
0 0.8848475 0.9020199999999999 0.20738 0.19596
0 0.3458275 0.2895 0.061649999999999996 0.07632
0 0.5003575 0.24198333333333336 0.06808750000000001 0.06911333333333333
0 0.1049825 0.36740333333333336 0.06251 0.0924
0 0.28214 0.3827433333333333 0.0727675 0.10589333333333334
0 0.5470425 0.23161333333333334 0.053697499999999995 0.057596666666666664
0 0.5910625 0.22045 0.06619 0.06133333333333333
0 0.2051925 0.41708666666666666 0.07405500000000001 0.10303333333333334
0 0.071565 0.47933333333333333 0.08395749999999999 0.11483666666666667
0 0.66718 0.29007666666666665 0.08328 0.06306333333333333
0 0.16220500000000002 0.35119666666666666 0.0630475 0.08614666666666666
0 0.44959249999999995 0.25540333333333337 0.05518 0.06304
0 0.40503500000000003 0.26922666666666667 0.0521475 0.06584666666666666
0 0.7837124999999999 0.5891 0.161045 0.23779
0 0.27624 0.29483 0.059755 0.06681000000000001
0 0.511845 0.15425666666666665 0.0452925 0.04078333333333333
0 0.46711 0.15769 0.04734 0.038623333333333336
0 0.164835 0.2451066666666667 0.0349925 0.046003333333333334
0 0.22173500000000002 0.32281 0.05152 0.07320666666666667
1 0.36376 0.3807833333333333 0.05765 0.057093333333333336
0 0.407485 0.17023 0.044985 0.03843666666666667
0 0.25882499999999997 0.21346333333333334 0.045262500000000004 0.04890666666666667
0 0.31151 0.19303333333333333 0.036102499999999996 0.04289
0 0.6567725 0.35494666666666663 0.07789 0.09221
0 0.5529075 0.14712999999999998 0.0500025 0.04242
0 0.1211975 0.2606566666666667 0.04944 0.050846666666666665
0 0.8335225 0.2599533333333333 0.0755 0.06038333333333334
0 0.0881 0.28181333333333336 0.032965 0.046393333333333335
1 0.4966225 0.8314833333333332 0.1176075 0.14035666666666666
0 0.633805 0.22290000000000001 0.0554125 0.04759
1 0.35852999999999996 0.8797433333333333 0.11927 0.14987
0 0.9759325 0.4037066666666666 0.048135 0.08675333333333334
0 0.031605 0.31342333333333333 0.048955 0.06501666666666667
0 0.0270275 0.9030133333333333 0.051875 0.19397333333333333
1 0.15107749999999998 0.45888333333333337 0.04458 0.06729333333333333
1 0.49909 0.33713666666666664 0.044719999999999996 0.04284
1 0.7043674999999999 0.6655 0.0810425 0.10814666666666667
0 0.8942875 0.26032666666666665 0.050575 0.043576666666666666
0 0.7604725 0.21056333333333335 0.053252499999999994 0.03828
1 0.1056275 0.9338533333333333 0.08355 0.11687
1 0.9722825 0.77931 0.0546425 0.08337333333333334
1 0.9167025 0.84169 0.057640000000000004 0.10858999999999999
0 0.59514 0.15056 0.040494999999999996 0.03647666666666667
0 0.7076224999999999 0.2787766666666667 0.0633875 0.05910666666666666
0 0.013792500000000001 0.5156766666666667 0.0244975 0.08693000000000001
1 0.8425 0.5641666666666667 0.06 0.095
1 0.03625 0.4325 0.045 0.045
1 0.059375 0.30666666666666664 0.04125 0.05
1 0.205625 0.24166666666666667 0.04875 0.03666666666666667