0 0.5975325 0.68955 0.197505 0.20000666666666667
0 0.2670875 0.56588 0.1902925 0.15793000000000001
0 0.6595075 0.8401733333333333 0.2107175 0.23761000000000002
0 0.5326325000000001 0.5716366666666667 0.17694 0.14513333333333334
0 0.49439999999999995 0.47213333333333335 0.1664125 0.12617333333333333
0 0.91144 0.8971533333333334 0.1215275 0.20569333333333334
0 0.858 0.4842966666666667 0.1121375 0.11051333333333334
0 0.6675725 0.32665333333333335 0.0792925 0.061816666666666666
0 0.42713999999999996 0.41916000000000003 0.1231775 0.08820666666666667
0 0.3922425 0.33925333333333335 0.1162475 0.0716
0 0.3840225 0.27967333333333333 0.1227775 0.05182333333333333
0 0.7147175 0.31404 0.0726275 0.06128
0 0.10249 0.28051 0.06818250000000001 0.056306666666666665
1 0.24442750000000002 0.5044766666666667 0.0886275 0.05275333333333333
1 0.265355 0.30104 0.07278 0.04085
0 0.2516775 0.25855 0.10574 0.06976666666666667
1 0.40989749999999997 0.38941333333333333 0.090605 0.045873333333333335
1 0.0328125 0.45967 0.04372 0.03873
0 0.2297075 0.42939000000000005 0.1575175 0.11373
1 0.018415 0.5016033333333333 0.03683 0.04258666666666667
1 0.28125 0.7208333333333333 0.0975 0.11166666666666666
1 0.329375 0.8716666666666667 0.10625 0.12666666666666668
1 0.03875 0.425 0.0325 0.02666666666666667
1 0.061875 0.3858333333333333 0.03375 0.028333333333333332
1 0.074375 0.35833333333333334 0.02375 0.03