0 0.7184625 0.44475666666666663 0.08702 0.15448333333333333
0 0.49319999999999997 0.34256000000000003 0.1016075 0.12906666666666666
1 0.6307275 0.44367666666666666 0.0775075 0.06454333333333333
0 0.42366750000000003 0.32467666666666667 0.08816500000000001 0.09782333333333335
0 0.8063224999999999 0.47859999999999997 0.09261 0.19805999999999999
0 0.1971875 0.25923666666666667 0.086715 0.08392333333333334
0 0.13947 0.2529633333333333 0.0658025 0.05568666666666667
1 0.54943 0.4090766666666667 0.07819499999999999 0.06257666666666667
0 0.88063 0.5368933333333333 0.06745749999999999 0.12420666666666667
0 0.9759025 0.8881733333333334 0.042475 0.13869333333333334
0 0.2547225 0.26911 0.08072 0.08374
0 0.9383875 0.5741166666666666 0.069975 0.14875333333333332
0 0.023465 0.5370199999999999 0.046927500000000004 0.10377666666666666
1 0.3674775 0.32963333333333333 0.047877499999999996 0.05228666666666667
0 0.29403500000000005 0.2820766666666667 0.06438500000000001 0.08451333333333333
0 0.0946125 0.23804666666666666 0.061865 0.05319
0 0.9863624999999999 0.5877533333333333 0.0267175 0.16272666666666666
0 0.34901 0.28905666666666663 0.049775 0.08127