0 0.6946775000000001 0.5925966666666667 0.17994749999999998 0.16966333333333333
0 0.6314624999999999 0.7246033333333333 0.200875 0.23082000000000003
0 0.717145 0.4831233333333333 0.1597575 0.12210666666666667
0 0.65315 0.2651966666666667 0.077625 0.08720333333333334
0 0.47721749999999996 0.24465333333333333 0.1063225 0.07855000000000001
1 0.5131475000000001 0.8353200000000001 0.13316999999999998 0.11427
1 0.41979500000000003 0.28359666666666666 0.05948 0.04205333333333333
0 0.9306825 0.6932333333333333 0.0912875 0.24855999999999998
1 0.5944674999999999 0.2521466666666667 0.050485 0.03666
1 0.304375 0.37916666666666665 0.08375 0.055
1 0.236875 0.4191666666666667 0.10125 0.058333333333333334
1 0.171875 0.5058333333333334 0.08125 0.08833333333333333
1 0.1 0.5816666666666667 0.0825 0.11666666666666667
1 0.03 0.655 0.06 0.15
1 0.699375 0.4175 0.05625 0.035