0 0.565945 0.39126666666666665 0.135995 0.13918333333333333
0 0.47339499999999995 0.29756 0.10666500000000001 0.08595000000000001
0 0.7178875 0.2243166666666667 0.054615000000000004 0.045989999999999996
0 0.31811 0.20359 0.0757 0.05468666666666667
0 0.2798725 0.18112333333333333 0.0718675 0.048576666666666664
1 0.713545 0.5393966666666666 0.08978749999999999 0.08095333333333334
0 0.953345 0.75854 0.09089 0.27170666666666665
1 0.641925 0.46538666666666667 0.08086 0.06329
0 0.109515 0.20865666666666668 0.0502275 0.03835
1 0.6659400000000001 0.32849333333333336 0.056655000000000004 0.04322333333333333
1 0.606995 0.29821333333333333 0.051625 0.03234
1 0.77999 0.4095333333333333 0.072525 0.06110666666666666
0 0.571545 0.12845666666666666 0.049729999999999996 0.035796666666666664
1 0.3677825 0.24188666666666667 0.03897 0.022863333333333336
1 0.272245 0.81941 0.1249275 0.10368333333333334
1 0.871125 0.70448 0.0764725 0.09484333333333332
0 0.70645 0.13420333333333334 0.030920000000000003 0.02483666666666667
1 0.5153525 0.3495666666666667 0.060245 0.04411
1 0.6454175 0.19669333333333336 0.031735 0.021066666666666668
1 0.5591525 0.26695 0.043175 0.030546666666666666
1 0.7143400000000001 0.37135999999999997 0.051935 0.047196666666666665
1 0.5301475 0.23984666666666665 0.041667499999999996 0.02397666666666667
1 0.41203500000000004 0.29402 0.0413525 0.030699999999999998
1 0.3716425 0.93858 0.1274275 0.09065
1 0.963505 0.5946899999999999 0.0600575 0.07181666666666667
1 0.16066249999999999 0.5173533333333333 0.09633499999999999 0.06216666666666667
0 0.7789575 0.22350333333333333 0.0470375 0.04677
0 0.3387075 0.14735333333333334 0.05651 0.03561
0 0.18452000000000002 0.20493666666666666 0.038767499999999996 0.04268333333333334
1 0.67344 0.21614 0.03578 0.024606666666666666
1 0.14689750000000001 0.45904333333333336 0.079375 0.05734
0 0.4772925 0.11647333333333335 0.0585325 0.039483333333333336
0 0.6779974999999999 0.1742 0.042015000000000004 0.03589333333333333
1 0.61748 0.18075 0.032409999999999994 0.01787
1 0.3925275 0.26327 0.0343625 0.02011
1 0.90543 0.5556733333333334 0.06491 0.06783
1 0.35538749999999997 0.23152333333333336 0.0407475 0.028180000000000004
1 0.1872825 0.5908266666666667 0.11344 0.08688333333333333
1 0.473835 0.22693666666666665 0.0419625 0.02735
1 0.20898750000000002 0.7019733333333333 0.119215 0.08981666666666667
0 0.22192250000000002 0.14270000000000002 0.051165 0.03318
1 0.14398 0.41102 0.053317500000000004 0.038976666666666666
1 0.130625 0.37333333333333335 0.03875 0.03
1 0.12375 0.3458333333333333 0.0225 0.028333333333333332
1 0.118125 0.3233333333333333 0.02375 0.02666666666666667
1 0.11375 0.30333333333333334 0.02 0.02
1 0.439375 0.20416666666666666 0.02125 0.025
1 0.8325 0.31333333333333335 0.04 0.07
1 0.87375 0.35 0.0425 0.07333333333333333
1 0.91875 0.3883333333333333 0.0475 0.07
1 0.959375 0.41833333333333333 0.03625 0.08
1 0.8525 0.465 0.07 0.08333333333333333
0 0.80125 0.59 0.1025 0.25333333333333335