0 0.63048 0.29596666666666666 0.12178 0.11849666666666667
0 0.5644525 0.5665466666666668 0.1641825 0.1928166666666667
0 0.66374 0.5036999999999999 0.15116749999999998 0.20442333333333332
0 0.35528750000000003 0.43048333333333333 0.11211 0.16583666666666666
0 0.466755 0.6657633333333334 0.1846575 0.27732666666666667
0 0.2388525 0.7786900000000001 0.1566525 0.3269566666666667
0 0.5122975 0.35085999999999995 0.12663249999999998 0.15398
0 0.19897499999999999 0.5072866666666667 0.11475 0.21001
0 0.1016725 0.57781 0.1125675 0.22196666666666665
0 0.7311525 0.26787333333333335 0.0798225 0.07562666666666666
0 0.536145 0.14321 0.06686 0.05732
0 0.7596849999999999 0.4160533333333334 0.1315175 0.13424333333333333
0 0.469745 0.16538333333333333 0.069845 0.06535333333333333
0 0.1232675 0.85184 0.1442525 0.29632000000000003
0 0.30364749999999996 0.11894666666666666 0.0322275 0.038536666666666664
0 0.184535 0.2775666666666667 0.054335 0.08347333333333333
0 0.8159875 0.3811033333333333 0.0981425 0.09225666666666667
0 0.2671075 0.24228000000000002 0.06264 0.07012666666666667
0 0.097675 0.28362666666666664 0.04714 0.06642333333333333
0 0.0625075 0.24173666666666668 0.0376825 0.04620333333333334
1 0.32579 0.22926666666666665 0.039244999999999995 0.03869666666666667
0 0.710005 0.15245333333333333 0.049092500000000004 0.042126666666666666
0 0.021670000000000002 0.3421666666666667 0.041235 0.08213
1 0.1388925 0.32178333333333337 0.0389925 0.04292666666666667
0 0.035777500000000004 0.8743433333333334 0.07155500000000001 0.24912
1 0.4461225 0.40695666666666663 0.059855 0.060706666666666666
1 0.3619375 0.19433333333333333 0.041107500000000005 0.03672333333333334
1 0.0914525 0.3493966666666667 0.0364875 0.04052
1 0.6910425 0.30266333333333334 0.040945 0.043923333333333335
0 0.9613075 0.9541466666666667 0.07738249999999999 0.08498333333333333
1 0.2301075 0.26908 0.029845 0.040819999999999995
0 0.0286925 0.26270666666666664 0.042345 0.05088666666666666
1 0.4232725 0.19592 0.0360625 0.033916666666666664
1 0.58438 0.34123333333333333 0.049675 0.048209999999999996
1 0.0429575 0.66607 0.0668975 0.08736666666666668
0 0.33102 0.11531999999999999 0.0333675 0.02902
0 0.053155 0.2009466666666667 0.023600000000000003 0.027290000000000002
1 0.304375 0.19416666666666665 0.03375 0.041666666666666664
1 0.13625 0.27416666666666667 0.0325 0.035
1 0.040625 0.39416666666666667 0.05125 0.045
1 0.385 0.17083333333333334 0.0375 0.028333333333333332