0 0.359485 0.28203666666666666 0.16314250000000002 0.09732666666666667
0 0.3963525 0.22014333333333333 0.1278325 0.07630666666666666
0 0.29808999999999997 0.3636566666666667 0.15678999999999998 0.11566000000000001
0 0.4033925 0.16806333333333334 0.1154 0.060820000000000006
1 0.182275 0.8148033333333333 0.166035 0.10422000000000001
0 0.534065 0.15963666666666668 0.07255 0.09527666666666666
0 0.8004600000000001 0.5288499999999999 0.13166 0.12413666666666667
1 0.778005 0.8869766666666666 0.155565 0.10202
0 0.1319475 0.8892800000000001 0.20178749999999998 0.21445666666666666
0 0.25399 0.5007133333333333 0.1849925 0.14629666666666666
0 0.7619025 0.3318566666666667 0.11867 0.07986333333333333
1 0.2087775 0.6610233333333333 0.14055 0.10331333333333333
0 0.5313875 0.02746 0.0656875 0.04314333333333333
0 0.79125 0.42833333333333334 0.1575 0.15333333333333332
0 0.73375 0.195 0.125 0.08666666666666667
0 0.45625 0.11083333333333334 0.0975 0.058333333333333334
0 0.693125 0.08166666666666667 0.07125 0.06333333333333334