0 0.5346009389671361 0.5089791666666666 0.09958920187793427 0.2203125
0 0.45016431924882633 0.47975 0.10586854460093897 0.2219375
0 0.1955281690140845 0.8704375 0.15355633802816904 0.259125
0 0.2771596244131455 0.4522083333333333 0.11684272300469484 0.22860416666666666
0 0.3266549295774648 0.9024791666666666 0.14091549295774647 0.19502083333333334
0 0.7299647887323943 0.17147916666666668 0.06152582159624413 0.12125000000000001
0 0.07471830985915492 0.4620208333333334 0.14291079812206572 0.3895208333333333
0 0.7724882629107981 0.9166875 0.11869718309859155 0.16624999999999998
0 0.7136737089201878 0.5520625 0.09387323943661972 0.19622916666666665
0 0.6696948356807513 0.035229166666666666 0.056302816901408446 0.065
0 0.9240492957746479 0.04752083333333333 0.08427230046948357 0.0555625
0 0.8746948356807512 0.8856666666666667 0.10321596244131455 0.2286875
1 0.6169248826291079 0.5787916666666667 0.0750586854460094 0.09279166666666666
0 0.9857042253521128 0.05395833333333333 0.02860328638497653 0.04472916666666667
0 0.03288732394366197 0.6591666666666666 0.0654225352112676 0.23514583333333333
1 0.36678403755868544 0.5052083333333334 0.07461267605633803 0.15327083333333333