0 0.7183166666666666 0.5936475 0.09821666666666666 0.072265
0 0.11512333333333334 0.548765 0.07118 0.071565
0 0.7714200000000001 0.9231725000000001 0.2643433333333333 0.14557
0 0.7873933333333333 0.5828225 0.10042 0.070335
0 0.6356766666666667 0.6110425 0.12235333333333333 0.0673975
0 0.4031466666666667 0.5175125 0.06262999999999999 0.055442500000000006
0 0.4640533333333334 0.5056925 0.07693 0.05682
0 0.19796333333333332 0.5424175 0.07122 0.060277500000000005
0 0.028113333333333334 0.5581775 0.05622666666666667 0.07013
0 0.27324333333333334 0.52707 0.08465 0.07587999999999999
0 0.34424333333333335 0.5208225 0.07732333333333333 0.06512749999999999
0 0.7269233333333334 0.4809975 0.07116666666666667 0.0551425
0 0.11283333333333333 0.7081775 0.11831333333333333 0.0929425
0 0.6660066666666666 0.48939499999999997 0.05201 0.040525
0 0.5754066666666666 0.49694 0.07764 0.050845
0 0.9058866666666666 0.4662525 0.09177 0.0496575
0 0.8643466666666667 0.5743475 0.11861333333333332 0.0692025
0 0.7936666666666666 0.47304250000000003 0.06710666666666666 0.045392499999999995
0 0.6263933333333334 0.495105 0.048793333333333334 0.038064999999999995
1 0.5229866666666667 0.5214624999999999 0.04047666666666667 0.041935
0 0.8335899999999999 0.47114 0.07155666666666666 0.0449975
0 0.2575 0.6525 0.175 0.135