0 0.665296875 0.6907916666666666 0.061953125 0.11451041666666667
0 0.056914062499999994 0.8844479166666667 0.0741953125 0.14877083333333332
0 0.195859375 0.6915416666666666 0.098421875 0.10854166666666668
0 0.26360937500000003 0.46787500000000004 0.052523437500000006 0.09609375
0 0.3549765625 0.7133541666666667 0.052734375 0.11429166666666667
0 0.56721875 0.6895520833333334 0.056523437499999996 0.11491666666666665
0 0.296296875 0.7168645833333334 0.06035937500000001 0.11786458333333334
0 0.94171875 0.7743749999999999 0.0574453125 0.1119375
0 0.9001015625000001 0.5858541666666667 0.0827578125 0.07227083333333333
0 0.6630703125 0.45767708333333335 0.042960937500000004 0.08936458333333334
0 0.6149765625 0.463875 0.048570312500000004 0.09506250000000001
0 0.709984375 0.46322916666666664 0.051664062499999996 0.10112499999999999
0 0.4076015625 0.6971875 0.047281250000000004 0.11603125
0 0.8757187500000001 0.40578125000000004 0.08920312500000001 0.066125
0 0.090421875 0.7064895833333333 0.08003125 0.11967708333333334
0 0.784 0.35893749999999996 0.0797734375 0.06427083333333333
0 0.46237500000000004 0.699875 0.0439921875 0.11712499999999999
0 0.7803046874999999 0.70178125 0.05892968750000001 0.10472916666666668
0 0.314109375 0.4627604166666667 0.0478828125 0.09548958333333334
0 0.5705 0.4625 0.0484296875 0.08921875
0 0.1440234375 0.5729895833333334 0.11685937500000002 0.12307291666666667
0 0.255390625 0.8721145833333334 0.06786718750000001 0.14722916666666666
0 0.4857578125 0.2310104166666667 0.06929687500000001 0.05242708333333333
0 0.3121875 0.8696666666666667 0.0646953125 0.14270833333333333
0 0.18460937500000002 0.8790729166666666 0.0706796875 0.139875
0 0.1274765625 0.8965208333333333 0.0740390625 0.15536458333333333
0 0.7908906250000001 0.22394791666666666 0.07090625 0.04819791666666667
0 0.520609375 0.45969791666666665 0.044078125 0.08578124999999999
0 0.5147265625 0.69525 0.04140625 0.1059375
0 0.40096875 0.20116666666666666 0.0710546875 0.05239583333333333
0 0.8364218749999999 0.8309166666666666 0.069859375 0.11971875000000001
0 0.566390625 0.26536458333333335 0.0610703125 0.04380208333333333
0 0.725265625 0.6864270833333334 0.059210937500000005 0.11664583333333334
0 0.9057812500000001 0.24866666666666667 0.0832109375 0.05546875
0 0.97478125 0.2700625 0.0504375 0.052000000000000005
0 0.514 0.11789583333333334 0.0478203125 0.051625000000000004
0 0.78346875 0.8399166666666668 0.0624453125 0.12310416666666667
0 0.7261328125000001 0.8403020833333333 0.0714921875 0.14620833333333336
0 0.42730468750000006 0.4764583333333333 0.05159375000000001 0.0899375
0 0.966015625 0.9693854166666667 0.06796875 0.059437500000000004
0 0.053453125000000004 0.13514583333333335 0.072328125 0.04846875
0 0.47378125000000004 0.4765416666666667 0.0502109375 0.09153125000000001
1 0.3515625 0.4680104166666667 0.03125 0.09672916666666667
1 0.388390625 0.4680104166666667 0.0424140625 0.09077083333333333
1 0.614953125 0.6875 0.0691953125 0.10416666666666667
1 0.697546875 0.3311041666666667 0.0513359375 0.052083333333333336
1 0.6339296875 0.29910416666666667 0.055804687500000005 0.05059375