0 0.27849218750000004 0.341375 0.0841875 0.11454166666666667
0 0.439359375 0.3660833333333333 0.084234375 0.12352777777777778
0 0.45503906250000004 0.18616666666666665 0.06461718749999999 0.08773611111111111
0 0.7336875 0.028652777777777777 0.047765625 0.05161111111111111
0 0.8250234375 0.03266666666666666 0.0422890625 0.04701388888888889
0 0.204296875 0.20994444444444443 0.07109375 0.07833333333333334
0 0.40657812499999996 0.1802222222222222 0.0540625 0.07327777777777778
0 0.5003515625 0.19341666666666665 0.05923437499999999 0.08822222222222223
0 0.1821796875 0.3120555555555556 0.067859375 0.07930555555555556
0 0.6778203125 0.4326111111111111 0.11444531250000001 0.08869444444444444
0 0.7465546875 0.2413888888888889 0.0873203125 0.04159722222222222
0 0.7824687499999999 0.029111111111111112 0.046156249999999996 0.050305555555555555
0 0.327375 0.15825 0.060984375 0.07905555555555556
0 0.9471796875 0.2673888888888889 0.08149218750000001 0.13054166666666667
0 0.2244609375 0.324125 0.0683359375 0.08837500000000001
0 0.653484375 0.031125 0.038351562500000005 0.04731944444444444
0 0.3714765625 0.16259722222222223 0.055109375 0.07283333333333333
0 0.5420078125 0.11494444444444445 0.051640624999999996 0.058819444444444445
0 0.8478749999999999 0.31869444444444445 0.092953125 0.05348611111111111
0 0.86621875 0.03222222222222222 0.0389140625 0.04598611111111111
0 0.913265625 0.03841666666666667 0.044437500000000005 0.051625000000000004
0 0.8509453125 0.38027777777777777 0.11654687500000001 0.07345833333333333
0 0.76765625 0.20829166666666665 0.0782734375 0.034791666666666665
0 0.7853125000000001 0.1725972222222222 0.07084375000000001 0.03705555555555556
0 0.8116562500000001 0.12641666666666665 0.0640390625 0.053111111111111116
1 0.47195312500000003 0.12015277777777779 0.027484375 0.02125
0 0.7312890624999999 0.278125 0.090515625 0.042819444444444445
0 0.72459375 0.32137499999999997 0.10579687499999998 0.05422222222222222
0 0.8537734374999999 0.2702777777777778 0.0892109375 0.050513888888888886
0 0.6197578125 0.036194444444444446 0.0395390625 0.052333333333333336
1 0.33111718749999997 0.36504166666666665 0.044890625 0.04961111111111111
0 0.7055546875 0.36893055555555554 0.0954375 0.04434722222222222
0 0.98715625 0.057263888888888885 0.0256796875 0.05043055555555556
1 0.5085234375 0.12441666666666666 0.0270078125 0.02672222222222222
1 0.3788515625 0.3854444444444444 0.042828125 0.052708333333333336
1 0.69265625 0.04076388888888889 0.028140625000000002 0.02348611111111111
0 0.55803125 0.18818055555555557 0.07503125000000001 0.11158333333333334
0 0.8752734375 0.19105555555555556 0.079390625 0.050597222222222224
1 0.4298046875 0.11813888888888889 0.026140625 0.018416666666666668
1 0.5836796875 0.051041666666666666 0.0245 0.022069444444444444
1 0.8185781249999999 0.4490694444444444 0.064234375 0.058638888888888886
1 0.8064218750000001 0.5192916666666666 0.079859375 0.050930555555555555
0 0.8107656249999999 0.5887361111111111 0.1180546875 0.12808333333333333
1 0.9483515625000001 0.04938888888888889 0.0338515625 0.040125
1 0.39757031249999997 0.10494444444444445 0.03471875 0.03086111111111111
0 0.118921875 0.2855 0.1180546875 0.14505555555555555
0 0.0381953125 0.4128055555555556 0.076390625 0.165125