0 0.30683333333333335 0.43117142857142854 0.15469166666666667 0.15044285714285716
0 0.5876833333333333 0.6139857142857144 0.16019166666666665 0.16392857142857142
0 0.43749166666666667 0.5263142857142857 0.14835833333333334 0.14627142857142858
0 0.8391583333333333 0.1575 0.13749166666666668 0.1414857142857143
0 0.178075 0.06575714285714286 0.11612499999999999 0.12552857142857143
0 0.2146583333333333 0.3839 0.13494166666666668 0.13532857142857144
0 0.29765 0.6350571428571429 0.14782499999999998 0.175
0 0.11228333333333335 0.0986 0.10566666666666666 0.1215
0 0.06246666666666666 0.15162857142857142 0.108725 0.13334285714285715
0 0.15600833333333333 0.5562571428571429 0.1347 0.15484285714285714
0 0.42761666666666664 0.7444714285714286 0.17386666666666664 0.18047142857142856
0 0.9667166666666667 0.25665714285714286 0.06614166666666667 0.12461428571428572
0 0.08253333333333333 0.49255714285714286 0.11755833333333333 0.15825714285714285
0 0.7466166666666667 0.7187428571428571 0.16745833333333332 0.18105714285714286
1 0.5344333333333334 0.8353999999999999 0.07718333333333334 0.05902857142857143
0 0.25453333333333333 0.033485714285714285 0.12794999999999998 0.06698571428571429
1 0.6205750000000001 0.8941714285714285 0.07425833333333333 0.06211428571428571
1 0.7387083333333334 0.29954285714285717 0.0656 0.047528571428571434
0 0.028158333333333334 0.20124285714285714 0.05366666666666667 0.15102857142857143
1 0.8126666666666668 0.3421 0.06184166666666666 0.04402857142857143
1 0.533975 0.1758142857142857 0.060208333333333336 0.05084285714285715
1 0.9155500000000001 0.23922857142857143 0.051658333333333334 0.04598571428571428
1 0.67995 0.6941 0.07239166666666667 0.0659
1 0.6049249999999999 0.2168 0.066025 0.04761428571428571
0 0.06579166666666666 0.9551428571428572 0.11861666666666668 0.08964285714285715
1 0.6716833333333333 0.25570000000000004 0.05904166666666666 0.044314285714285716
1 0.5107333333333334 0.5860428571428572 0.05366666666666667 0.054028571428571426
1 0.96895 0.43135714285714283 0.0615 0.06518571428571429
1 0.6889833333333333 0.9617428571428572 0.08410000000000001 0.058114285714285716
1 0.2201 0.6318571428571429 0.057441666666666676 0.059171428571428576
1 0.839175 0.8026000000000001 0.08089166666666667 0.06431428571428571
1 0.8862583333333334 0.3833714285714286 0.07819166666666666 0.0553
1 0.37325833333333336 0.4925285714285714 0.059166666666666666 0.046571428571428576
1 0.9129166666666667 0.8792857142857143 0.06916666666666667 0.08142857142857143
1 0.6291666666666667 0.08285714285714285 0.055 0.07714285714285714
1 0.6966666666666667 0.12071428571428572 0.05333333333333334 0.06142857142857143
1 0.7641666666666667 0.15857142857142856 0.04666666666666667 0.06571428571428571