0 0.5785625 0.63203125 0.0788828125 0.14147569444444444
0 0.7582890625 0.3915277777777778 0.060929687499999996 0.08133680555555556
0 0.2894140625 0.5977083333333333 0.0749765625 0.15833333333333333
0 0.6605390625 0.38145833333333334 0.050398437500000004 0.1051736111111111
0 0.53453125 0.38604166666666667 0.0439921875 0.08315972222222222
0 0.19696875 0.38336805555555553 0.047953125 0.06972222222222221
0 0.48948437499999997 0.3887152777777778 0.042015625 0.07732638888888889
0 0.424484375 0.6179513888888889 0.067 0.1336111111111111
1 0.7048828125 0.4039236111111111 0.046390625000000005 0.06430555555555556
0 0.7902812499999999 0.389375 0.0552421875 0.07786458333333333
0 0.84178125 0.40072916666666664 0.0431640625 0.07217013888888889
0 0.4032890625 0.38255208333333335 0.0486953125 0.08833333333333333
1 0.49182812499999995 0.6313368055555555 0.06259375 0.0985763888888889
1 0.6438906249999999 0.6285416666666667 0.0419921875 0.14423611111111112
0 0.581125 0.38875 0.048953125 0.08918402777777777
0 0.253265625 0.38651041666666663 0.0366953125 0.06284722222222222
0 0.8448125 0.6213715277777778 0.103125 0.1375173611111111
0 0.575515625 0.10371527777777778 0.1590078125 0.13840277777777776
1 0.3629296875 0.6147395833333333 0.048296875 0.15625
1 0.23863281249999999 0.6123784722222223 0.048296875 0.1388888888888889
1 0.3263515625 0.39614583333333336 0.03621875 0.09154513888888888
1 0.447796875 0.39614583333333336 0.0433203125 0.07890625000000001
1 0.8188906250000001 0.40166666666666667 0.03125 0.08364583333333334
1 0.8842343749999999 0.6084201388888889 0.039773437499999995 0.11206597222222221
1 0.6803984375 0.6186805555555556 0.048296875 0.1420486111111111
0 0.7389921875 0.6044791666666667 0.0703125 0.15151041666666665
0 0.799359375 0.6028993055555555 0.07173437499999999 0.14835069444444446
0 0.1921171875 0.6036979166666667 0.060367187499999996 0.14362847222222222
0 0.1530546875 0.5831770833333334 0.0433203125 0.12784722222222222
0 0.1242890625 0.5863368055555556 0.032671875 0.14678819444444444
0 0.14808593750000001 0.3937847222222222 0.03621875 0.06786458333333334
1 0.22265625 0.3874652777777778 0.029117187500000002 0.08364583333333334
1 0.1711640625 0.39852430555555557 0.02840625 0.093125