0 0.396703125 0.6127777777777778 0.062796875 0.13951388888888888
0 0.5813671874999999 0.6348784722222223 0.06251562499999999 0.1299826388888889
0 0.2581875 0.3851215277777778 0.050554687499999994 0.07467013888888889
0 0.8105781249999999 0.6227951388888889 0.07078124999999999 0.12546875
0 0.4370078125 0.37031250000000004 0.054265625 0.09578125
0 0.5505859375 0.38086805555555553 0.0496796875 0.08592013888888889
0 0.7610625 0.39100694444444445 0.060226562500000004 0.08654513888888889
0 0.5146875 0.6324826388888889 0.0669765625 0.1534375
0 0.331515625 0.6121701388888889 0.07175000000000001 0.17833333333333334
0 0.22659375 0.6132986111111111 0.07878125 0.14840277777777777
0 0.323734375 0.3816319444444444 0.045375 0.07572916666666667
0 0.1800234375 0.6119791666666666 0.0702578125 0.12838541666666667
0 0.196 0.38604166666666667 0.0448125 0.07592013888888888
0 0.8899453125000001 0.6071354166666666 0.0415625 0.11218750000000001
0 0.8981875 0.4118229166666667 0.028671875000000003 0.07232638888888888
0 0.6342421875 0.3946701388888889 0.04334375 0.0946701388888889
0 0.3561796875 0.38086805555555553 0.040625 0.08210069444444444
1 0.2231484375 0.40696180555555556 0.0313984375 0.04519097222222222
0 0.1586640625 0.38428819444444445 0.0472734375 0.08546875
0 0.1361015625 0.6094791666666667 0.047984375 0.11855902777777778
0 0.867953125 0.40532986111111113 0.03765625 0.07449652777777777
0 0.5921015625 0.3897916666666667 0.0361875 0.07322916666666666
1 0.4762421875 0.3918229166666667 0.04 0.10460069444444445
0 0.8549765624999999 0.6170138888888889 0.053296875 0.108125
0 0.666125 0.3917881944444444 0.0415703125 0.09328125
0 0.7007578125 0.38807291666666666 0.0551484375 0.0943923611111111
0 0.3990390625 0.37536458333333333 0.043203124999999995 0.09243055555555556
0 0.8462734375000001 0.39614583333333336 0.05209375000000001 0.0837673611111111
1 0.451703125 0.6226388888888889 0.039773437499999995 0.13414930555555554
1 0.6150546875 0.6265798611111112 0.032671875 0.10732638888888889
1 0.663 0.6328993055555556 0.047585937499999995 0.13256944444444443
1 0.7169765625 0.6344618055555555 0.04190625 0.13572916666666668
1 0.7645625 0.6273611111111111 0.0333828125 0.11206597222222221
1 0.727625 0.39694444444444443 0.027695312500000003 0.093125
1 0.5134921875 0.3953645833333333 0.0369296875 0.09626736111111112
1 0.2926171875 0.39140624999999996 0.0355078125 0.08838541666666666
1 0.2890625 0.6194791666666667 0.045453125 0.12468749999999999