0 0.7903046875 0.3931944444444444 0.0479453125 0.10175347222222222
0 0.28453125 0.37520833333333337 0.051453125 0.07387152777777778
0 0.3261484375 0.3794791666666667 0.055867187500000005 0.08394097222222223
0 0.5776484375 0.39520833333333333 0.03990625 0.09616319444444445
0 0.6561015625 0.4031770833333333 0.0396875 0.09239583333333333
0 0.7305625 0.39515625000000004 0.0426640625 0.10114583333333332
0 0.7715468750000001 0.9650868055555555 0.1214140625 0.06295138888888889
0 0.5825390625 0.633888888888889 0.0658203125 0.13666666666666666
0 0.6247265625 0.39147569444444447 0.046484375 0.07444444444444445
1 0.8539921874999999 0.40805555555555556 0.0288828125 0.10623263888888888
0 0.2520703125 0.3770833333333333 0.0472890625 0.07505208333333332
0 0.8214062500000001 0.39859375 0.0313359375 0.07994791666666666
0 0.1867578125 0.37609375 0.0576015625 0.06873263888888889
0 0.22428906249999997 0.3786111111111111 0.051953125 0.07072916666666668
0 0.428625 0.6226388888888889 0.0504296875 0.1751909722222222
0 0.3515625 0.6194791666666667 0.052554687499999996 0.18151041666666667
0 0.2926171875 0.6076388888888888 0.05965625 0.16414930555555554
0 0.2375703125 0.6155381944444445 0.053265625000000004 0.16098958333333335
0 0.1892734375 0.6013194444444445 0.060367187499999996 0.14835069444444446
0 0.126421875 0.59421875 0.029828125 0.11206597222222221
0 0.3572421875 0.38116319444444446 0.039773437499999995 0.10258680555555556
0 0.3991484375 0.38510416666666664 0.039773437499999995 0.10416666666666667
0 0.48757031250000005 0.3874652777777778 0.037640625 0.10258680555555556
0 0.5294765625 0.3866840277777778 0.03621875 0.10732638888888889
0 0.8860078124999999 0.40246527777777774 0.0490078125 0.14835069444444446
0 0.8508515624999999 0.6131597222222223 0.055398437499999995 0.12784722222222222
0 0.8103671875 0.6115798611111111 0.0582421875 0.1373090277777778
0 0.7620703125 0.6147395833333333 0.06534375 0.15940972222222222
0 0.700640625 0.6178993055555556 0.0632109375 0.15940972222222222
0 0.647015625 0.6147395833333333 0.0696015625 0.17203125
1 0.5031953125 0.62578125 0.05753125 0.16571180555555556
1 0.14950000000000002 0.6021180555555555 0.0390625 0.12152777777777778
1 0.4431796875 0.40562499999999996 0.029828125 0.10100694444444444
1 0.6885625 0.40246527777777774 0.0333828125 0.09784722222222222
1 0.7613671875 0.4127256944444444 0.038351562500000005 0.093125
1 0.8831640625 0.6186805555555556 0.0433203125 0.11362847222222222
1 0.16512500000000002 0.40008680555555554 0.030539062500000002 0.08680555555555555