0 0.8178515625 0.6875634057971015 0.0878828125 0.14357789855072464
0 0.38555989583333333 0.47370471014492754 0.052656249999999995 0.12186141304347826
0 0.2884713541666667 0.27768115942028987 0.035843749999999994 0.05954710144927536
0 0.5472083333333334 0.8123550724637681 0.07505989583333333 0.17119565217391305
0 0.7950260416666667 0.5065670289855072 0.09284895833333334 0.09633152173913043
0 0.6938203125 0.34106884057971015 0.0448203125 0.053786231884057976
0 0.48278645833333333 0.4478985507246377 0.05318489583333333 0.11313858695652174
0 0.6081302083333333 0.7910190217391304 0.06741927083333334 0.1604891304347826
0 0.43165624999999996 0.8327672101449275 0.1014765625 0.17541666666666667
0 0.35514843749999997 0.26172101449275365 0.038234375 0.05684329710144928
1 0.7594817708333333 0.741159420289855 0.056299479166666666 0.0765036231884058
0 0.6493203125 0.3860326086956522 0.054210937499999994 0.060271739130434786
0 0.70284375 0.738125 0.07981770833333333 0.16086050724637682
0 0.32032812499999996 0.268161231884058 0.034984375 0.05552989130434782
0 0.7321770833333333 0.3105751811594203 0.03962239583333334 0.04782155797101449
0 0.6664973958333333 0.7567119565217391 0.07893750000000001 0.1855072463768116
0 0.614546875 0.4255615942028985 0.053596354166666665 0.09295289855072464
0 0.41239062499999996 0.17883152173913044 0.052268229166666666 0.04201086956521739
0 0.2652890625 0.4706838768115942 0.11277083333333333 0.11475996376811594
0 0.252046875 0.2894067028985507 0.0345546875 0.052223731884057975
0 0.7627994791666667 0.2861458333333333 0.033606770833333334 0.04152173913043478
0 0.7388151041666667 0.23269021739130433 0.035872395833333334 0.04121829710144928
0 0.48175520833333335 0.17619565217391306 0.051515624999999995 0.03872282608695652
0 0.6605364583333333 0.2414447463768116 0.04482291666666667 0.04596467391304348
0 0.5272109375 0.44079257246376813 0.060468749999999995 0.12475543478260868
0 0.8043776041666667 0.19126811594202897 0.02899479166666667 0.028790760869565217
0 0.8356145833333334 0.19629528985507247 0.033955729166666664 0.03733242753623189
0 0.573734375 0.43972373188405794 0.04652083333333333 0.10771739130434783
0 0.7014661458333333 0.24107336956521738 0.03570572916666667 0.03668025362318841
1 0.3381067708333333 0.49215126811594206 0.05121614583333333 0.07850090579710145
1 0.42925260416666666 0.47177083333333336 0.047742187500000005 0.08001358695652173
1 0.48480989583333334 0.8272961956521739 0.0633671875 0.14492753623188406
1 0.7816848958333333 0.26721014492753625 0.025174479166666666 0.03925271739130435
1 0.3528645833333333 0.19625452898550724 0.040799479166666666 0.03321105072463768