0 0.7149461077844311 0.6491002044989775 0.10005988023952095 0.12860940695296524
0 0.7985748502994011 0.6374233128834356 0.09464670658682635 0.11934560327198364
0 0.5897365269461078 0.6504907975460122 0.09192814371257485 0.11912065439672802
0 0.8697964071856287 0.6361349693251533 0.08475449101796406 0.11691206543967281
0 0.21326946107784434 0.4858282208588957 0.0989940119760479 0.07069529652351739
0 0.4571616766467066 0.4039263803680982 0.05440718562874251 0.0791002044989775
0 0.22819161676646704 0.4059713701431493 0.06437125748502993 0.07337423312883436
0 0.5097724550898204 0.4074846625766871 0.05154491017964072 0.07895705521472393
0 0.6400359281437125 0.40370143149284254 0.056443113772455096 0.07298568507157464
0 0.42968862275449105 0.6244580777096115 0.08625149700598803 0.12738241308793455
0 0.08930538922155688 0.6293660531697342 0.08275449101796406 0.10396728016359919
0 0.8120838323353293 0.41789366053169735 0.07082634730538923 0.08044989775051126
0 0.6867784431137725 0.4006748466257669 0.05389221556886228 0.07971370143149284
0 0.35821556886227546 0.4021267893660531 0.05701796407185629 0.08278118609406952
0 0.20831137724550897 0.6224948875255624 0.08712574850299401 0.13865030674846626
0 0.9301916167664671 0.6323721881390594 0.06948502994011976 0.0961758691206544
1 0.36068263473053896 0.6573824130879345 0.06755688622754491 0.07341513292433538
0 0.8842634730538922 0.4244989775051125 0.0664191616766467 0.06601226993865031
0 0.2807664670658683 0.6218200408997955 0.08762874251497006 0.15486707566462168
0 0.7282874251497006 0.411840490797546 0.05164071856287425 0.0640081799591002
0 0.9473053892215569 0.4299182004089979 0.0777245508982036 0.07640081799591002
1 0.4991616766467066 0.657361963190184 0.07271856287425149 0.0876278118609407
0 0.1394251497005988 0.40130879345603276 0.07597604790419162 0.09337423312883435
1 0.7677245508982036 0.4332924335378323 0.04421556886227545 0.04276073619631902
0 0.9725149700598802 0.6230265848670757 0.054982035928143706 0.10132924335378322
1 0.5912934131736527 0.4232719836400818 0.05298203592814372 0.047280163599182
1 0.40954491017964073 0.4229038854805726 0.049544910179640717 0.0456441717791411
0 0.08289820359281437 0.4137627811860941 0.05784431137724551 0.06443762781186095
0 0.026407185628742516 0.6074233128834355 0.04118562874251497 0.140920245398773
1 0.27222754491017964 0.42212678936605313 0.04768862275449102 0.04501022494887526
0 0.1495568862275449 0.6249897750511247 0.07044311377245509 0.118159509202454
0 0.3106946107784431 0.4157259713701431 0.04341317365269461 0.05613496932515337
0 0.9824071856287424 0.4308588957055215 0.025365269461077845 0.06376278118609408
1 0.639437125748503 0.6602453987730061 0.05731736526946108 0.10224948875255624
1 0.048335329341317367 0.6478323108384458 0.03849101796407186 0.07742331288343558
1 0.18477844311377245 0.4184867075664621 0.04619161676646707 0.06280163599182004
1 0.549185628742515 0.419959100204499 0.05474251497005988 0.05404907975460123
1 0.8447425149700599 0.4331083844580777 0.04875449101796407 0.05404907975460123
1 0.9123233532934131 0.4382208588957055 0.03507784431137725 0.04967280163599182