0 0.6610166666666667 0.39429629629629626 0.0592 0.08460185185185186
0 0.6195708333333333 0.3979259259259259 0.04809583333333334 0.07152777777777777
0 0.13729166666666667 0.5921666666666666 0.0442125 0.12428703703703703
0 0.5324041666666667 0.3972222222222222 0.048791666666666664 0.05378703703703704
0 0.7343999999999999 0.3967407407407408 0.05297916666666667 0.07173148148148148
0 0.805225 0.39783333333333337 0.06077083333333333 0.07466666666666667
0 0.70115 0.39221296296296293 0.045554166666666666 0.0682037037037037
0 0.8881875 0.6109074074074073 0.039087500000000004 0.09118518518518519
0 0.18945 0.6039444444444444 0.061329166666666664 0.10706481481481481
0 0.7111375 0.6351296296296297 0.07942083333333334 0.11162962962962963
0 0.4215041666666667 0.6216574074074074 0.06174583333333333 0.10171296296296296
0 0.8524875000000001 0.40650925925925924 0.04842916666666667 0.06735185185185184
0 0.7661666666666667 0.40084259259259264 0.050925 0.07261111111111111
0 0.8904708333333334 0.4121111111111111 0.042333333333333334 0.07700925925925926
0 0.4928583333333333 0.3967222222222222 0.045295833333333334 0.058861111111111114
1 0.23472083333333335 0.6165092592592593 0.0486125 0.11574074074074074
1 0.29305416666666667 0.6273148148148148 0.04444583333333334 0.11574074074074074
1 0.6357625 0.6334907407407407 0.04791666666666667 0.13117592592592592
1 0.75 0.6303981481481482 0.0375 0.12191666666666666
1 0.7979166666666667 0.617287037037037 0.05 0.1265462962962963
0 0.3513875 0.605712962962963 0.06111249999999999 0.1651203703703704
0 0.49895833333333334 0.6165092592592593 0.06597083333333334 0.14660185185185187
0 0.5767375 0.6358055555555555 0.061804166666666674 0.14814814814814814
0 0.8447916666666667 0.6118796296296297 0.06458333333333334 0.12191666666666666
0 0.5743041666666666 0.3966018518518518 0.041666666666666664 0.08333333333333333
0 0.4461791666666666 0.3742314814814815 0.03819583333333333 0.10648148148148148
0 0.40242916666666667 0.37886111111111115 0.035416666666666666 0.10956481481481481
0 0.36354166666666665 0.3765462962962963 0.03819583333333333 0.10493518518518519
0 0.3256958333333333 0.36497222222222225 0.0388875 0.10339814814814816
0 0.2892375 0.36960185185185185 0.04097083333333333 0.10648148148148148
0 0.25833333333333336 0.3726851851851852 0.03194583333333333 0.0941388888888889
0 0.22569583333333332 0.3819444444444444 0.0375 0.10956481481481481
0 0.19791666666666666 0.3811759259259259 0.0361125 0.08641666666666667
0 0.17117916666666666 0.38580555555555557 0.034029166666666666 0.08025