0 0.8501666666666667 0.6200277777777777 0.06990416666666667 0.10141666666666667
0 0.7331208333333333 0.6123055555555555 0.08915000000000001 0.16287962962962962
0 0.6433791666666666 0.6339444444444444 0.05875416666666666 0.15387037037037038
0 0.8391958333333333 0.3973611111111111 0.056020833333333325 0.07982407407407408
0 0.3260375 0.3747037037037037 0.0515875 0.0951111111111111
0 0.5851416666666667 0.6328611111111111 0.06343333333333334 0.13185185185185186
0 0.28263750000000004 0.6131851851851852 0.08070000000000001 0.1515185185185185
0 0.2687625 0.3879444444444445 0.058845833333333326 0.09544444444444444
0 0.45325 0.6250555555555555 0.06583333333333333 0.1511574074074074
0 0.7762833333333333 0.3887407407407407 0.06415833333333333 0.08463888888888889
0 0.1397 0.5879907407407408 0.05267083333333333 0.13889814814814813
0 0.8810666666666667 0.40723148148148147 0.05050416666666666 0.07492592592592592
0 0.19457916666666666 0.38925925925925925 0.0517875 0.07387037037037038
0 0.6373458333333334 0.3925740740740741 0.04830416666666667 0.09899074074074074
0 0.14469166666666666 0.40016666666666667 0.048016666666666666 0.07103703703703704
0 0.5163041666666667 0.38370370370370366 0.0437125 0.08872222222222222
0 0.5922916666666667 0.39052777777777775 0.03900833333333333 0.0714074074074074
0 0.5493541666666667 0.38230555555555557 0.041404166666666666 0.07728703703703703
0 0.5137125 0.6323518518518519 0.06259583333333332 0.14537037037037037
0 0.8929583333333333 0.6054166666666667 0.03967083333333333 0.11557407407407407
1 0.22885416666666666 0.4073425925925926 0.028475 0.043833333333333335
0 0.4022125 0.38262962962962965 0.056958333333333326 0.10096296296296296
0 0.7104666666666666 0.3965092592592593 0.05090416666666667 0.07647222222222222
0 0.6612375 0.38975 0.053495833333333326 0.09762962962962962
0 0.4380833333333334 0.3913888888888889 0.041958333333333334 0.07793518518518519
0 0.23670000000000002 0.5976111111111111 0.0664375 0.16258333333333333
1 0.4794166666666666 0.40587962962962965 0.028374999999999997 0.04644444444444444
1 0.3361125 0.6350277777777779 0.040279166666666665 0.12808333333333335
1 0.678125 0.6296296296296297 0.04375 0.11728703703703704
1 0.7680541666666666 0.6350277777777779 0.0388875 0.11574074074074074
1 0.8069458333333334 0.6334907407407407 0.041666666666666664 0.09104629629629629
1 0.7284708333333333 0.39814814814814814 0.030554166666666667 0.07099074074074074
1 0.8114583333333333 0.4050925925925926 0.025695833333333334 0.0663611111111111
1 0.8607625 0.41358333333333336 0.024304166666666665 0.06789814814814815
1 0.3618041666666667 0.39351851851851855 0.03333333333333333 0.08641666666666667
1 0.16979166666666667 0.4081759259259259 0.024304166666666665 0.05400925925925926
0 0.3881958333333333 0.6103425925925926 0.05416666666666667 0.1836388888888889
0 0.15277916666666666 0.5941388888888889 0.0513875 0.15432407407407406
0 0.18541666666666667 0.6080277777777777 0.058333333333333334 0.15432407407407406
0 0.2868041666666667 0.3919722222222222 0.03333333333333333 0.09259259259259259