0 0.585725 0.6378518518518519 0.06592916666666666 0.13142592592592592
0 0.45192083333333327 0.6258518518518518 0.06835 0.15675925925925926
0 0.7056833333333333 0.6203703703703703 0.07082083333333333 0.13755555555555557
0 0.8503541666666666 0.6218796296296296 0.07123333333333334 0.11127777777777778
0 0.2867958333333333 0.6158888888888888 0.07268333333333334 0.1532962962962963
0 0.18699583333333333 0.6117314814814815 0.07507916666666667 0.1265462962962963
0 0.5127333333333333 0.6279351851851851 0.0582625 0.14124074074074072
0 0.7300125 0.37473148148148144 0.059949999999999996 0.0955462962962963
0 0.7935416666666667 0.39198148148148143 0.05505833333333333 0.0885
0 0.4398208333333333 0.3707592592592593 0.045387500000000004 0.08601851851851852
0 0.3933291666666667 0.3793703703703704 0.04344166666666667 0.07931481481481481
0 0.2905833333333333 0.39101851851851854 0.03886666666666667 0.07524074074074075
0 0.5500041666666666 0.3812314814814815 0.04622916666666667 0.08494444444444443
0 0.5927166666666667 0.3882962962962963 0.04151666666666667 0.07521296296296297
0 0.33734166666666665 0.3801851851851852 0.046516666666666664 0.092
0 0.333125 0.6115277777777778 0.08068333333333333 0.18053703703703702
0 0.6615833333333333 0.3902777777777778 0.052441666666666664 0.09784259259259259
0 0.3524041666666667 0.38035185185185183 0.041008333333333334 0.09376851851851851
0 0.8945833333333333 0.6077962962962963 0.03930416666666667 0.11303703703703703
0 0.8451083333333334 0.39502777777777776 0.04955416666666667 0.08267592592592593
0 0.8935708333333334 0.40568518518518515 0.0344 0.0711574074074074
0 0.19204583333333333 0.39035185185185184 0.044887500000000004 0.07159259259259258
0 0.13486666666666666 0.3883611111111111 0.035554166666666664 0.07562962962962963
1 0.23180833333333334 0.40787962962962965 0.0382625 0.04936111111111111
0 0.167875 0.3881203703703704 0.044962499999999996 0.07624074074074075
0 0.8663791666666666 0.4002777777777778 0.049287500000000005 0.08192592592592593
0 0.6426666666666667 0.3927407407407408 0.056600000000000004 0.10593518518518519
0 0.8607458333333333 0.9725833333333335 0.11421666666666667 0.050861111111111114
1 0.24525416666666666 0.40923148148148153 0.0406 0.05170370370370371
0 0.47713750000000005 0.3705833333333334 0.04228333333333333 0.07612037037037037
1 0.6197916666666666 0.6458333333333334 0.036804166666666666 0.10956481481481481
1 0.6590291666666667 0.6396574074074074 0.040279166666666665 0.10339814814814816
1 0.7635416666666667 0.6381203703703703 0.03958333333333333 0.10956481481481481
1 0.8065958333333333 0.6319444444444444 0.03819583333333333 0.10339814814814816
1 0.7611125000000001 0.41358333333333336 0.029166666666666667 0.061731481481481484
1 0.696875 0.39891666666666664 0.034029166666666666 0.0787037037037037
1 0.5142375 0.3912037037037037 0.0423625 0.06944444444444445
1 0.39513750000000003 0.6358055555555555 0.05416666666666667 0.1111111111111111
1 0.234375 0.6234537037037038 0.04375 0.08950925925925926
1 0.1482625 0.6334907407407407 0.02152916666666667 0.07562037037037037
1 0.12569583333333334 0.6026203703703704 0.0236125 0.06944444444444445