0 0.5859208333333333 0.6389166666666667 0.06915 0.12414814814814816
0 0.7274291666666667 0.6096111111111111 0.07827083333333333 0.15524074074074073
0 0.45367916666666663 0.6284351851851853 0.07972916666666667 0.1627777777777778
0 0.8471666666666667 0.619824074074074 0.06221666666666666 0.11507407407407408
0 0.8653791666666666 0.4044259259259259 0.05426666666666667 0.08284259259259259
0 0.32755833333333334 0.3780833333333333 0.0556125 0.09542592592592593
0 0.7599791666666667 0.38946296296296296 0.044616666666666666 0.07332407407407407
0 0.19367083333333335 0.3891203703703704 0.0481875 0.07750925925925925
0 0.39495 0.37496296296296294 0.0609375 0.1135
0 0.55125 0.3842685185185185 0.046608333333333335 0.08150925925925925
0 0.13744583333333332 0.5904074074074074 0.0477875 0.13524999999999998
0 0.23737500000000003 0.5972777777777777 0.07362916666666668 0.16480555555555557
0 0.25577916666666667 0.38060185185185186 0.04964166666666667 0.08713888888888889
1 0.6665541666666667 0.6455555555555555 0.06024166666666667 0.07360185185185185
0 0.6612833333333333 0.3874166666666667 0.05469583333333334 0.0960462962962963
0 0.51415 0.63325 0.06840833333333333 0.14637037037037037
0 0.33268333333333333 0.6064166666666666 0.07241249999999999 0.18610185185185185
1 0.7278791666666667 0.40520370370370373 0.02552916666666667 0.08013888888888888
0 0.28450416666666667 0.3854166666666667 0.040350000000000004 0.07743518518518518
0 0.43893750000000004 0.3902037037037037 0.03754166666666667 0.07728703703703703
1 0.5008291666666667 0.4026111111111111 0.04350416666666666 0.047453703703703706
0 0.8966041666666666 0.40746296296296297 0.027091666666666667 0.0656574074074074
0 0.5935416666666666 0.38902777777777775 0.0378125 0.07405555555555556
0 0.6436458333333334 0.3897314814814815 0.05793333333333333 0.10321296296296296
0 0.1857625 0.6064814814814815 0.05902916666666666 0.1450648148148148
0 0.8854166666666666 0.6049351851851852 0.05 0.13580555555555554
1 0.8065958333333333 0.6280833333333333 0.03958333333333333 0.09567592592592593
1 0.7715291666666667 0.6334907407407407 0.03333333333333333 0.10648148148148148
1 0.6197916666666666 0.6481481481481481 0.036804166666666666 0.12037037037037036
1 0.39340416666666667 0.6412037037037037 0.061804166666666674 0.11574074074074074
1 0.28402916666666667 0.632712962962963 0.04722083333333333 0.11419444444444445
1 0.14965416666666667 0.41280555555555554 0.011804166666666666 0.047842592592592596
1 0.1736125 0.4089537037037037 0.016666666666666666 0.046296296296296294
1 0.22222083333333334 0.39814814814814814 0.022220833333333332 0.06789814814814815
1 0.4746541666666667 0.39428703703703705 0.034029166666666666 0.09104629629629629
1 0.6982625 0.4089537037037037 0.03125 0.07715740740740741
1 0.8378458333333333 0.4058611111111111 0.025695833333333334 0.07715740740740741
1 0.8142375000000001 0.4066388888888889 0.027083333333333334 0.0663611111111111
1 0.7899291666666667 0.41975 0.0298625 0.06789814814814815
1 0.8888874999999999 0.4228425925925926 0.020833333333333332 0.058638888888888886