0 0.42275416666666665 0.44093518518518515 0.06609166666666667 0.11626851851851851
0 0.691875 0.7532314814814814 0.07880833333333333 0.15147222222222223
0 0.44192499999999996 0.7627314814814815 0.07160833333333334 0.1774537037037037
0 0.6986916666666666 0.46139814814814817 0.06256666666666666 0.10950925925925925
0 0.81455 0.4709537037037037 0.06186666666666666 0.08470370370370371
0 0.5160250000000001 0.7534074074074074 0.075625 0.16452777777777777
0 0.6090166666666668 0.47580555555555554 0.05512083333333333 0.08362962962962962
0 0.6584875 0.47314814814814815 0.04189166666666667 0.09190740740740741
0 0.28978333333333334 0.4516296296296296 0.0676625 0.10741666666666667
0 0.091775 0.7039907407407406 0.11590416666666667 0.2080648148148148
0 0.8755083333333332 0.47623148148148153 0.06103333333333333 0.10036111111111111
0 0.5988125000000001 0.7817777777777778 0.06833333333333333 0.14237962962962963
0 0.9226208333333333 0.4858703703703704 0.051845833333333334 0.08194444444444444
0 0.5606916666666667 0.46328703703703705 0.04565416666666666 0.08726851851851852
0 0.1463875 0.4680185185185185 0.07863333333333333 0.09787037037037037
0 0.2899708333333333 0.7314537037037038 0.07853333333333333 0.20852777777777778
0 0.18313749999999998 0.7275462962962963 0.08890833333333333 0.1867962962962963
0 0.7790083333333333 0.7329907407407408 0.09690833333333333 0.18596296296296297
1 0.37264583333333334 0.4863796296296296 0.046675 0.06358333333333334
1 0.3668416666666667 0.7691296296296296 0.07102083333333332 0.1493611111111111
1 0.7442 0.49425925925925923 0.03995833333333334 0.05541666666666667
0 0.23947916666666666 0.4625925925925926 0.04441666666666667 0.07687962962962963
0 0.3341208333333333 0.46559259259259256 0.0389375 0.0931388888888889
0 0.9195166666666668 0.7497592592592592 0.06167916666666667 0.13300925925925927
0 0.9635416666666666 0.7291666666666666 0.06319583333333333 0.1527777777777778
1 0.875 0.769287037037037 0.05 0.10956481481481481
1 0.8256958333333334 0.7631203703703703 0.04583333333333333 0.11265740740740741
1 0.2375 0.7662037037037037 0.05416666666666667 0.11574074074074074
1 0.20347083333333332 0.48842592592592593 0.041666666666666664 0.08178703703703703
1 0.10416666666666667 0.4876574074074074 0.022220833333333332 0.05555555555555555
1 0.07882083333333333 0.492287037037037 0.022916666666666665 0.061731481481481484
1 0.46388749999999995 0.4776203703703704 0.05416666666666667 0.10030555555555555
1 0.5145833333333333 0.4776203703703704 0.04444583333333334 0.0941388888888889
1 0.7725708333333333 0.4930555555555556 0.0298625 0.07562037037037037
1 0.8447916666666667 0.4915092592592593 0.03819583333333333 0.07562037037037037