0 0.7077912621359224 0.6298704103671706 0.08087378640776699 0.13855291576673867
0 0.4279854368932039 0.6079913606911447 0.09504854368932038 0.1496328293736501
0 0.5844538834951456 0.6322030237580993 0.07951456310679611 0.1355075593952484
0 0.8052912621359223 0.6224622030237581 0.09489077669902912 0.13265658747300216
0 0.3577305825242718 0.368963282937365 0.05950242718446602 0.087170626349892
0 0.13946601941747572 0.3652051835853132 0.056177184466019416 0.10876889848812095
0 0.4547087378640777 0.3743196544276458 0.05661407766990291 0.07680345572354212
0 0.8148058252427184 0.38812095032397403 0.06390776699029126 0.08231101511879049
0 0.22182038834951456 0.3728077753779698 0.052924757281553395 0.07697624190064795
0 0.2754733009708738 0.6046868250539957 0.08578883495145631 0.1695464362850972
0 0.9271601941747573 0.613196544276458 0.06838592233009709 0.0985097192224622
0 0.9705097087378641 0.4029805615550756 0.054927184466019414 0.06833693304535637
1 0.35282766990291264 0.6164362850971923 0.07941747572815534 0.1379049676025918
0 0.877621359223301 0.6176889848812095 0.08388349514563108 0.11904967602591793
0 0.5064441747572815 0.3745788336933045 0.05453883495145631 0.0709719222462203
0 0.9541626213592234 0.9466738660907128 0.08259708737864078 0.10550755939524838
0 0.8878883495145631 0.39211663066954644 0.072123786407767 0.06904967602591792
0 0.6890655339805825 0.3676025917926566 0.05765776699029126 0.09174946004319653
0 0.20433252427184467 0.6046436285097192 0.09218446601941747 0.16317494600431964
0 0.7305097087378641 0.38377969762419006 0.049720873786407764 0.06699784017278618
1 0.5009708737864078 0.6428725701943844 0.07239077669902913 0.09138228941684666
0 0.9733980582524272 0.6058963282937364 0.05319174757281553 0.11563714902807776
1 0.26847087378640777 0.3954643628509719 0.04484223300970874 0.04049676025917927
1 0.7693810679611651 0.38792656587473007 0.044004854368932034 0.0773866090712743
0 0.04428398058252427 0.5896760259179266 0.08149271844660196 0.14159827213822895
0 0.1221480582524272 0.9636933045356372 0.1946601941747573 0.07049676025917927
1 0.4112257281553398 0.3914254859611231 0.05018203883495146 0.041490280777537795
0 0.14412621359223302 0.6068034557235421 0.07967233009708738 0.12943844492440604
1 0.6441626213592233 0.38654427645788336 0.04929611650485437 0.08622030237580994
1 0.5473300970873787 0.3858963282937365 0.055825242718446605 0.08639308855291576
1 0.5970873786407767 0.39164146868250543 0.05339805825242718 0.08352051835853132
1 0.84748786407767 0.4010151187904967 0.04450242718446602 0.07056155507559396
1 0.9243567961165048 0.39740820734341253 0.049356796116504856 0.07198704103671706
1 0.6391626213592233 0.6256371490280778 0.07120145631067962 0.13390928725701945
0 0.09425970873786407 0.6004319654427646 0.07848300970873787 0.12958963282937366
0 0.07564320388349514 0.38300215982721386 0.0412621359223301 0.07488120950323975
0 0.10154126213592234 0.3722030237580994 0.03964805825242718 0.093585313174946
0 0.3127063106796117 0.3707775377969762 0.050970873786407765 0.0878401727861771
1 0.1783980582524272 0.3837365010799136 0.055825242718446605 0.08494600431965442