0 0.7296375 0.6034999999999999 0.08018333333333333 0.1529074074074074
0 0.6626583333333333 0.3826481481481481 0.058962499999999994 0.09462037037037037
0 0.5858583333333333 0.6439351851851852 0.06655 0.11117592592592591
0 0.760975 0.39064814814814813 0.05114166666666666 0.07743518518518518
0 0.4404833333333334 0.3673888888888889 0.055675 0.09312037037037037
0 0.814925 0.38839814814814816 0.052700000000000004 0.08272222222222222
0 0.4532083333333334 0.6315462962962963 0.06029583333333333 0.14200925925925925
0 0.15178333333333333 0.5827037037037037 0.06318750000000001 0.17708333333333334
0 0.5879458333333333 0.3915185185185185 0.05293333333333334 0.08212037037037037
0 0.5162041666666667 0.6255462962962963 0.058270833333333334 0.14580555555555555
0 0.33169583333333336 0.6148888888888889 0.06953749999999999 0.1740925925925926
0 0.3310958333333333 0.3763888888888889 0.05365416666666667 0.0884074074074074
0 0.8513291666666667 0.6201944444444444 0.053662499999999995 0.11322222222222222
1 0.39765 0.39628703703703705 0.03347083333333333 0.05225
0 0.88725 0.40258333333333335 0.04810833333333333 0.08221296296296297
0 0.36219999999999997 0.3838148148148148 0.03607083333333333 0.0745462962962963
1 0.7070166666666666 0.40982407407407406 0.030829166666666664 0.044703703703703704
0 0.23364583333333333 0.6009166666666667 0.08095 0.1573425925925926
1 0.4786375 0.3902685185185185 0.0324875 0.08668518518518518
0 0.8934125 0.6115185185185186 0.0394375 0.1269537037037037
0 0.8619249999999999 0.4023981481481481 0.04527083333333334 0.08846296296296297
1 0.3909708333333333 0.6388888888888888 0.05694583333333333 0.13580555555555554
1 0.28715416666666665 0.6211388888888889 0.04652916666666667 0.13425925925925927
1 0.6159708333333334 0.6311759259259259 0.0375 0.10185185185185185
1 0.6739583333333333 0.6334907407407407 0.050695833333333336 0.12191666666666666
1 0.7274291666666667 0.4066388888888889 0.022916666666666665 0.06018518518518518
1 0.7888875 0.4066388888888889 0.0361125 0.0787037037037037
1 0.25451250000000003 0.39891666666666664 0.028470833333333334 0.07252777777777777
1 0.17465416666666667 0.4050925925925926 0.0173625 0.047842592592592596
1 0.15277916666666666 0.40046296296296297 0.016666666666666666 0.03858333333333334
1 0.5159708333333333 0.3919722222222222 0.030554166666666667 0.09259259259259259
0 0.5503458333333333 0.3765462962962963 0.035416666666666666 0.09876851851851852
0 0.18611250000000001 0.5972222222222222 0.05972083333333334 0.15432407407407406
0 0.22291666666666668 0.3904351851851852 0.0375 0.08950925925925926
0 0.19965416666666666 0.38734259259259257 0.0326375 0.08333333333333333
0 0.28854166666666664 0.38657407407407407 0.04097083333333333 0.07252777777777777
0 0.7895833333333333 0.5895092592592592 0.07222083333333335 0.1450648148148148