0 0.3186708333333333 0.6197962962962963 0.07162083333333333 0.15105555555555555
0 0.259925 0.6081388888888889 0.07268333333333334 0.15821296296296297
0 0.5530083333333333 0.6315740740740741 0.06479166666666666 0.1505
0 0.39518333333333333 0.6301574074074074 0.07270416666666667 0.15537962962962965
0 0.25805833333333333 0.3688888888888889 0.058324999999999995 0.0980462962962963
0 0.199575 0.6027685185185185 0.07499583333333333 0.12785185185185186
0 0.6714458333333333 0.39035185185185184 0.043875 0.08427777777777777
0 0.5479708333333334 0.3837962962962963 0.03651666666666667 0.09182407407407407
0 0.62885 0.3746203703703703 0.050866666666666664 0.10994444444444444
0 0.142225 0.3833796296296296 0.051720833333333334 0.07468518518518519
0 0.42081666666666667 0.38785185185185184 0.03437916666666667 0.08460185185185186
0 0.37609583333333335 0.3794444444444445 0.042695833333333336 0.08486111111111112
0 0.5879458333333333 0.3822407407407407 0.034875 0.09674999999999999
0 0.77905 0.6078240740740741 0.08985 0.14567592592592593
0 0.5004166666666666 0.38399074074074074 0.03954166666666667 0.08666666666666666
0 0.11646666666666666 0.5888148148148148 0.049604166666666664 0.13694444444444445
0 0.4613625 0.38532407407407404 0.03498333333333333 0.08153703703703703
0 0.7627 0.39016666666666666 0.05115 0.08660185185185185
0 0.3325791666666667 0.37666666666666665 0.035041666666666665 0.08628703703703704
0 0.7088666666666666 0.598537037037037 0.0639125 0.14178703703703704
0 0.8435041666666667 0.6124444444444445 0.069325 0.13717592592592592
0 0.19407916666666666 0.3760648148148148 0.0664 0.09167592592592592
0 0.7943208333333333 0.39239814814814816 0.05568333333333333 0.0870462962962963
0 0.7140166666666667 0.3918888888888889 0.06420833333333333 0.08341666666666667
0 0.47831250000000003 0.6130740740740741 0.06980833333333333 0.16217592592592592
0 0.8463458333333334 0.40580555555555553 0.0564625 0.09094444444444444
0 0.6183000000000001 0.6049166666666667 0.07527083333333334 0.1651111111111111
0 0.30271666666666663 0.37237962962962967 0.04197083333333333 0.08958333333333333
0 0.21952916666666666 0.37498148148148147 0.035687500000000004 0.08989814814814816
0 0.7372166666666666 0.38952777777777775 0.0716 0.09139814814814815
0 0.6652625000000001 0.5976759259259259 0.06862083333333334 0.1606388888888889