0 0.5927831325301205 0.6285407725321888 0.08754216867469879 0.13293991416309014
0 0.6654578313253012 0.6096137339055794 0.07913253012048194 0.12051502145922746
0 0.7407469879518073 0.616587982832618 0.09174698795180723 0.12257510729613734
0 0.22183132530120483 0.3700214592274678 0.0612289156626506 0.07927038626609442
0 0.6046506024096385 0.3808798283261803 0.058891566265060244 0.07085836909871246
0 0.8697831325301204 0.614892703862661 0.09256626506024096 0.12399141630901288
0 0.4280602409638554 0.6151502145922747 0.07774698795180723 0.1336695278969957
0 0.5483373493975904 0.37010729613733906 0.046108433734939766 0.07969957081545065
0 0.40581927710843374 0.370450643776824 0.04914457831325301 0.07274678111587983
0 0.31121686746987953 0.3629828326180258 0.04702409638554217 0.08334763948497854
0 0.9278313253012048 0.6106866952789699 0.08966265060240965 0.10532188841201716
0 0.6510963855421686 0.37877682403433477 0.05030120481927711 0.09800429184549357
0 0.4570361445783132 0.3668884120171674 0.03665060240963856 0.09356223175965665
0 0.5054578313253012 0.37706008583690986 0.04244578313253012 0.07607296137339056
0 0.506433734939759 0.6170600858369099 0.08078313253012048 0.15435622317596567
0 0.3578072289156627 0.3811802575107296 0.04791566265060241 0.06763948497854078
0 0.8163734939759036 0.38512875536480684 0.056385542168674696 0.08109442060085836
0 0.9504457831325301 0.3930042918454935 0.0783132530120482 0.07809012875536481
0 0.07713253012048192 0.3824034334763948 0.04316867469879518 0.0756008583690987
0 0.2750120481927711 0.6249785407725322 0.07906024096385543 0.12527896995708154
0 0.2731686746987952 0.3643776824034335 0.04791566265060241 0.07553648068669529
0 0.9704096385542169 0.5967167381974249 0.05325301204819277 0.11991416309012876
0 0.8953132530120482 0.38774678111587985 0.06799999999999999 0.06849785407725323
0 0.154 0.6032188841201718 0.07933734939759035 0.13525751072961373
0 0.7724819277108433 0.380793991416309 0.06065060240963856 0.08291845493562232
0 0.1819277108433735 0.3719098712446352 0.05728915662650602 0.07851931330472103
0 0.3562409638554217 0.6121459227467811 0.072 0.15251072961373388
0 0.045795180722891564 0.5809442060085838 0.07242168674698796 0.1313519313304721
0 0.727132530120482 0.3768454935622318 0.05218072289156627 0.09667381974248926
0 0.20436144578313253 0.622725321888412 0.07621686746987952 0.12562231759656653
0 0.9847469879518073 0.3967381974248927 0.030277108433734937 0.06630901287553648
1 0.8008072289156626 0.6180257510729614 0.08032530120481927 0.1401931330472103
1 0.68955421686747 0.38697424892703863 0.049 0.09012875536480687
1 0.14216867469879518 0.37912017167381973 0.04015662650602409 0.07439914163090129
0 0.878710843373494 0.4663733905579399 0.09156626506024096 0.08010729613733905
0 0.10722891566265061 0.37482832618025747 0.042566265060240964 0.08010729613733905
0 0.09678313253012048 0.592274678111588 0.07791566265060242 0.13448497854077254