0 0.7293124999999999 0.6065925925925926 0.08162083333333332 0.14762962962962964
0 0.8540875 0.6176481481481481 0.05745416666666666 0.10405555555555555
0 0.6436833333333333 0.6358425925925927 0.059320833333333337 0.1514351851851852
0 0.3259208333333333 0.3763703703703704 0.051270833333333335 0.0938888888888889
0 0.7612041666666667 0.3902407407407407 0.04633333333333334 0.0717037037037037
0 0.58445 0.6327592592592592 0.060062500000000005 0.1311388888888889
0 0.283275 0.614462962962963 0.0790125 0.15005555555555555
0 0.26897499999999996 0.38851851851851854 0.057600000000000005 0.09439814814814815
0 0.8810291666666665 0.4101296296296296 0.05053333333333333 0.06848148148148148
0 0.45335416666666667 0.6255648148148149 0.06716666666666667 0.15041666666666664
0 0.1414625 0.5837777777777778 0.06174999999999999 0.15391666666666665
0 0.7030291666666667 0.38633333333333336 0.047112499999999995 0.07717592592592593
0 0.19680833333333334 0.39084259259259263 0.04794166666666667 0.06888888888888889
0 0.796175 0.6088796296296296 0.06727916666666667 0.14746296296296296
0 0.3907833333333333 0.6090277777777777 0.0694 0.17230555555555555
0 0.5529499999999999 0.38561111111111107 0.047924999999999995 0.0810462962962963
1 0.5105875000000001 0.3975740740740741 0.0344625 0.09846296296296296
0 0.6616708333333333 0.39039814814814816 0.051679166666666665 0.09521296296296296
0 0.5931583333333333 0.3901759259259259 0.03835416666666667 0.07472222222222223
0 0.440625 0.3925925925925926 0.04783333333333333 0.08171296296296296
0 0.8926041666666666 0.6070185185185185 0.03998333333333333 0.11256481481481481
0 0.5133125000000001 0.6313888888888889 0.061687500000000006 0.13072222222222224
0 0.6424333333333333 0.3922314814814815 0.05505833333333333 0.10214814814814814
1 0.35994166666666666 0.4050740740740741 0.02752083333333333 0.04625
1 0.22409583333333336 0.4102037037037037 0.0264625 0.03925
0 0.23607916666666667 0.5991944444444445 0.0694625 0.1615185185185185
1 0.7916291666666667 0.4140277777777778 0.0286 0.09368518518518519
1 0.4739583333333333 0.39737962962962964 0.034029166666666666 0.0941388888888889
1 0.17395833333333333 0.4027777777777778 0.014583333333333334 0.052472222222222226
1 0.15104166666666666 0.4066388888888889 0.022916666666666665 0.05400925925925926
1 0.3385416666666667 0.6334907407407407 0.050695833333333336 0.1373425925925926
1 0.8111125 0.4220648148148148 0.029166666666666667 0.07252777777777777
1 0.8364583333333333 0.42515740740740743 0.01875 0.05092592592592592
1 0.8597208333333333 0.4228425925925926 0.019445833333333332 0.046296296296296294
0 0.18402916666666666 0.6080277777777777 0.055554166666666675 0.14197222222222222