0 0.7294166666666666 0.606675925925926 0.08055 0.14701851851851852
0 0.6434458333333333 0.6359814814814815 0.05878333333333334 0.1509074074074074
0 0.3257875 0.3764074074074074 0.051166666666666666 0.09516666666666666
0 0.855425 0.6161018518518518 0.059583333333333335 0.09998148148148149
0 0.4533833333333333 0.6266481481481482 0.0672125 0.15303703703703703
0 0.26495416666666666 0.3860462962962963 0.06525416666666667 0.0915462962962963
0 0.7950333333333333 0.6063518518518519 0.06475 0.14564814814814817
0 0.5845125 0.6327777777777778 0.05965 0.13144444444444445
0 0.7605041666666666 0.3903611111111111 0.0453625 0.07198148148148148
0 0.88085 0.4095185185185185 0.051304166666666665 0.06960185185185186
0 0.2806875 0.6127037037037038 0.08062083333333334 0.1448148148148148
0 0.14204166666666665 0.5842222222222223 0.05814166666666666 0.14814814814814814
0 0.19698749999999998 0.3869259259259259 0.04845 0.07228703703703702
0 0.3912375 0.608824074074074 0.07005416666666667 0.16932407407407407
0 0.7071083333333333 0.39189814814814816 0.04842916666666667 0.07236111111111111
0 0.891975 0.6049444444444445 0.0404625 0.11319444444444444
0 0.6615583333333334 0.3905648148148148 0.05259166666666667 0.09627777777777778
0 0.5528666666666667 0.38458333333333333 0.046783333333333336 0.08192592592592593
1 0.5138375000000001 0.40669444444444447 0.029662499999999998 0.10096296296296296
0 0.5137625 0.6321203703703704 0.06280416666666666 0.14177777777777778
0 0.44078333333333336 0.3929722222222222 0.0500875 0.08258333333333333
0 0.5928416666666666 0.39011111111111113 0.038795833333333335 0.0751388888888889
0 0.1338375 0.38005555555555554 0.042429166666666664 0.08092592592592593
1 0.22883333333333336 0.4068703703703704 0.027675 0.04385185185185185
0 0.6450625 0.39216666666666666 0.0551 0.10516666666666666
1 0.7911833333333333 0.42394444444444446 0.030837500000000004 0.0745
1 0.3602666666666667 0.40497222222222223 0.027370833333333334 0.04677777777777778
1 0.34375 0.6296296296296297 0.04583333333333333 0.14814814814814814
1 0.1482625 0.4097222222222222 0.014583333333333334 0.05400925925925926
1 0.17257083333333334 0.4066388888888889 0.014583333333333334 0.057101851851851855
1 0.47430416666666664 0.4020092592592593 0.0361125 0.10030555555555555
1 0.7309041666666667 0.4058611111111111 0.028470833333333334 0.07715740740740741
1 0.8607625 0.41975 0.01875 0.052472222222222226
1 0.8392375000000001 0.4236111111111111 0.0173625 0.04475
1 0.8149291666666666 0.4166666666666667 0.01875 0.06789814814814815
0 0.18854166666666666 0.6134259259259259 0.06319583333333333 0.14043518518518516
0 0.23541666666666666 0.6033981481481481 0.0736125 0.16666666666666666
0 0.4010416666666667 0.3827129629629629 0.03958333333333333 0.11728703703703704