0 0.7296791666666667 0.6067870370370371 0.08162083333333332 0.14775925925925928
0 0.8544958333333333 0.6160740740740741 0.05723333333333334 0.09963888888888889
0 0.32619166666666666 0.3757962962962963 0.051791666666666666 0.09275
0 0.6435041666666667 0.6353981481481482 0.0589875 0.15239814814814814
0 0.4537583333333333 0.6264722222222222 0.06805 0.15138888888888888
0 0.5848791666666667 0.6324351851851852 0.0632125 0.12873148148148147
0 0.2694 0.388 0.058425 0.0930925925925926
0 0.8806291666666668 0.40986111111111106 0.05040416666666667 0.0685925925925926
0 0.28352083333333333 0.6146388888888888 0.0784875 0.14988888888888888
0 0.7610208333333334 0.39072222222222225 0.0455375 0.07132407407407408
0 0.19467083333333332 0.3899166666666667 0.054545833333333335 0.07424074074074075
0 0.702825 0.3857685185185185 0.0461125 0.07666666666666666
0 0.14270416666666666 0.5825833333333333 0.06372083333333334 0.15262037037037038
0 0.7950666666666667 0.6076574074074074 0.0700125 0.15158333333333335
0 0.441175 0.3934814814814815 0.049979166666666665 0.08002777777777778
0 0.8928541666666666 0.6063888888888889 0.040579166666666666 0.11378703703703703
0 0.39119583333333335 0.6090462962962963 0.0678625 0.16694444444444445
1 0.514125 0.39825925925925926 0.03335833333333334 0.11125925925925925
0 0.5528958333333334 0.3858888888888889 0.0459375 0.08134259259259259
0 0.6613458333333333 0.3906296296296296 0.0512875 0.09523148148148147
0 0.5927375 0.3902037037037037 0.0387 0.07476851851851851
0 0.51355 0.6328148148148148 0.06276666666666667 0.1410462962962963
0 0.6431625 0.39220370370370367 0.0550625 0.10185185185185185
1 0.22922499999999998 0.40726851851851853 0.02732083333333333 0.04382407407407407
1 0.3602458333333333 0.4058703703703703 0.027745833333333334 0.04774074074074074
0 0.2357041666666667 0.5991018518518518 0.068725 0.16108333333333333
1 0.7930333333333334 0.41314814814814815 0.024475 0.09075000000000001
0 0.18680416666666666 0.5995370370370371 0.05694583333333333 0.17437962962962963
0 0.4010416666666667 0.3726851851851852 0.04791666666666667 0.11265740740740741
0 0.28715416666666665 0.38425925925925924 0.034029166666666666 0.10802777777777778
1 0.1673625 0.4050925925925926 0.022220833333333332 0.05400925925925926
1 0.475 0.4020092592592593 0.0388875 0.09104629629629629
1 0.7326374999999999 0.4035462962962963 0.0375 0.08178703703703703
1 0.8631958333333334 0.41821296296296295 0.025 0.058638888888888886
1 0.8381958333333334 0.41358333333333336 0.027779166666666667 0.06789814814814815
1 0.8142375000000001 0.4158981481481482 0.024304166666666665 0.06944444444444445
1 0.68125 0.6257685185185186 0.040279166666666665 0.10648148148148148
1 0.34097083333333333 0.632712962962963 0.058333333333333334 0.13580555555555554