0 0.6530333333333334 0.6311666666666667 0.06803333333333333 0.15338888888888888
0 0.18174166666666666 0.615462962962963 0.0653125 0.12097222222222223
0 0.5819458333333334 0.637962962962963 0.056725 0.13446296296296295
0 0.43854166666666666 0.3688981481481482 0.04450833333333333 0.08992592592592594
0 0.7288 0.3791203703703704 0.05145 0.09987037037037037
0 0.8497541666666667 0.6186296296296296 0.0697125 0.11196296296296296
0 0.7931708333333333 0.38969444444444445 0.05770416666666667 0.09513888888888888
0 0.22657916666666666 0.6184259259259259 0.05983333333333333 0.1404074074074074
0 0.5525166666666667 0.3824722222222222 0.04237916666666666 0.08294444444444445
0 0.5120625 0.6277592592592592 0.056745833333333336 0.14100925925925925
0 0.33418333333333333 0.6160092592592592 0.07501666666666666 0.1635277777777778
0 0.44971249999999996 0.6308055555555555 0.06526666666666667 0.1383425925925926
0 0.2762 0.6189444444444445 0.06402083333333333 0.15116666666666667
0 0.19730833333333334 0.39285185185185184 0.04595416666666667 0.07177777777777777
0 0.6293875 0.3913981481481481 0.05155416666666667 0.09986111111111111
0 0.892425 0.6055 0.05384166666666667 0.1370648148148148
0 0.39529583333333335 0.3849722222222222 0.046462500000000004 0.08438888888888889
0 0.8426416666666666 0.39262037037037034 0.0435125 0.08387037037037037
0 0.13015833333333332 0.595 0.040037500000000004 0.11255555555555556
1 0.22087083333333335 0.40925 0.0287 0.07606481481481482
0 0.35162499999999997 0.3969814814814815 0.034320833333333335 0.05862037037037037
0 0.8978208333333333 0.41531481481481486 0.03474583333333334 0.08017592592592593
0 0.8697458333333333 0.40375 0.038066666666666665 0.0850925925925926
1 0.2527041666666667 0.4075092592592593 0.027904166666666667 0.0873425925925926
1 0.7025708333333334 0.4096666666666667 0.03562916666666667 0.09687962962962962
0 0.7824 0.9555462962962963 0.14899583333333333 0.0880925925925926
1 0.3948 0.6376111111111111 0.04945833333333333 0.12946296296296295
1 0.47634583333333336 0.39369444444444446 0.04107083333333333 0.0880925925925926
1 0.7152791666666667 0.6365740740740741 0.04722083333333333 0.11574074074074074
1 0.7635416666666667 0.6435185185185185 0.0451375 0.10493518518518519
1 0.8083333333333333 0.632712962962963 0.0361125 0.1111111111111111
1 0.7607625 0.41358333333333336 0.034029166666666666 0.06481481481481481
1 0.6618041666666666 0.4058611111111111 0.0388875 0.08641666666666667
1 0.5899291666666666 0.4027777777777778 0.04375 0.08641666666666667
1 0.515625 0.39814814814814814 0.04375 0.06481481481481481
1 0.32742916666666666 0.3950648148148148 0.036804166666666666 0.08333333333333333
1 0.29097083333333335 0.39814814814814814 0.030554166666666667 0.07407407407407407
1 0.175 0.39969444444444446 0.020833333333333332 0.06789814814814815
1 0.14548750000000002 0.6242314814814814 0.0326375 0.11574074074074074