0 0.5911757575757576 0.6349361702127659 0.0846060606060606 0.1216595744680851
0 0.22454545454545455 0.385468085106383 0.05728484848484848 0.07463829787234043
0 0.4302909090909091 0.615936170212766 0.0928121212121212 0.14217021276595743
0 0.8696363636363637 0.6233617021276596 0.10055757575757575 0.12936170212765957
0 0.20601212121212123 0.6140851063829788 0.0796 0.16217021276595744
1 0.5023636363636363 0.3840425531914894 0.05123636363636364 0.08623404255319149
0 0.17717575757575757 0.38451063829787235 0.05145454545454546 0.0766595744680851
0 0.14323636363636363 0.6129787234042554 0.0715030303030303 0.12804255319148936
0 0.3519878787878788 0.6103829787234042 0.0808 0.1756595744680851
0 0.5514545454545454 0.38542553191489365 0.04672727272727272 0.0957659574468085
0 0.3564242424242424 0.382063829787234 0.046363636363636364 0.09951063829787235
1 0.5006545454545455 0.6272553191489362 0.06967272727272728 0.13740425531914893
1 0.6419636363636364 0.6513829787234042 0.0614060606060606 0.11551063829787234
0 0.0824969696969697 0.6125744680851064 0.0714060606060606 0.11297872340425533
0 0.27526060606060604 0.6197021276595744 0.07905454545454545 0.15487234042553194
0 0.8510060606060607 0.3921702127659574 0.07006060606060606 0.07787234042553191
0 0.9720727272727273 0.6146595744680851 0.05077575757575758 0.12759574468085105
0 0.7329454545454545 0.38755319148936174 0.05020606060606061 0.0751063829787234
1 0.27161212121212125 0.39170212765957446 0.04304242424242424 0.07508510638297872
0 0.03204848484848485 0.6008936170212766 0.05768484848484849 0.1397872340425532
0 0.9163272727272728 0.39863829787234045 0.04475151515151515 0.08193617021276595
1 0.4534060606060606 0.39165957446808514 0.05391515151515151 0.07848936170212766
1 0.6955757575757576 0.6409361702127659 0.07589090909090909 0.1264255319148936
0 0.31193939393939396 0.3818297872340426 0.04824242424242424 0.10106382978723404
0 0.9377939393939393 0.6263829787234042 0.09020606060606061 0.112
0 0.7760363636363636 0.38604255319148933 0.056290909090909086 0.07908510638297872
0 0.6612121212121213 0.39610638297872336 0.06667878787878788 0.09846808510638298
0 0.9810545454545455 0.40893617021276596 0.03490909090909091 0.07280851063829787
1 0.7636363636363637 0.6425531914893617 0.06464242424242424 0.1276595744680851
1 0.816969696969697 0.6347446808510638 0.05494545454545454 0.12057446808510638
1 0.5967636363636364 0.39361702127659576 0.05252121212121212 0.08653191489361703
1 0.07111515151515152 0.4035531914893617 0.03232727272727273 0.06382978723404255
0 0.14221818181818183 0.37729787234042556 0.05333333333333334 0.11631914893617022
0 0.10303030303030303 0.3900638297872341 0.03797575757575757 0.08227659574468085
1 0.4080848484848485 0.39148936170212767 0.050096969696969695 0.07942553191489361
0 0.6868727272727272 0.3801489361702127 0.050096969696969695 0.09644680851063829
0 0.811309090909091 0.39291489361702125 0.048484848484848485 0.08793617021276595
0 0.8840363636363637 0.3992978723404255 0.046872727272727274 0.08085106382978724
0 0.9414181818181818 0.39787234042553193 0.051721212121212126 0.09219148936170213