0 0.5851541666666666 0.6352592592592593 0.06528333333333333 0.12902777777777777
0 0.19385 0.38539814814814816 0.055662500000000004 0.08001851851851852
0 0.47677916666666664 0.3711759259259259 0.056591666666666665 0.09848148148148148
0 0.5495249999999999 0.3806296296296296 0.04783333333333333 0.08835185185185185
0 0.6313375 0.3913425925925926 0.0510375 0.09887037037037037
0 0.7020958333333334 0.3943240740740741 0.05752083333333334 0.08702777777777777
0 0.8519583333333334 0.6204999999999999 0.06637916666666667 0.10799074074074073
0 0.4481125 0.633425925925926 0.06127083333333334 0.14162037037037037
0 0.7971583333333334 0.38962962962962966 0.06507916666666666 0.09620370370370371
0 0.5141041666666666 0.6311851851851852 0.06632916666666666 0.14547222222222222
0 0.8813791666666666 0.4045462962962963 0.047404166666666664 0.07392592592592592
0 0.281425 0.6135092592592593 0.07870416666666666 0.1701851851851852
0 0.32594999999999996 0.3752962962962963 0.05438333333333334 0.09390740740740741
0 0.2881666666666667 0.38749074074074075 0.043375 0.08028703703703703
0 0.14078333333333334 0.40084259259259264 0.04915833333333333 0.08834259259259258
1 0.39915 0.3944166666666667 0.042883333333333336 0.10760185185185185
0 0.35580833333333334 0.37922222222222224 0.04354583333333333 0.0883148148148148
1 0.6690958333333333 0.642824074074074 0.05599583333333333 0.12792592592592592
0 0.733925 0.39569444444444446 0.05201666666666667 0.08108333333333333
0 0.14314583333333333 0.6021203703703704 0.05520833333333333 0.12002777777777777
1 0.2569416666666667 0.39898148148148144 0.02874583333333333 0.06933333333333333
0 0.16681666666666667 0.6078425925925927 0.07704583333333333 0.13062037037037036
1 0.8392541666666666 0.4136574074074074 0.022270833333333333 0.0793611111111111
0 0.8944041666666668 0.6061481481481481 0.038175 0.11547222222222221
1 0.33944583333333334 0.6317314814814815 0.060116666666666665 0.11435185185185186
0 0.22424583333333337 0.6179537037037037 0.06134583333333333 0.14155555555555555
1 0.6190958333333333 0.6419722222222223 0.04375 0.10802777777777778
1 0.7184041666666667 0.6404351851851852 0.050695833333333336 0.10802777777777778
1 0.7677083333333333 0.6388888888888888 0.036804166666666666 0.09259259259259259
1 0.8111125 0.6388888888888888 0.0388875 0.08950925925925926
1 0.7614583333333333 0.4097222222222222 0.027083333333333334 0.07252777777777777
1 0.6607624999999999 0.4089537037037037 0.035416666666666666 0.07715740740740741
1 0.5868041666666667 0.4020092592592593 0.04722083333333333 0.08487962962962962
1 0.5131958333333334 0.39428703703703705 0.0375 0.07252777777777777
1 0.4402791666666667 0.40046296296296297 0.041666666666666664 0.08487962962962962
1 0.22395833333333334 0.39814814814814814 0.036804166666666666 0.07407407407407407
1 0.16909583333333333 0.40046296296296297 0.0326375 0.0787037037037037
1 0.8611125000000001 0.41358333333333336 0.030554166666666667 0.08025