0 0.5900564236111111 0.6311496913580247 0.08402777777777777 0.13092592592592592
0 0.4256727430555556 0.6042824074074074 0.0882986111111111 0.17434413580246913
0 0.7416579861111111 0.6297222222222222 0.08987413194444444 0.13493055555555555
0 0.27532552083333334 0.6076774691358025 0.09316840277777777 0.15949074074074074
0 0.5057769097222222 0.6286188271604939 0.07889756944444444 0.12989197530864197
0 0.6722569444444445 0.6297762345679013 0.08334635416666666 0.13672839506172837
0 0.1436328125 0.6140277777777777 0.09827256944444444 0.13959876543209876
0 0.40891927083333335 0.3693287037037037 0.05197048611111111 0.0831712962962963
0 0.8163758680555556 0.632337962962963 0.08891493055555556 0.11789351851851851
0 0.3560546875 0.3737345679012346 0.05992621527777778 0.08304783950617284
0 0.9731684027777777 0.6030787037037038 0.053663194444444444 0.12842592592592592
0 0.4540190972222222 0.3801157407407407 0.05147135416666667 0.08047067901234568
0 0.031835937499999994 0.5983796296296297 0.058789062499999996 0.13847993827160493
0 0.7781510416666666 0.3911728395061728 0.07404947916666667 0.07693672839506173
0 0.8740147569444444 0.6234336419753087 0.08062065972222222 0.12064043209876543
0 0.09924479166666667 0.388858024691358 0.06895399305555555 0.06564043209876542
0 0.25769097222222226 0.3707253086419753 0.06927083333333334 0.09348765432098766
0 0.9261284722222223 0.6161342592592592 0.0713454861111111 0.10350308641975307
1 0.3565581597222222 0.6502854938271605 0.0661154513888889 0.06720679012345679
0 0.8869357638888888 0.3925848765432099 0.07460503472222221 0.07795524691358025
0 0.6020963541666666 0.3898688271604938 0.04953559027777778 0.06102623456790124
0 0.6523784722222222 0.3913811728395062 0.049726562499999995 0.08046296296296296
0 0.5527734375 0.3801851851851852 0.05174913194444444 0.07391975308641975
0 0.9573220486111111 0.4070061728395062 0.06950520833333333 0.07991512345679012
0 0.30539930555555556 0.37863425925925925 0.04767795138888889 0.08175154320987654
0 0.9805034722222222 0.41004629629629624 0.036245659722222226 0.07217592592592594
1 0.21174913194444445 0.6425 0.05926215277777777 0.07508487654320987
0 0.08694878472222223 0.6056404320987654 0.0869704861111111 0.12208333333333334
0 0.9880164930555555 0.8392515432098766 0.02396701388888889 0.05239969135802469
1 0.50390625 0.39274691358024694 0.044270833333333336 0.07253086419753087
1 0.6840277777777778 0.4027777777777778 0.041666666666666664 0.07098765432098765
1 0.7248263888888888 0.39969135802469136 0.03993055555555555 0.08024691358024691
1 0.8072916666666666 0.3942901234567901 0.03125 0.07253086419753087
1 0.83984375 0.4012345679012346 0.044270833333333336 0.07407407407407407
1 0.1875 0.39737654320987653 0.03125 0.06635802469135803
1 0.14713541666666666 0.3912037037037037 0.04079861111111111 0.08179012345679013
0 0.06770833333333333 0.38657407407407407 0.052083333333333336 0.08179012345679013