0 0.14465711805555556 0.6119444444444445 0.09412326388888889 0.14897376543209875
0 0.8766796874999999 0.620216049382716 0.08576388888888889 0.098125
0 0.35940104166666664 0.606087962962963 0.08414930555555555 0.1528858024691358
0 0.5907725694444445 0.6335802469135803 0.07994791666666666 0.12237654320987654
0 0.6635590277777778 0.6334490740740741 0.08763888888888888 0.14731481481481482
0 0.8545269097222222 0.39108024691358023 0.0745095486111111 0.08141975308641974
0 0.45504774305555556 0.3841280864197531 0.05513454861111111 0.08050925925925927
0 0.4045225694444444 0.3731558641975309 0.056584201388888894 0.08520833333333334
0 0.6566623263888889 0.3923765432098765 0.06444878472222222 0.08720679012345679
0 0.5027777777777778 0.6300925925925926 0.0801953125 0.1355864197530864
0 0.5523046875 0.38236882716049386 0.056171874999999996 0.07509259259259259
0 0.5042144097222222 0.3863503086419753 0.052087673611111114 0.07516203703703704
0 0.7337326388888888 0.6133564814814815 0.10463975694444444 0.16002314814814814
0 0.7836935763888889 0.3914969135802469 0.07064236111111111 0.07310956790123457
0 0.9175607638888889 0.3971527777777778 0.06131076388888888 0.06931327160493828
0 0.35485677083333333 0.37734567901234567 0.056692708333333335 0.0812037037037037
0 0.12444444444444445 0.38641975308641974 0.08196180555555556 0.06838734567901235
0 0.205625 0.3911033950617284 0.06308159722222223 0.0698533950617284
0 0.9727039930555557 0.40993827160493823 0.05355902777777778 0.061983024691358024
0 0.07561631944444444 0.6070833333333333 0.0756640625 0.11494598765432099
1 0.5990581597222222 0.39621141975308644 0.041015625 0.08036265432098766
1 0.731015625 0.40141975308641975 0.0505859375 0.09168981481481481
0 0.9728211805555556 0.6074614197530864 0.04530381944444444 0.11694444444444445
0 0.9299739583333333 0.6162191358024691 0.06720920138888889 0.08917438271604938
0 0.044110243055555554 0.5913657407407407 0.07129774305555556 0.12342592592592594
0 0.2801779513888889 0.6045370370370371 0.07539930555555556 0.18015432098765433
0 0.07849826388888889 0.3898533950617284 0.06393663194444445 0.06435185185185185
1 0.4270833333333333 0.6319444444444444 0.0798611111111111 0.14351851851851852
1 0.2126736111111111 0.6226851851851852 0.08159722222222222 0.1404320987654321
1 0.8133680555555556 0.6280864197530864 0.06770833333333333 0.12345679012345678
1 0.6879340277777778 0.4097222222222222 0.04774305555555555 0.07253086419753087
1 0.8177083333333334 0.4050925925925926 0.036458333333333336 0.06018518518518518
1 0.8810763888888888 0.4066358024691358 0.036458333333333336 0.07253086419753087
1 0.9418402777777778 0.4112654320987654 0.027777777777777776 0.06327160493827161
1 0.26953125 0.39969135802469136 0.0390625 0.06790123456790123
1 0.16666666666666666 0.39737654320987653 0.043402777777777776 0.06944444444444445