0 0.5925477430555556 0.6336265432098765 0.07805555555555556 0.1267361111111111
0 0.6706423611111112 0.6319212962962963 0.09091145833333333 0.15465277777777778
0 0.42669270833333334 0.6097916666666666 0.08699652777777778 0.17554012345679013
0 0.5060633680555555 0.6270987654320987 0.08163194444444445 0.13747685185185185
0 0.7436848958333333 0.6325848765432099 0.09026909722222222 0.14992283950617286
0 0.815529513888889 0.6355555555555555 0.0866232638888889 0.12477623456790124
0 0.20516927083333333 0.6091203703703704 0.081484375 0.14016975308641974
0 0.2785763888888889 0.607554012345679 0.08784288194444444 0.16933641975308641
0 0.9687760416666666 0.604621913580247 0.062443576388888894 0.1388503086419753
0 0.4552907986111111 0.38763888888888887 0.05008680555555556 0.07636574074074073
0 0.1417578125 0.6150848765432099 0.07529079861111111 0.14587191358024693
0 0.08282986111111111 0.6127546296296297 0.07188368055555555 0.1163966049382716
0 0.5535243055555555 0.38763888888888887 0.05039496527777778 0.07772376543209877
0 0.7783203125 0.3966435185185185 0.06254340277777777 0.08422067901234569
0 0.8987717013888888 0.396658950617284 0.09357204861111111 0.08813271604938272
0 0.4061328125 0.3768518518518518 0.04956597222222223 0.07776234567901234
0 0.02641927083333333 0.5928317901234568 0.05046875 0.12511574074074075
0 0.6982118055555556 0.388587962962963 0.053098958333333335 0.08686728395061728
0 0.6515668402777778 0.3891203703703704 0.05342447916666667 0.08817901234567901
0 0.871875 0.6239737654320987 0.08407552083333333 0.1288888888888889
0 0.6036762152777777 0.39131172839506173 0.0466015625 0.06250771604938272
1 0.3624435763888889 0.6491203703703704 0.06145833333333333 0.07804783950617285
1 0.5045529513888889 0.3935956790123457 0.043407118055555555 0.06344907407407407
0 0.3031076388888889 0.3841820987654321 0.055572916666666666 0.08080246913580247
0 0.9851041666666666 0.41199074074074077 0.029626736111111114 0.07162037037037036
1 0.18510416666666668 0.40478395061728395 0.041566840277777774 0.03258487654320987
0 0.2505078125 0.4038966049382716 0.05161458333333333 0.05140432098765432
0 0.10671440972222222 0.3936728395061728 0.055763888888888884 0.06410493827160493
0 0.9231597222222222 0.6201466049382717 0.06769965277777777 0.1096527777777778
1 0.3607204861111111 0.3900077160493827 0.041063368055555556 0.06625771604938271
1 0.21733506944444445 0.40526234567901237 0.033828125 0.02914351851851852
0 0.02065972222222222 0.9579475308641975 0.038411458333333336 0.08411265432098766
1 0.8439756944444444 0.40205246913580245 0.04369791666666667 0.07034722222222223
1 0.14322916666666666 0.39351851851851855 0.03125 0.08950617283950617
1 0.0759548611111111 0.4058641975308642 0.028645833333333332 0.06172839506172839
1 0.042534722222222224 0.621141975308642 0.036458333333333336 0.10648148148148148
1 0.7330729166666666 0.39737654320987653 0.035590277777777776 0.07253086419753087
1 0.8077256944444444 0.40046296296296297 0.028645833333333332 0.06327160493827161
1 0.9522569444444444 0.41898148148148145 0.036458333333333336 0.07561728395061729