0 0.5915928819444445 0.6344058641975309 0.08453559027777778 0.12854938271604938
0 0.1453125 0.6115817901234568 0.08807291666666667 0.153695987654321
0 0.35971788194444443 0.6081018518518518 0.08797309027777778 0.1627469135802469
0 0.45532118055555554 0.38386574074074076 0.05452690972222222 0.08040895061728394
0 0.8554210069444445 0.3913888888888889 0.06848958333333334 0.07952160493827161
0 0.4052300347222222 0.3753317901234568 0.05520399305555555 0.07724537037037037
0 0.8757508680555556 0.6208410493827161 0.08779079861111111 0.10080246913580246
0 0.6636588541666666 0.633341049382716 0.07882378472222223 0.14222993827160496
0 0.6558333333333333 0.3914351851851852 0.06345486111111111 0.08675925925925926
0 0.5048394097222223 0.38602623456790125 0.05286458333333333 0.07688271604938271
0 0.5041102430555555 0.6313811728395061 0.07712673611111111 0.1322608024691358
0 0.180859375 0.383125 0.06591579861111112 0.08090277777777777
0 0.27391493055555555 0.6073070987654321 0.08611111111111111 0.16469907407407405
0 0.9155729166666666 0.3935570987654321 0.057356770833333334 0.07085648148148148
0 0.5524262152777778 0.3790046296296296 0.054809027777777776 0.07202932098765431
0 0.07803385416666667 0.6053626543209876 0.07571614583333333 0.11666666666666665
0 0.9721310763888888 0.6095138888888888 0.048250868055555556 0.12347222222222223
0 0.13819010416666666 0.3798688271604938 0.045286458333333335 0.07570216049382716
0 0.9520963541666667 0.9327314814814814 0.08180555555555555 0.13229938271604938
1 0.7728385416666667 0.6510262345679012 0.06261284722222221 0.07155092592592593
1 0.8300824652777777 0.656195987654321 0.06067708333333334 0.07498456790123458
1 0.5994921875 0.4041975308641976 0.04405381944444445 0.08354166666666667
1 0.7317057291666667 0.40641975308641975 0.04555121527777778 0.07761574074074075
1 0.42578125 0.6334876543209876 0.0703125 0.1527777777777778
1 0.7065972222222222 0.6365740740740741 0.05555555555555555 0.11882716049382716
1 0.6888020833333334 0.4058641975308642 0.03732638888888889 0.06481481481481481
1 0.7682291666666666 0.404320987654321 0.03125 0.06790123456790123
1 0.8051215277777778 0.39814814814814814 0.051215277777777776 0.08024691358024691
1 0.8819444444444444 0.404320987654321 0.04513888888888889 0.06790123456790123
1 0.9561631944444444 0.4104938271604938 0.042534722222222224 0.08024691358024691
1 0.3619791666666667 0.39969135802469136 0.05555555555555555 0.09567901234567901
1 0.2717013888888889 0.3958333333333333 0.04513888888888889 0.07253086419753087
1 0.22005208333333334 0.39274691358024694 0.04600694444444445 0.09104938271604938
1 0.21744791666666666 0.6311728395061729 0.06510416666666667 0.11419753086419752
0 0.04210069444444445 0.5987654320987654 0.06336805555555555 0.13271604938271606
0 0.07161458333333333 0.38580246913580246 0.042534722222222224 0.07407407407407407
0 0.9266493055555556 0.6118827160493827 0.0685763888888889 0.1095679012345679
0 0.0993923611111111 0.3873456790123457 0.0390625 0.08950617283950617