0 0.8771137152777777 0.621929012345679 0.07226128472222222 0.10430555555555555
0 0.5871137152777778 0.6335725308641975 0.07779513888888889 0.1277083333333333
0 0.7136197916666667 0.6338966049382716 0.08156684027777777 0.13417438271604937
0 0.1827300347222222 0.38280092592592596 0.056098090277777776 0.06933641975308642
0 0.5016840277777779 0.6278858024691358 0.08697482638888888 0.15513888888888888
0 0.7972395833333333 0.6072839506172839 0.08412326388888888 0.16198302469135803
0 0.2747309027777778 0.6047762345679012 0.08552083333333332 0.1649151234567901
0 0.406953125 0.3705555555555556 0.05613715277777778 0.08915895061728395
0 0.7723524305555556 0.3894907407407407 0.06516059027777778 0.08326388888888889
0 0.6032682291666667 0.3912422839506173 0.05342881944444444 0.07342592592592592
0 0.5501866319444445 0.3781327160493827 0.054735243055555556 0.08091820987654322
0 0.9701258680555556 0.6046682098765432 0.05462239583333333 0.1166898148148148
0 0.22479166666666664 0.37881944444444443 0.05455729166666667 0.07611882716049383
0 0.3579557291666667 0.37614197530864196 0.05861111111111111 0.09467592592592593
0 0.14794270833333334 0.6032793209876544 0.08062065972222222 0.1583179012345679
0 0.5019618055555556 0.37908950617283954 0.050659722222222224 0.07995370370370371
0 0.8531119791666666 0.3908101851851852 0.06768663194444444 0.08036265432098766
0 0.9283420138888889 0.6177083333333333 0.06259548611111111 0.1008641975308642
0 0.4530598958333333 0.37472222222222223 0.050243055555555555 0.08354938271604938
0 0.915251736111111 0.3933641975308642 0.048736979166666666 0.0670679012345679
0 0.20796006944444445 0.6238734567901234 0.0691015625 0.15536265432098764
0 0.02964409722222222 0.5912885802469136 0.058932291666666664 0.14554012345679013
0 0.306640625 0.3796682098765432 0.054743923611111106 0.08646604938271606
0 0.07112413194444445 0.38804783950617283 0.055334201388888886 0.06496913580246914
0 0.13497395833333334 0.38006944444444446 0.05134548611111111 0.0672145061728395
0 0.2646657986111111 0.374320987654321 0.043446180555555554 0.06834104938271604
0 0.08368489583333333 0.6044135802469136 0.07319878472222223 0.12101080246913581
0 0.6978211805555555 0.389320987654321 0.05330295138888889 0.08638888888888889
0 0.0289453125 0.3873148148148148 0.04665798611111111 0.0672145061728395
0 0.9560894097222222 0.40465277777777775 0.05244791666666667 0.06695216049382716
0 0.9810416666666667 0.40831790123456785 0.037921006944444446 0.06611882716049383
1 0.42070746527777775 0.6412731481481482 0.06782986111111111 0.08439814814814814
0 0.6496440972222222 0.3884182098765432 0.05322916666666667 0.09057098765432098
1 0.7323784722222223 0.4094753086419753 0.033914930555555556 0.04588734567901234
1 0.3541666666666667 0.6319444444444444 0.06597222222222222 0.10030864197530864
1 0.6388888888888888 0.6388888888888888 0.052083333333333336 0.11728395061728394
1 0.8068576388888888 0.41280864197530864 0.0390625 0.05401234567901234
0 0.1037326388888889 0.38425925925925924 0.03732638888888889 0.09259259259259259