0 0.5905946180555556 0.6310493827160494 0.07981336805555556 0.12223765432098764
0 0.42605902777777777 0.6076234567901234 0.08795572916666666 0.1730787037037037
0 0.4097265625 0.37112654320987654 0.0543359375 0.08241512345679013
0 0.9697092013888889 0.6035956790123457 0.06058159722222223 0.1376466049382716
0 0.6743185763888889 0.6277546296296297 0.08927951388888888 0.13909722222222223
0 0.8093142361111112 0.6329552469135802 0.10301215277777778 0.1266358024691358
0 0.5058810763888889 0.6237114197530864 0.07868489583333332 0.13585648148148147
0 0.27765625 0.6049074074074074 0.08706163194444444 0.16844135802469137
0 0.4539192708333333 0.38168209876543213 0.053359375 0.08347993827160494
0 0.08492621527777777 0.6116666666666667 0.07396267361111111 0.11461419753086419
0 0.5513237847222222 0.38343364197530866 0.05095486111111111 0.07780092592592593
0 0.14329427083333332 0.6131635802469135 0.07677083333333333 0.1401851851851852
0 0.2035590277777778 0.6086574074074075 0.08046440972222221 0.14318672839506172
0 0.8700260416666666 0.6203858024691358 0.08729166666666667 0.1343364197530864
0 0.6537803819444444 0.39131172839506173 0.05569878472222223 0.08939814814814814
0 0.024852430555555555 0.5849691358024691 0.048849826388888885 0.1398611111111111
0 0.8973480902777777 0.3943672839506173 0.09405815972222223 0.0820679012345679
0 0.6025217013888889 0.3910108024691358 0.05036024305555556 0.0630787037037037
0 0.10331597222222222 0.38593364197530866 0.05818576388888889 0.06374228395061729
0 0.7740581597222222 0.391929012345679 0.06446180555555556 0.07664351851851851
0 0.9265625000000001 0.6207253086419753 0.07043402777777778 0.10808641975308643
0 0.9846354166666667 0.41051697530864195 0.030698784722222223 0.07128086419753087
1 0.2684505208333333 0.4067052469135803 0.04401041666666667 0.04013888888888889
1 0.22453993055555557 0.409104938271605 0.045260416666666664 0.03933641975308642
0 0.3077300347222222 0.3791049382716049 0.047903645833333335 0.0832253086419753
1 0.35520399305555556 0.39793981481481483 0.04496527777777778 0.03525462962962963
1 0.7410590277777778 0.6615817901234567 0.0646875 0.07523148148148148
1 0.18519097222222222 0.4050231481481481 0.038862847222222226 0.03794753086419753
1 0.7222178819444445 0.4051388888888888 0.0398828125 0.037669753086419754
0 0.0635546875 0.38963734567901237 0.05130642361111111 0.06540895061728395
0 0.032304687500000005 0.9494907407407407 0.06232638888888889 0.10102623456790125
1 0.1348220486111111 0.40598765432098766 0.03592447916666666 0.03202932098765432
1 0.8436328125 0.413533950617284 0.03320746527777778 0.025625000000000002
1 0.3528645833333333 0.6388888888888888 0.06510416666666667 0.13580246913580246
1 0.04600694444444445 0.6149691358024691 0.043402777777777776 0.125
1 0.8046875 0.4027777777777778 0.026041666666666668 0.06481481481481481
1 0.9513888888888888 0.41280864197530864 0.036458333333333336 0.06635802469135803
1 0.6818576388888888 0.3966049382716049 0.03732638888888889 0.07407407407407407
1 0.5008680555555556 0.3912037037037037 0.03993055555555555 0.07561728395061729