0 0.87359375 0.623479938271605 0.08188368055555556 0.10496913580246912
0 0.589921875 0.6384567901234568 0.08164496527777779 0.13890432098765432
0 0.7088802083333333 0.6041126543209876 0.09114583333333333 0.15356481481481482
0 0.5053993055555556 0.6313194444444444 0.06959635416666667 0.14770061728395062
0 0.42695312500000004 0.6245447530864198 0.08041666666666666 0.14979938271604937
0 0.3503515625 0.630871913580247 0.07934027777777779 0.13625771604938272
0 0.2759765625 0.6062885802469136 0.08309461805555556 0.1647530864197531
0 0.6489192708333333 0.3929089506172839 0.06490451388888889 0.10255401234567901
0 0.9698611111111111 0.6075925925925927 0.05475260416666667 0.1228395061728395
0 0.0813454861111111 0.6181635802469135 0.07279947916666667 0.11944444444444445
0 0.9283159722222223 0.620108024691358 0.06859375 0.10857253086419753
0 0.8541059027777778 0.39184413580246913 0.07371527777777778 0.09063271604938271
0 0.14118489583333335 0.6116203703703703 0.07415364583333334 0.14276234567901236
0 0.4552083333333333 0.37844135802469137 0.053693576388888886 0.0988966049382716
0 0.5040885416666667 0.3833179012345679 0.04827256944444444 0.08847222222222222
0 0.06813802083333334 0.3930864197530864 0.04599392361111111 0.0760570987654321
0 0.2120269097222222 0.38479938271604935 0.06657552083333333 0.07688271604938271
0 0.13555989583333333 0.387608024691358 0.055186631944444446 0.07958333333333334
0 0.20673177083333333 0.6259645061728395 0.07276909722222222 0.1560108024691358
0 0.9163194444444444 0.39371913580246914 0.05439236111111111 0.0790432098765432
0 0.9841059027777779 0.411712962962963 0.031788194444444445 0.0698996913580247
0 0.3060373263888889 0.3881404320987654 0.05517361111111111 0.0898611111111111
1 0.2608506944444444 0.40358024691358024 0.03293402777777778 0.04877314814814815
1 0.36041666666666666 0.40504629629629635 0.04250868055555555 0.05199074074074074
1 0.6007855902777778 0.40871913580246916 0.04064236111111111 0.042638888888888886
0 0.5505034722222222 0.38376543209876546 0.04855902777777778 0.08550925925925926
1 0.8072135416666666 0.41203703703703703 0.03599826388888889 0.02987654320987654
0 0.9468532986111112 0.4026929012345679 0.05328125 0.07478395061728395
1 0.4078862847222222 0.4013503086419753 0.03957899305555555 0.046435185185185184
1 0.6328125 0.6273148148148148 0.057291666666666664 0.11882716049382716
1 0.7573784722222222 0.6273148148148148 0.049479166666666664 0.11882716049382716
1 0.8146701388888888 0.6296296296296297 0.05642361111111111 0.10493827160493827
1 0.76953125 0.4097222222222222 0.0390625 0.05092592592592592
1 0.7296006944444444 0.4089506172839506 0.033854166666666664 0.046296296296296294
1 0.6866319444444444 0.4058641975308642 0.034722222222222224 0.06172839506172839
1 0.048177083333333336 0.6373456790123457 0.026909722222222224 0.07716049382716049
1 0.016493055555555556 0.6111111111111112 0.027777777777777776 0.06790123456790123