0 0.5906553819444444 0.6319907407407407 0.07732204861111111 0.1229861111111111
0 0.5034244791666667 0.6237654320987654 0.08005208333333333 0.13707561728395062
0 0.14692274305555555 0.6124922839506173 0.09077690972222223 0.1404398148148148
0 0.4101432291666667 0.36840277777777775 0.05290798611111111 0.08151234567901235
0 0.8158984375 0.6335493827160494 0.0875998263888889 0.12152777777777778
0 0.45422309027777774 0.37974537037037037 0.05081597222222222 0.08125771604938271
0 0.27547743055555557 0.6035262345679012 0.08460069444444444 0.16915123456790124
0 0.8993489583333333 0.3946064814814815 0.0937109375 0.08557098765432099
0 0.3077126736111111 0.37516203703703704 0.053723958333333335 0.09011574074074075
0 0.5515017361111112 0.38395833333333335 0.04970920138888889 0.07607253086419753
0 0.6712239583333334 0.6302932098765432 0.08452256944444445 0.1470138888888889
0 0.7379210069444445 0.6236728395061728 0.08827256944444445 0.15621913580246916
0 0.4248871527777778 0.607770061728395 0.08027343749999999 0.16866512345679013
0 0.08338107638888889 0.6104320987654321 0.07626302083333333 0.11747685185185185
0 0.7750824652777778 0.39036265432098766 0.06755208333333333 0.07684413580246914
0 0.10393663194444444 0.38800154320987656 0.05922743055555556 0.06494598765432098
0 0.03264756944444444 0.5910802469135802 0.060078124999999996 0.13892746913580248
0 0.652265625 0.3890972222222222 0.05453559027777778 0.08784722222222222
0 0.25609375 0.3751929012345679 0.06665798611111112 0.08878858024691358
0 0.9723741319444444 0.6026851851851852 0.05525607638888889 0.1324537037037037
0 0.9251866319444445 0.6195293209876543 0.07292100694444444 0.10499228395061729
0 0.6019531250000001 0.3916898148148148 0.048142361111111115 0.06131172839506172
0 0.8728559027777778 0.6223996913580246 0.07212239583333332 0.12297067901234568
1 0.36028211805555554 0.39757716049382713 0.043897569444444444 0.03215277777777778
0 0.9845920138888888 0.40897376543209873 0.030815972222222224 0.06660493827160494
0 0.06980034722222223 0.3888425925925926 0.04657118055555556 0.06771604938271605
0 0.9459418402777777 0.6087808641975309 0.08020833333333334 0.11725308641975309
1 0.2105034722222222 0.6304012345679012 0.0546875 0.13425925925925927
1 0.3498263888888889 0.6327160493827161 0.06944444444444445 0.13580246913580246
1 0.1879340277777778 0.3966049382716049 0.035590277777777776 0.06172839506172839
1 0.14322916666666666 0.3942901234567901 0.03819444444444445 0.07561728395061729
1 0.5021701388888888 0.39351851851851855 0.03732638888888889 0.08024691358024691
1 0.6853298611111112 0.3896604938271605 0.04079861111111111 0.08487654320987655
1 0.7265625 0.39891975308641975 0.043402777777777776 0.07253086419753087
1 0.8059895833333334 0.39891975308641975 0.033854166666666664 0.08796296296296297
1 0.8407118055555556 0.39969135802469136 0.0390625 0.07098765432098765
1 0.9431423611111112 0.404320987654321 0.025173611111111112 0.07407407407407407
1 0.9639756944444444 0.408179012345679 0.03211805555555555 0.06327160493827161