0 0.5890190972222222 0.6361805555555555 0.07615885416666666 0.1369212962962963
0 0.35183159722222224 0.6312345679012346 0.08137152777777777 0.1482253086419753
0 0.8735460069444445 0.6220987654320987 0.08170138888888889 0.10202932098765431
0 0.5023524305555556 0.6315046296296296 0.0798611111111111 0.15014660493827162
0 0.27501302083333334 0.6043827160493827 0.08181857638888888 0.16069444444444445
0 0.66796875 0.6252314814814814 0.0799609375 0.16304783950617285
0 0.9711458333333334 0.6085493827160493 0.05535590277777778 0.12180555555555557
0 0.14291232638888887 0.6080092592592593 0.08182725694444444 0.14114197530864198
0 0.2152777777777778 0.381820987654321 0.06081163194444445 0.07593364197530864
0 0.8531770833333333 0.39165123456790124 0.0740017361111111 0.08941358024691358
0 0.5013585069444445 0.38427469135802467 0.04892795138888889 0.08673611111111111
0 0.64875 0.3952160493827161 0.06487413194444444 0.10239197530864197
0 0.4546310763888889 0.38366512345679016 0.046545138888888886 0.09013888888888888
0 0.20776475694444443 0.6239583333333333 0.07088541666666666 0.14953703703703705
0 0.9251085069444444 0.6190509259259259 0.06629774305555555 0.10466049382716049
1 0.4208940972222222 0.6525694444444444 0.060850694444444436 0.08451388888888889
0 0.9827907986111111 0.41239969135802473 0.03442274305555556 0.0741358024691358
0 0.1293923611111111 0.386412037037037 0.06265190972222222 0.08727623456790123
0 0.042986111111111114 0.605162037037037 0.0685763888888889 0.1301466049382716
0 0.30585937500000004 0.3879861111111111 0.059761284722222224 0.09501543209876544
0 0.9172005208333334 0.3936574074074074 0.05525173611111111 0.07556327160493828
0 0.5507248263888889 0.3836496913580247 0.05146267361111111 0.0827391975308642
1 0.3595182291666667 0.4047685185185185 0.04763888888888889 0.05834876543209877
1 0.26546875 0.40652777777777777 0.03613715277777778 0.05241512345679013
1 0.6838585069444444 0.40127314814814813 0.03927517361111111 0.08096450617283951
1 0.7242925347222222 0.40716820987654323 0.04627604166666667 0.09229166666666666
1 0.07322916666666666 0.40689043209876546 0.0355078125 0.04483796296296296
0 0.178203125 0.38478395061728393 0.049748263888888894 0.0754398148148148
0 0.9445095486111111 0.40158179012345685 0.054913194444444445 0.0733179012345679
1 0.8190494791666666 0.6243055555555556 0.046545138888888886 0.10962962962962963
0 0.024631076388888888 0.3848765432098766 0.048203125 0.07512345679012346
1 0.70703125 0.6280864197530864 0.044270833333333336 0.09876543209876543
1 0.76171875 0.6296296296296297 0.044270833333333336 0.09259259259259259
1 0.59765625 0.40046296296296297 0.0546875 0.06944444444444445
1 0.4127604166666667 0.4027777777777778 0.05295138888888889 0.07098765432098765
1 0.7638888888888888 0.4097222222222222 0.043402777777777776 0.0787037037037037
1 0.8072916666666666 0.4097222222222222 0.057291666666666664 0.07561728395061729
1 0.9700520833333334 0.4182098765432099 0.03732638888888889 0.05555555555555555
0 0.09244791666666667 0.6126543209876543 0.08072916666666667 0.1574074074074074