2 0.519462 2.242150 0.172508 0.176204
2 0.628245 2.218605 0.158816 0.173522
2 0.844001 2.186280 0.179497 0.151088
2 1.124921 2.125764 0.183884 0.141231
2 0.273663 2.283738 0.176474 0.173471
2 0.923239 2.153006 0.168409 0.157343
2 0.881890 2.060966 0.162926 0.101917
2 0.167173 2.321440 0.172918 0.154939
2 0.570541 1.973249 0.152767 0.134091
2 0.463649 2.150421 0.163632 0.111821
2 0.063955 2.335420 0.127395 0.172111
2 1.017528 2.127758 0.169683 0.163491
2 0.488447 2.441181 0.165037 0.040046
2 0.708649 2.180489 0.174653 0.182525
2 0.069281 2.058845 0.136751 0.132613
2 0.234772 2.189690 0.191258 0.123814
2 1.317862 1.707424 0.131995 0.111083
