2 0.737144 1.166678 0.213989 0.134227
2 0.576455 1.218716 0.156866 0.168264
2 0.674066 1.016463 0.170551 0.114692
2 0.478598 0.914798 0.123525 0.091934
2 1.517623 0.958432 0.126419 0.071354
2 0.400840 0.833864 0.091848 0.067729
2 1.065495 1.076171 0.168645 0.117515
2 0.904406 1.124428 0.257734 0.125180
2 0.660103 0.888354 0.143431 0.100142
2 0.741145 1.002066 0.125738 0.105070
2 1.403069 0.888492 0.110347 0.072621
2 0.532505 1.051223 0.102859 0.108164
2 0.396885 1.264231 0.215532 0.150800
2 0.924057 0.807710 0.077534 0.053287
2 0.859625 0.809198 0.091637 0.057137
2 0.147927 0.890895 0.103680 0.045078
2 0.095353 0.845919 0.083674 0.065344
2 1.774361 0.892642 0.067178 0.054815
2 1.076031 0.939626 0.103775 0.090119
2 1.015237 0.854349 0.089663 0.064123
2 1.610059 0.933271 0.114625 0.094205
