2 1.086325 1.706817 0.152007 0.135966
2 1.514994 1.519885 0.119451 0.106026
2 0.967134 1.573549 0.088283 0.123894
2 1.629004 1.588091 0.128528 0.122778
2 1.698764 1.421277 0.104304 0.096463
2 1.330251 1.303896 0.109102 0.101904
2 1.145381 1.599820 0.135705 0.114202
2 1.761617 1.451748 0.120709 0.112423
2 0.890276 1.575132 0.077501 0.117008
2 1.259551 1.316838 0.071161 0.095051
2 1.019715 1.801883 0.199005 0.088159
2 0.282238 1.707376 0.073640 0.126892
2 0.885072 1.371864 0.065396 0.101928
2 1.602691 1.227554 0.088972 0.069951
2 1.131612 1.341155 0.080335 0.089819
2 1.165556 1.556241 0.129610 0.106521
2 0.756395 1.394456 0.058415 0.094603
2 0.822764 1.380591 0.063161 0.102212
2 0.092400 1.471915 0.070207 0.116381
2 1.685801 1.203223 0.086618 0.070817
2 1.640878 1.212720 0.084644 0.079585
2 1.154359 1.580072 0.149639 0.152225
2 0.164408 0.855913 0.038236 0.032998
2 0.234653 0.888623 0.063600 0.048591
2 0.651833 1.625851 0.085420 0.133200
2 0.793766 0.873652 0.036453 0.046594
2 0.098701 0.881896 0.034004 0.038281
2 0.471689 1.651306 0.078291 0.151328
2 0.671228 0.878704 0.043719 0.028450
2 0.459058 0.889129 0.051765 0.033568
