2 0.421677 0.816476 0.112290 0.121117
2 0.463530 0.630304 0.095348 0.126400
2 0.385919 0.604244 0.097133 0.128906
2 0.541897 0.638592 0.101571 0.125749
2 0.310370 0.600705 0.091346 0.115246
2 0.232361 0.590289 0.097668 0.125545
2 1.132762 0.940454 0.090362 0.126454
2 1.225848 0.954651 0.104194 0.134041
2 1.029570 0.927306 0.097964 0.123321
2 1.320873 0.978754 0.081737 0.126920
2 0.161686 0.580800 0.106754 0.126994
2 0.219019 0.372416 0.080273 0.096287
2 0.859107 0.686619 0.094409 0.136500
2 0.781852 0.664030 0.085977 0.132797
