2 0.177305 0.632274 0.030687 0.036817
2 0.224700 0.572731 0.027960 0.038635
2 0.193160 0.571368 0.024891 0.039544
2 0.142185 0.571140 0.032051 0.040907
2 0.076378 0.571368 0.025914 0.043180
2 0.258797 0.551596 0.018412 0.036362
2 0.219926 0.545914 0.030005 0.027726
2 0.194013 0.548187 0.020458 0.027726
2 0.166564 0.547959 0.023527 0.031817
2 0.103314 0.547959 0.026596 0.032726
2 0.073479 0.541823 0.029664 0.022272
2 0.248909 0.513188 0.017049 0.029544
2 0.222143 0.512734 0.019435 0.028635
2 0.159574 0.509552 0.020458 0.034089
2 0.136047 0.511370 0.020458 0.035908
2 0.112520 0.511597 0.018412 0.029999
2 0.033756 0.510461 0.023186 0.021363
2 0.008865 0.505916 0.017730 0.022272
2 0.055237 0.494553 0.027278 0.025908
2 0.029324 0.489780 0.017730 0.021817
2 0.010570 0.486826 0.014321 0.020454
2 0.089675 0.459100 0.016367 0.030453
2 0.069558 0.461145 0.012957 0.032726
2 0.051998 0.463418 0.014662 0.034544
2 0.030687 0.461827 0.018412 0.025908
2 0.013298 0.460236 0.015003 0.028181
2 0.244135 0.492962 0.025232 0.019090
2 0.218221 0.489553 0.021822 0.026817
2 0.197763 0.494098 0.019776 0.027726
2 0.176623 0.492053 0.017049 0.028181
2 0.155142 0.489098 0.018412 0.020454
2 0.133661 0.488417 0.023186 0.023635
2 0.256581 0.456600 0.013980 0.025453
2 0.240726 0.460918 0.016367 0.027726
2 0.202707 0.457736 0.016026 0.025908
2 0.512821 0.629547 0.021822 0.039544
2 0.480940 0.622729 0.022845 0.037726
2 0.419394 0.626365 0.019094 0.036817
2 0.391605 0.625456 0.018071 0.034998
2 0.358702 0.627729 0.021822 0.036817
2 0.299884 0.631819 0.024209 0.031362
2 0.515378 0.570231 0.020799 0.039998
2 0.487589 0.565686 0.020458 0.041816
2 0.461163 0.569095 0.019435 0.042271
2 0.407290 0.567731 0.022845 0.039544
2 0.380353 0.572277 0.019435 0.037726
2 0.353758 0.570913 0.024891 0.036817
2 0.517594 0.541823 0.019094 0.028635
2 0.493215 0.542960 0.022163 0.029999
2 0.468835 0.546141 0.020458 0.030908
2 0.441558 0.545232 0.024550 0.031817
2 0.390412 0.545914 0.021822 0.023181
2 0.369101 0.545460 0.022163 0.018636
2 0.314887 0.549550 0.026255 0.035908
2 0.288632 0.550232 0.018753 0.034544
2 0.521004 0.506825 0.013639 0.031362
2 0.497647 0.508188 0.018071 0.031362
2 0.475996 0.506825 0.017730 0.030453
2 0.452639 0.507052 0.019435 0.032726
2 0.429624 0.507507 0.014321 0.030908
2 0.408142 0.505916 0.017730 0.034089
2 0.385809 0.506598 0.017390 0.035453
2 0.337902 0.510461 0.019094 0.032271
2 0.313523 0.510916 0.018071 0.032271
2 0.292042 0.508416 0.018071 0.028181
2 0.270049 0.509325 0.016367 0.031817
2 0.521345 0.483644 0.017049 0.020454
2 0.502591 0.491371 0.016367 0.029544
2 0.476678 0.485689 0.020458 0.022726
2 0.436443 0.490917 0.016367 0.020454
2 0.415303 0.489780 0.017049 0.023635
2 0.368419 0.492507 0.019435 0.027272
2 0.348813 0.489553 0.017049 0.027726
2 0.326991 0.487962 0.012957 0.019999
2 0.304828 0.487735 0.021140 0.019545
2 0.284370 0.488644 0.022504 0.017726
2 0.517594 0.457282 0.016367 0.036817
2 0.497647 0.456827 0.016708 0.031362
2 0.479405 0.456373 0.015685 0.028635
2 0.458777 0.457054 0.011934 0.024544
2 0.438659 0.457054 0.016026 0.028181
2 0.419224 0.455918 0.018071 0.030453
2 0.398254 0.457509 0.015685 0.030908
2 0.378989 0.457963 0.016708 0.027272
2 0.359213 0.457509 0.016026 0.028181
2 0.340801 0.455691 0.016026 0.033635
2 0.320172 0.457509 0.018412 0.029090
2 0.299202 0.458418 0.018071 0.029090
2 0.279767 0.459100 0.018071 0.029544
2 0.762752 0.624320 0.028642 0.047271
2 0.732917 0.627956 0.024209 0.043634
2 0.704617 0.624320 0.024209 0.044544
2 0.668133 0.628183 0.031028 0.049543
2 0.636082 0.628183 0.024209 0.044089
2 0.604030 0.628410 0.025573 0.043634
2 0.575730 0.627729 0.030346 0.045907
2 0.544701 0.628865 0.024891 0.045453
2 0.764457 0.567277 0.025914 0.039544
2 0.739055 0.568868 0.028301 0.039089
2 0.707515 0.567504 0.022504 0.041816
2 0.682113 0.567959 0.024209 0.043634
2 0.652448 0.569095 0.027619 0.039544
2 0.624830 0.566822 0.022845 0.044998
2 0.597040 0.570004 0.024550 0.043180
2 0.544190 0.571368 0.021822 0.043180
2 0.778607 0.541369 0.016708 0.024090
2 0.755592 0.540233 0.020458 0.029999
2 0.730360 0.541369 0.023868 0.026817
2 0.702059 0.541369 0.023186 0.025908
2 0.675805 0.547278 0.021822 0.025908
2 0.647163 0.541142 0.020458 0.024544
2 0.622954 0.543414 0.021140 0.019999
2 0.595847 0.540460 0.018071 0.024090
2 0.569763 0.545460 0.021822 0.033180
2 0.543167 0.542505 0.021140 0.031817
2 0.761047 0.502961 0.021140 0.031817
2 0.731894 0.505007 0.018071 0.030453
2 0.708026 0.507052 0.018753 0.032726
2 0.687057 0.510007 0.020458 0.034998
2 0.666258 0.509779 0.019776 0.030908
2 0.614089 0.505234 0.021140 0.031817
2 0.590903 0.507961 0.020458 0.031817
2 0.568058 0.509098 0.019776 0.035908
2 0.545383 0.510007 0.017390 0.032271
2 0.771959 0.484099 0.013639 0.015908
2 0.748943 0.485462 0.018753 0.021363
2 0.726098 0.485235 0.018071 0.020908
2 0.704617 0.486144 0.020799 0.021817
2 0.681260 0.488189 0.019094 0.023181
2 0.656710 0.489098 0.018412 0.024999
2 0.636764 0.490462 0.018071 0.026817
2 0.614941 0.485689 0.016708 0.020908
2 0.590221 0.487053 0.021822 0.019090
2 0.546577 0.489098 0.018412 0.015908
2 0.729678 0.456145 0.019094 0.024544
2 0.704446 0.454100 0.019776 0.026817
2 0.683647 0.451600 0.023186 0.033635
2 0.662166 0.451827 0.021140 0.031362
2 0.641537 0.454100 0.016026 0.029544
2 0.621590 0.454782 0.019094 0.033635
2 0.599598 0.456600 0.017390 0.032726
2 0.578628 0.455691 0.015003 0.029999
2 0.558681 0.454782 0.016026 0.032726
2 0.538734 0.456373 0.017049 0.031362
2 0.879535 0.645455 0.000341 0.000455
2 0.865555 0.632274 0.033074 0.040453
2 0.833845 0.630001 0.032392 0.044998
2 0.796849 0.629547 0.028642 0.040453
2 0.851064 0.567731 0.030687 0.044998
2 0.826855 0.569777 0.027278 0.039998
2 0.795315 0.574322 0.016026 0.039998
2 0.841346 0.539778 0.037166 0.019999
2 0.810659 0.540005 0.024209 0.019545
2 0.794122 0.482962 0.016367 0.020908
2 0.816455 0.503189 0.026937 0.040453
2 0.785086 0.504552 0.021481 0.032271
2 0.984384 0.619774 0.027960 0.049998
2 0.979269 0.566140 0.034779 0.040907
2 0.945172 0.567504 0.032051 0.044544
2 0.981997 0.540687 0.027278 0.028181
2 0.954208 0.541142 0.027619 0.031817
2 0.921474 0.540233 0.028301 0.039089
2 0.990998 0.503870 0.018003 0.029999
2 0.969381 0.505916 0.022504 0.035908
2 0.948411 0.507734 0.034438 0.037726
2 0.912268 0.502734 0.022845 0.035908
2 0.888912 0.504780 0.023186 0.032726
2 0.992021 0.482053 0.015957 0.020908
2 0.971938 0.481144 0.024209 0.025453
2 0.947900 0.485008 0.020458 0.023181
2 0.923691 0.483644 0.019094 0.027726
2 0.900505 0.480462 0.023868 0.022272
2 0.874079 0.484780 0.020117 0.032726
2 0.991851 0.452964 0.016298 0.032726
2 0.972961 0.451827 0.022845 0.036817
2 0.953526 0.452055 0.018071 0.032726
2 0.931874 0.449782 0.027278 0.033635
2 0.909540 0.448873 0.022163 0.039089
2 0.887036 0.450464 0.023527 0.033180