2 0.368249 0.613653 0.017390 0.046362
2 0.303805 0.621153 0.024550 0.047725
2 0.274652 0.626266 0.018412 0.037498
2 0.238850 0.630016 0.020458 0.035453
2 0.175430 0.636493 0.017390 0.040226
2 0.148578 0.633766 0.023016 0.044316
2 0.110730 0.644333 0.028130 0.043634
2 0.046543 0.645356 0.027619 0.047043
2 0.373875 0.559110 0.020458 0.038180
2 0.347535 0.557405 0.017901 0.032044
2 0.294599 0.564905 0.018412 0.029317
2 0.262889 0.566269 0.020458 0.032044
2 0.238083 0.570018 0.018924 0.034089
2 0.095131 0.581950 0.020458 0.040226
2 0.057795 0.579904 0.033756 0.040226
2 0.008439 0.587745 0.016878 0.038180
2 0.380779 0.528429 0.018924 0.029999
2 0.354951 0.531838 0.018412 0.021817
2 0.327332 0.536611 0.019435 0.032726
2 0.274396 0.537633 0.017901 0.026590
2 0.248056 0.540020 0.018412 0.024544
2 0.190518 0.550247 0.020970 0.038180
2 0.161365 0.552633 0.021993 0.038862
2 0.136047 0.552633 0.021481 0.034771
2 0.087203 0.553996 0.031199 0.030680
2 0.057283 0.554678 0.023527 0.030680
2 0.025829 0.560132 0.026084 0.033408
2 0.381802 0.495363 0.016878 0.023863
2 0.361088 0.496385 0.019435 0.021817
2 0.333981 0.498431 0.014321 0.027272
2 0.310710 0.501840 0.014832 0.029999
2 0.290252 0.500476 0.019947 0.031362
2 0.265446 0.499794 0.019435 0.028635
2 0.214045 0.507294 0.020970 0.031362
2 0.190262 0.507294 0.017390 0.029999
2 0.164433 0.511726 0.020970 0.029317
2 0.140651 0.512748 0.017390 0.027272
2 0.118146 0.514112 0.015344 0.027272
2 0.088482 0.514453 0.024550 0.027953
2 0.015599 0.520248 0.026084 0.035453
2 0.386405 0.473545 0.015855 0.021135
2 0.360577 0.469455 0.021481 0.015681
2 0.316336 0.475250 0.019947 0.019090
2 0.295622 0.475932 0.015344 0.020454
2 0.248824 0.484795 0.016878 0.031362
2 0.224529 0.483772 0.017390 0.029317
2 0.202025 0.485818 0.016367 0.029317
2 0.178754 0.486499 0.015855 0.018408
2 0.155994 0.487522 0.017390 0.020454
2 0.111498 0.493658 0.018412 0.020454
2 0.084135 0.495703 0.017901 0.021817
2 0.059585 0.498431 0.016878 0.034089
2 0.036825 0.499453 0.020458 0.030680
2 0.010996 0.498431 0.012786 0.032726
2 0.381035 0.441160 0.017390 0.025908
2 0.360065 0.443547 0.013298 0.032044
2 0.339351 0.443888 0.011764 0.025908
2 0.320172 0.444228 0.013298 0.033408
2 0.297668 0.444569 0.016367 0.029999
2 0.274141 0.445933 0.017390 0.034089
2 0.255473 0.449342 0.012786 0.029999
2 0.236037 0.447978 0.019947 0.027272
2 0.214812 0.448319 0.016367 0.030680
2 0.191285 0.452410 0.015344 0.034771
2 0.170315 0.452410 0.014321 0.030680
2 0.150113 0.454455 0.014832 0.032044
2 0.129143 0.455478 0.014832 0.032726
2 0.109452 0.456501 0.016367 0.027953
2 0.064188 0.458887 0.020970 0.029999
2 0.703764 0.581268 0.026596 0.036135
2 0.674611 0.586722 0.024550 0.042953
2 0.643412 0.586722 0.019435 0.033408
2 0.616561 0.589790 0.019947 0.038180
2 0.586129 0.593881 0.027619 0.039544
2 0.553652 0.598313 0.029153 0.037498
2 0.523732 0.599335 0.027619 0.042271
2 0.494323 0.602062 0.026084 0.039544
2 0.461845 0.601381 0.024550 0.046362
2 0.431669 0.609221 0.021481 0.041589
2 0.400982 0.612971 0.017390 0.042271
2 0.720387 0.529452 0.020970 0.032044
2 0.694302 0.530475 0.021993 0.036817
2 0.668218 0.534565 0.017901 0.032726
2 0.641878 0.536270 0.025573 0.041589
2 0.614515 0.535247 0.021993 0.044998
2 0.587919 0.535588 0.019947 0.038862
2 0.565415 0.539338 0.021993 0.038180
2 0.538564 0.537633 0.018412 0.037498
2 0.510689 0.538997 0.020970 0.038862
2 0.485372 0.544110 0.022504 0.036817
2 0.429624 0.549224 0.024550 0.041589
2 0.405074 0.552292 0.020458 0.046362
2 0.708879 0.498772 0.023527 0.021135
2 0.680237 0.504567 0.021481 0.027272
2 0.657477 0.504908 0.021993 0.022499
2 0.633439 0.507976 0.024038 0.028635
2 0.607866 0.508317 0.023016 0.023863
2 0.584083 0.509680 0.020458 0.022499
2 0.558511 0.511044 0.018412 0.019772
2 0.531403 0.512748 0.020458 0.021817
2 0.506342 0.516157 0.018412 0.023181
2 0.483071 0.518884 0.019947 0.029999
2 0.457242 0.527748 0.019435 0.031362
2 0.432181 0.522634 0.017390 0.023863
2 0.408142 0.522975 0.015344 0.020454
2 0.687142 0.467068 0.027107 0.032726
2 0.659779 0.470477 0.018412 0.032726
2 0.638554 0.472182 0.018924 0.032044
2 0.614771 0.471500 0.018412 0.029317
2 0.590477 0.475591 0.019947 0.034771
2 0.570274 0.478318 0.014321 0.037498
2 0.547259 0.480363 0.016367 0.034771
2 0.500460 0.481727 0.017901 0.030680
2 0.474632 0.484113 0.020458 0.029999
2 0.453151 0.484795 0.015344 0.028635
2 0.431414 0.488886 0.015855 0.028635
2 0.407631 0.491954 0.015344 0.033408
2 0.670520 0.443206 0.021481 0.014999
2 0.649294 0.448319 0.013809 0.015681
2 0.629092 0.447297 0.025573 0.014999
2 0.607610 0.450365 0.013298 0.025226
2 0.582549 0.452410 0.015344 0.011590
2 0.562347 0.458546 0.018924 0.026590
2 0.540098 0.460250 0.016367 0.021817
2 0.519384 0.464341 0.017901 0.028635
2 0.497647 0.464000 0.018412 0.022499
2 0.474120 0.462296 0.021481 0.019090
2 0.431669 0.468773 0.019435 0.021135
2 0.409677 0.471159 0.019435 0.023181
2 0.604797 0.425820 0.023016 0.027953
2 0.584083 0.425479 0.019435 0.034089
2 0.561068 0.424116 0.019435 0.040907
2 0.541633 0.426502 0.017390 0.036135
2 0.524499 0.428547 0.015855 0.032044
2 0.506854 0.431274 0.016367 0.030680
2 0.484861 0.431956 0.017390 0.034771
2 0.465681 0.433661 0.016878 0.034089
2 0.443689 0.435365 0.018924 0.034771
2 0.423230 0.437070 0.011764 0.032726
2 0.404562 0.438092 0.015344 0.027953
2 0.991826 0.550858 0.016348 0.044838
2 0.968985 0.554247 0.026205 0.045359
2 0.941998 0.558157 0.023076 0.037538
2 0.912860 0.558939 0.026596 0.042231
2 0.877855 0.562328 0.029334 0.057350
2 0.846566 0.564674 0.025422 0.056829
2 0.736076 0.580837 0.025814 0.043274
2 0.984043 0.502892 0.024249 0.035453
2 0.961162 0.506020 0.021511 0.034410
2 0.935153 0.505760 0.025814 0.041188
2 0.913251 0.508627 0.024249 0.040667
2 0.890566 0.510973 0.025031 0.046402
2 0.860842 0.512537 0.024249 0.040145
2 0.833464 0.514362 0.025814 0.045880
2 0.802175 0.514884 0.025031 0.046923
2 0.982283 0.471610 0.023076 0.021897
2 0.957251 0.475520 0.023076 0.029718
2 0.933784 0.478127 0.026205 0.018248
2 0.909144 0.479170 0.023858 0.017205
2 0.886069 0.481516 0.028551 0.020855
2 0.856735 0.484384 0.033245 0.020333
2 0.836397 0.486990 0.033245 0.022419
2 0.812344 0.488555 0.025814 0.020333
2 0.784574 0.493508 0.032071 0.027111
2 0.992804 0.439285 0.014392 0.028154
2 0.979349 0.444760 0.029725 0.028675
2 0.954709 0.445802 0.021120 0.028675
2 0.933393 0.445802 0.022293 0.032846
2 0.911882 0.448409 0.021511 0.035974
2 0.889784 0.451537 0.021902 0.028675
2 0.866904 0.450755 0.025422 0.031282
2 0.844219 0.453362 0.023858 0.026068
2 0.822708 0.454405 0.016818 0.030239
2 0.806281 0.460140 0.026205 0.031282
2 0.775383 0.460140 0.025422 0.029197
2 0.753481 0.462747 0.020729 0.032325
2 0.956665 0.423384 0.018773 0.020333
2 0.931438 0.424687 0.023858 0.020855
2 0.909535 0.427033 0.019165 0.026590
2 0.889393 0.428337 0.018773 0.014598
2 0.868664 0.430161 0.018773 0.020333
2 0.846762 0.430683 0.017991 0.021376
2 0.827793 0.434593 0.019165 0.018769
2 0.805304 0.439285 0.020338 0.028154
2 0.782814 0.440849 0.017600 0.023983
2 0.761694 0.440589 0.020729 0.027632
2 0.737836 0.445281 0.017600 0.032846
2 0.921855 0.400965 0.033636 0.035974
2 0.902104 0.402529 0.021511 0.030761
2 0.884504 0.405657 0.017600 0.030761
2 0.863775 0.405396 0.020729 0.033368
2 0.847739 0.403311 0.016818 0.028154
2 0.827401 0.404614 0.014471 0.026590
2 0.807455 0.406961 0.012907 0.023983
2 0.791028 0.405136 0.015253 0.026590
2 0.771277 0.407743 0.017209 0.025547
2 0.748592 0.410349 0.017991 0.025547