2 0.222739 0.389209 0.019947 0.023044
2 0.023936 0.390096 0.023936 0.031908
2 0.050532 0.389209 0.021277 0.026590
2 0.077793 0.394527 0.019947 0.023044
2 0.103723 0.390096 0.018617 0.031908
2 0.126995 0.390982 0.014628 0.023044
2 0.154255 0.391868 0.018617 0.028362
2 0.177527 0.390096 0.014628 0.024817
2 0.199468 0.391868 0.021277 0.035453
2 0.246676 0.391868 0.017287 0.024817
2 0.269282 0.389209 0.014628 0.026590
2 0.291223 0.390982 0.015957 0.026590
2 0.309176 0.390982 0.014628 0.030135
2 0.329787 0.387437 0.018617 0.030135
2 0.354388 0.388323 0.017287 0.024817
2 0.378324 0.389209 0.017287 0.023044
2 0.018617 0.430867 0.018617 0.014181
2 0.012633 0.458343 0.022606 0.030135
2 0.043883 0.431753 0.023936 0.019499
2 0.039894 0.456570 0.021277 0.026590
2 0.069814 0.456570 0.019947 0.030135
2 0.097074 0.425549 0.015957 0.021272
2 0.132314 0.429094 0.019947 0.021272
2 0.158910 0.425549 0.019947 0.028362
2 0.182181 0.426435 0.018617 0.023044
2 0.236037 0.423776 0.019947 0.024817
2 0.260638 0.426435 0.015957 0.019499
2 0.281915 0.428208 0.015957 0.023044
2 0.306516 0.422890 0.019947 0.019499
2 0.333112 0.424662 0.014628 0.023044
2 0.355718 0.424662 0.017287 0.015954
2 0.378324 0.421117 0.017287 0.023044
2 0.400931 0.422890 0.019947 0.015954
2 0.423537 0.419344 0.014628 0.019499
2 0.442819 0.423776 0.013298 0.017726
2 0.097739 0.450366 0.019947 0.031908
2 0.126995 0.452138 0.022606 0.038998
2 0.156250 0.450366 0.022606 0.035453
2 0.182181 0.449479 0.018617 0.033680
2 0.209441 0.447707 0.025266 0.033680
2 0.234707 0.445048 0.025266 0.035453
2 0.259973 0.446821 0.017287 0.031908
2 0.315160 0.449479 0.018617 0.026590
2 0.338431 0.446821 0.022606 0.031908
2 0.359043 0.445048 0.023936 0.028362
2 0.378989 0.440616 0.015957 0.019499
2 0.406915 0.439730 0.023936 0.035453
2 0.429521 0.440616 0.026596 0.030135
2 0.452793 0.434412 0.025266 0.046089
2 0.016878 0.520973 0.021481 0.043634
2 0.055237 0.497110 0.020458 0.034089
2 0.089505 0.493702 0.021481 0.032726
2 0.120192 0.486884 0.027619 0.029999
2 0.153948 0.488247 0.021481 0.029999
2 0.182079 0.488929 0.024550 0.031362
2 0.214300 0.486884 0.023527 0.035453
2 0.241408 0.486202 0.022504 0.036817
2 0.268003 0.482111 0.018412 0.028635
2 0.297156 0.481429 0.021481 0.024544
2 0.326821 0.480066 0.021481 0.029999
2 0.352905 0.479384 0.020458 0.036817
2 0.378478 0.475293 0.016367 0.031362
2 0.401493 0.477339 0.019435 0.029999
2 0.425020 0.475975 0.027619 0.032726
2 0.450593 0.477339 0.019435 0.024544
2 0.471563 0.474611 0.030687 0.035453
2 0.081322 0.520973 0.029664 0.040907
2 0.116612 0.517564 0.026596 0.047725
2 0.149857 0.512110 0.025573 0.050452
2 0.182079 0.514155 0.026596 0.051816
2 0.241408 0.509383 0.026596 0.036817
2 0.273118 0.507337 0.026596 0.040907
2 0.300736 0.507337 0.020458 0.038180
2 0.329378 0.505974 0.022504 0.035453
2 0.356485 0.500519 0.023527 0.040907
2 0.384104 0.497110 0.019435 0.047725
2 0.410700 0.498474 0.025573 0.050452
2 0.436273 0.500519 0.021481 0.040907
2 0.461334 0.495065 0.022504 0.040907
2 0.485884 0.493020 0.024550 0.047725
2 0.028642 0.593243 0.028642 0.046362
2 0.111498 0.584379 0.028642 0.042271
2 0.147300 0.581652 0.022504 0.042271
2 0.186170 0.581652 0.026596 0.036817
2 0.218392 0.574834 0.023527 0.036817
2 0.249591 0.570062 0.028642 0.035453
2 0.283858 0.568698 0.021481 0.040907
2 0.315569 0.566653 0.023527 0.042271
2 0.350859 0.561880 0.022504 0.043634
2 0.381547 0.559153 0.024550 0.038180
2 0.409677 0.555062 0.021481 0.035453
2 0.438318 0.553699 0.021481 0.038180
2 0.466448 0.550290 0.026596 0.039544
2 0.498670 0.545517 0.025573 0.038180
2 0.745678 0.523431 0.024601 0.023044
2 0.711436 0.526976 0.022606 0.030135
2 0.692487 0.530079 0.029920 0.034567
2 0.668551 0.530965 0.023271 0.036339
2 0.641290 0.534510 0.023271 0.043430
2 0.615027 0.535840 0.027926 0.046089
2 0.589428 0.532294 0.029920 0.031908
2 0.747340 0.480444 0.017287 0.032794
2 0.728723 0.483547 0.011968 0.031908
2 0.710106 0.480888 0.019947 0.030135
2 0.686503 0.482217 0.016622 0.031021
2 0.666556 0.482217 0.015293 0.031021
2 0.647606 0.484876 0.015957 0.031021
2 0.628989 0.486649 0.019947 0.036339
2 0.605386 0.487092 0.019282 0.033680
2 0.583777 0.487535 0.018617 0.034567
2 0.559508 0.489751 0.017952 0.035453
2 0.755652 0.452082 0.009973 0.018613
2 0.742021 0.454298 0.011968 0.015954
2 0.725399 0.456071 0.014628 0.017726
2 0.705120 0.458286 0.015293 0.015068
2 0.686503 0.458286 0.015293 0.015068
2 0.666556 0.459173 0.016622 0.015068
2 0.649601 0.461832 0.021277 0.020385
2 0.626662 0.462275 0.015293 0.024817
2 0.608045 0.461832 0.019282 0.018613
2 0.585771 0.467593 0.015957 0.015954
2 0.566822 0.466263 0.013963 0.020385
2 0.539894 0.465820 0.022606 0.024817
2 0.720412 0.428594 0.012633 0.031908
2 0.701795 0.430367 0.011303 0.030135
2 0.683511 0.430367 0.015957 0.028362
2 0.666223 0.432583 0.014628 0.027476
2 0.651263 0.433026 0.012633 0.031908
2 0.631649 0.430367 0.014628 0.028362
2 0.613364 0.434799 0.015293 0.028362
2 0.593085 0.434356 0.018617 0.027476
2 0.576795 0.430367 0.007314 0.023044
2 0.560838 0.442776 0.021941 0.028362
2 0.537899 0.435685 0.018617 0.021272
2 0.516622 0.441003 0.014628 0.026590
2 0.688165 0.411754 0.014628 0.010636
2 0.668883 0.412641 0.014628 0.014181
2 0.649269 0.411311 0.012633 0.009750
2 0.633311 0.413084 0.013963 0.011522
2 0.612367 0.411754 0.011968 0.014181
2 0.597074 0.414856 0.017287 0.018613
2 0.580785 0.413527 0.015293 0.010636
2 0.564827 0.418845 0.016622 0.021272
2 0.544215 0.418402 0.019282 0.022158
2 0.525931 0.416186 0.015957 0.008863
2 0.505319 0.419288 0.014628 0.022158
2 0.658245 0.393585 0.018617 0.020385
2 0.641955 0.392255 0.017952 0.023044
2 0.626330 0.393585 0.019947 0.031021
2 0.610705 0.390482 0.016622 0.028362
2 0.595412 0.389153 0.015293 0.031021
2 0.579787 0.387380 0.013298 0.029249
2 0.565160 0.388267 0.010638 0.029249
2 0.547872 0.389596 0.013298 0.035453
2 0.531582 0.387380 0.013963 0.029249
2 0.512633 0.387380 0.015957 0.027476