2 0.273271 0.618692 0.023493 0.034271
2 0.314273 0.565808 0.020390 0.033680
2 0.286791 0.566399 0.019504 0.031317
2 0.238475 0.565513 0.026596 0.029544
2 0.176418 0.562854 0.019504 0.037226
2 0.310505 0.538332 0.019947 0.027181
2 0.281250 0.541287 0.022606 0.023635
2 0.260860 0.543355 0.020833 0.023044
2 0.197252 0.543059 0.021277 0.027181
2 0.173316 0.538923 0.014184 0.017726
2 0.335550 0.508493 0.016844 0.026590
2 0.314938 0.504652 0.019947 0.030726
2 0.254211 0.507606 0.022606 0.028362
2 0.230718 0.508493 0.017287 0.028953
2 0.212766 0.506129 0.016844 0.028953
2 0.331782 0.487221 0.013741 0.017136
2 0.309176 0.486039 0.018174 0.021863
2 0.290559 0.491948 0.019060 0.023044
2 0.269282 0.488107 0.018174 0.025999
2 0.249778 0.487516 0.020833 0.025999
2 0.228723 0.485448 0.022163 0.018317
2 0.330230 0.455313 0.021277 0.020681
2 0.295434 0.455609 0.016401 0.024817
2 0.133422 0.506425 0.018617 0.025999
2 0.117465 0.507311 0.018617 0.020681
2 0.095080 0.504356 0.021720 0.023044
2 0.074911 0.506720 0.016844 0.014772
2 0.055851 0.504356 0.019504 0.018317
2 0.019725 0.508493 0.017287 0.017136
2 0.154255 0.491062 0.014184 0.025999
2 0.137190 0.491062 0.011968 0.022454
2 0.116578 0.486630 0.015957 0.019499
2 0.076684 0.495198 0.016844 0.021272
2 0.056294 0.494311 0.015071 0.015954
2 0.034353 0.492539 0.014628 0.017136
2 0.008865 0.494016 0.013298 0.018908
2 0.192598 0.457677 0.017287 0.033680
2 0.170213 0.460926 0.012411 0.024817
2 0.155363 0.460926 0.012855 0.025999
2 0.139628 0.460926 0.013298 0.027181
2 0.122119 0.462699 0.014628 0.022454
2 0.105496 0.462699 0.014184 0.027181
2 0.087544 0.463585 0.016401 0.023044
2 0.069814 0.466244 0.016401 0.025999
2 0.052527 0.465063 0.011968 0.025999
2 0.035239 0.470085 0.015514 0.021863
2 0.006871 0.470381 0.013741 0.024817
2 0.660018 0.621942 0.024823 0.041953
2 0.629211 0.625192 0.025266 0.040180
2 0.598183 0.627851 0.018174 0.040771
2 0.569149 0.620760 0.019504 0.038407
2 0.501995 0.622238 0.027039 0.047271
2 0.470080 0.623124 0.025266 0.037226
2 0.439051 0.620465 0.024379 0.044907
2 0.384087 0.624010 0.024379 0.040180
2 0.628768 0.562558 0.020833 0.040180
2 0.596631 0.565808 0.020390 0.036044
2 0.571144 0.561672 0.021720 0.039589
2 0.542332 0.563149 0.024379 0.040180
2 0.490913 0.564036 0.019947 0.034862
2 0.462988 0.564922 0.020833 0.036635
2 0.437943 0.565808 0.017730 0.038407
2 0.654920 0.541287 0.018174 0.025999
2 0.627438 0.536264 0.022606 0.025408
2 0.604388 0.535673 0.017287 0.026590
2 0.575576 0.534787 0.020833 0.027181
2 0.549867 0.541877 0.019060 0.030726
2 0.524158 0.538923 0.021720 0.033089
2 0.474291 0.539514 0.020390 0.020090
2 0.449246 0.540696 0.019947 0.029544
2 0.400709 0.545718 0.020390 0.034862
2 0.378989 0.544832 0.019504 0.029544
2 0.353502 0.543946 0.025266 0.032499
2 0.653812 0.502288 0.018617 0.029544
2 0.630098 0.499038 0.019060 0.032499
2 0.603059 0.500220 0.019947 0.028953
2 0.580452 0.502879 0.015514 0.034271
2 0.557624 0.502584 0.020390 0.033680
2 0.534574 0.500811 0.017730 0.034862
2 0.513298 0.501107 0.018617 0.030726
2 0.490248 0.503766 0.018617 0.034862
2 0.467863 0.502288 0.016401 0.028362
2 0.422651 0.506720 0.019947 0.033680
2 0.399379 0.505834 0.018617 0.025999
2 0.379654 0.505834 0.013741 0.028362
2 0.357934 0.506129 0.019060 0.031317
2 0.629654 0.482494 0.019060 0.013590
2 0.607934 0.477471 0.019947 0.015363
2 0.585328 0.481017 0.014628 0.015363
2 0.561613 0.478358 0.018617 0.014772
2 0.518174 0.482789 0.010638 0.020090
2 0.497119 0.481903 0.015514 0.013590
2 0.456782 0.486925 0.017287 0.025999
2 0.433954 0.484857 0.018617 0.028953
2 0.413785 0.485153 0.015514 0.020090
2 0.391844 0.484562 0.015957 0.016545
2 0.372340 0.483380 0.017730 0.014181
2 0.665337 0.449700 0.015957 0.033089
2 0.641179 0.448813 0.014628 0.028953
2 0.622784 0.452950 0.015071 0.028953
2 0.603723 0.449404 0.015071 0.031317
2 0.581117 0.448813 0.016844 0.026590
2 0.562500 0.449995 0.013298 0.025408
2 0.542332 0.451768 0.013741 0.025408
2 0.520168 0.451177 0.019060 0.027772
2 0.500443 0.450881 0.018617 0.028362
2 0.482048 0.450291 0.019947 0.030726
2 0.461658 0.452654 0.019060 0.029544
2 0.443262 0.448813 0.018617 0.027772
2 0.425754 0.451472 0.014628 0.025999
2 0.406250 0.454131 0.019060 0.026590
2 0.386746 0.452063 0.016401 0.028362
2 0.369238 0.456495 0.016844 0.030135
2 0.351950 0.455313 0.017730 0.033680
2 0.986259 0.649123 0.000000 0.000591
2 0.975399 0.629328 0.034131 0.038998
2 0.935727 0.628442 0.020390 0.036044
2 0.896498 0.629624 0.021720 0.033680
2 0.861702 0.624601 0.026596 0.041362
2 0.826906 0.619283 0.030585 0.040180
2 0.796321 0.620170 0.035018 0.038407
2 0.755984 0.619874 0.032358 0.044907
2 0.721853 0.621351 0.024379 0.039589
2 0.692154 0.621351 0.022606 0.045498
2 0.960993 0.564036 0.028369 0.039589
2 0.929743 0.563740 0.031472 0.046089
2 0.895833 0.566104 0.029255 0.041362
2 0.865027 0.565217 0.027926 0.044316
2 0.831339 0.564626 0.030585 0.047862
2 0.800532 0.564922 0.031028 0.049634
2 0.771055 0.565513 0.019947 0.041362
2 0.742243 0.563445 0.028812 0.038407
2 0.713652 0.561377 0.022163 0.051998
2 0.682181 0.569649 0.023050 0.041362
2 0.945035 0.533901 0.036348 0.024226
2 0.909353 0.533605 0.018174 0.022454
2 0.873892 0.533605 0.018174 0.029544
2 0.853945 0.535378 0.022606 0.024817
2 0.818262 0.532719 0.020390 0.024226
2 0.796321 0.534491 0.026152 0.026590
2 0.766622 0.535082 0.019947 0.027772
2 0.739805 0.535673 0.025709 0.028953
2 0.709885 0.535673 0.021720 0.026590
2 0.682624 0.535969 0.027482 0.025999
2 0.916667 0.498152 0.032801 0.041362
2 0.883422 0.495789 0.025709 0.036635
2 0.859264 0.498448 0.020833 0.037226
2 0.830895 0.498743 0.025266 0.034271
2 0.804078 0.499925 0.019504 0.035453
2 0.781915 0.499925 0.018617 0.030726
2 0.755984 0.499925 0.020833 0.034271
2 0.702349 0.499925 0.014628 0.038998
2 0.678635 0.500220 0.014184 0.034862
2 0.898271 0.472744 0.021720 0.022454
2 0.874778 0.475108 0.020833 0.011818
2 0.845301 0.477471 0.026596 0.022454
2 0.823138 0.477471 0.019504 0.022454
2 0.796099 0.476585 0.021277 0.025408
2 0.776152 0.480721 0.023050 0.021863
2 0.751551 0.478948 0.019947 0.023044
2 0.724734 0.482494 0.019504 0.031317
2 0.701241 0.478948 0.017730 0.017136
2 0.675754 0.480721 0.019947 0.015954
2 0.822917 0.446450 0.023493 0.028953
2 0.798537 0.442609 0.019060 0.027181
2 0.775266 0.443791 0.020390 0.037817
2 0.753103 0.444086 0.017730 0.033680
2 0.729832 0.446154 0.017287 0.034271
2 0.709441 0.447336 0.018174 0.031908
2 0.687057 0.449700 0.016844 0.034271
2 0.993129 0.488107 0.003103 0.002364
2 0.980718 0.475699 0.027926 0.027181
2 0.989583 0.495198 0.015514 0.041362
2 0.992243 0.441427 0.015514 0.033089