2 0.254507 0.623659 0.021424 0.034961
2 0.224032 0.630061 0.015884 0.036930
2 0.189125 0.628830 0.021424 0.036438
2 0.131686 0.628583 0.027704 0.038900
2 0.176566 0.568510 0.023641 0.038900
2 0.149970 0.571711 0.021424 0.037423
2 0.090130 0.574911 0.024379 0.034961
2 0.018285 0.571218 0.021794 0.035453
2 0.270944 0.549060 0.024010 0.034468
2 0.242317 0.550291 0.014037 0.031021
2 0.219415 0.551030 0.018469 0.035453
2 0.170102 0.545121 0.021794 0.023635
2 0.144430 0.545613 0.024379 0.029544
2 0.119127 0.546844 0.024749 0.036930
2 0.041925 0.546106 0.026226 0.033483
2 0.015329 0.545860 0.017361 0.026097
2 0.270205 0.509176 0.020316 0.026590
2 0.245457 0.509176 0.018100 0.025605
2 0.222370 0.508437 0.019208 0.032991
2 0.199099 0.507698 0.020686 0.029544
2 0.175827 0.509422 0.024379 0.031021
2 0.108599 0.507945 0.028073 0.031021
2 0.082742 0.510407 0.021424 0.032991
2 0.060210 0.505975 0.022163 0.032991
2 0.037308 0.456981 0.022902 0.033483
2 0.014406 0.455750 0.017730 0.034961
2 0.005541 0.493911 0.011082 0.032499
2 0.283319 0.486279 0.014775 0.022158
2 0.258570 0.486033 0.022163 0.026590
2 0.235483 0.487264 0.021794 0.027082
2 0.197436 0.486279 0.026965 0.021173
2 0.169917 0.489726 0.016253 0.023143
2 0.147200 0.493173 0.020316 0.030037
2 0.126145 0.490957 0.016622 0.030529
2 0.103243 0.488495 0.021794 0.018711
2 0.079972 0.488249 0.021794 0.024128
2 0.272422 0.454273 0.018100 0.037915
2 0.255430 0.453534 0.014406 0.032499
2 0.234006 0.454765 0.016622 0.035945
2 0.213689 0.454027 0.018100 0.033483
2 0.191526 0.455011 0.018100 0.034468
2 0.156435 0.452549 0.020316 0.030529
2 0.530622 0.618981 0.021794 0.042347
2 0.499778 0.620212 0.018469 0.044809
2 0.472074 0.624152 0.020686 0.040869
2 0.439569 0.620705 0.017730 0.043824
2 0.377327 0.625137 0.024010 0.048748
2 0.347961 0.628583 0.021424 0.043824
2 0.315455 0.625629 0.019947 0.042839
2 0.498855 0.567525 0.023271 0.038900
2 0.473737 0.566541 0.020316 0.040869
2 0.446956 0.560878 0.019208 0.042347
2 0.419622 0.564817 0.019208 0.042347
2 0.366430 0.564817 0.020686 0.046286
2 0.340389 0.566787 0.017361 0.038407
2 0.308252 0.569987 0.023271 0.042839
2 0.527482 0.542167 0.020686 0.034468
2 0.501071 0.538720 0.020316 0.028559
2 0.477800 0.536996 0.020316 0.029052
2 0.451758 0.536504 0.019208 0.027082
2 0.426086 0.541920 0.022533 0.033976
2 0.401522 0.543644 0.021424 0.037423
2 0.347776 0.543644 0.023271 0.031514
2 0.324690 0.543890 0.023641 0.032991
2 0.526559 0.503267 0.018100 0.038407
2 0.503103 0.501543 0.015514 0.032006
2 0.479832 0.500066 0.019208 0.029052
2 0.456006 0.504252 0.018100 0.032499
2 0.433289 0.502528 0.016253 0.032991
2 0.409094 0.504005 0.015145 0.037915
2 0.386562 0.504498 0.015884 0.032006
2 0.364029 0.503513 0.018839 0.032991
2 0.341866 0.504498 0.015884 0.032991
2 0.503657 0.481109 0.013667 0.014772
2 0.481863 0.480124 0.016622 0.013787
2 0.458223 0.482094 0.014406 0.021666
2 0.436613 0.478647 0.019208 0.018711
2 0.394504 0.487510 0.017730 0.024620
2 0.371417 0.483325 0.017361 0.022158
2 0.328384 0.487510 0.019208 0.025605
2 0.307883 0.486279 0.020316 0.027082
2 0.294031 0.511145 0.019947 0.030529
2 0.535055 0.452796 0.021794 0.031021
2 0.516585 0.450334 0.015884 0.024128
2 0.497377 0.452057 0.016622 0.036438
2 0.479462 0.451318 0.014775 0.028067
2 0.454713 0.449349 0.016992 0.031021
2 0.437537 0.450087 0.016622 0.029544
2 0.415928 0.452057 0.015514 0.027575
2 0.395981 0.452549 0.012559 0.026590
2 0.375850 0.453780 0.016622 0.030037
2 0.354425 0.453780 0.015145 0.035945
2 0.335587 0.453042 0.015884 0.026590
2 0.314532 0.456489 0.014406 0.029544
2 0.296801 0.451072 0.012928 0.031514
2 0.813756 0.620459 0.029551 0.039392
2 0.779588 0.618489 0.026226 0.035453
2 0.750406 0.622428 0.026965 0.043331
2 0.716053 0.617997 0.020316 0.036438
2 0.687611 0.618981 0.026226 0.041362
2 0.657506 0.617258 0.025118 0.037915
2 0.623338 0.620951 0.025488 0.041362
2 0.590647 0.619966 0.020686 0.042347
2 0.560912 0.618489 0.021794 0.039392
2 0.802859 0.559401 0.022533 0.039392
2 0.776263 0.560632 0.024749 0.042839
2 0.746712 0.561370 0.023271 0.040377
2 0.719563 0.560386 0.022902 0.038407
2 0.690566 0.559647 0.022533 0.041854
2 0.663601 0.559401 0.023271 0.039392
2 0.638852 0.562601 0.024010 0.039885
2 0.608932 0.563832 0.020316 0.036438
2 0.582705 0.563094 0.022533 0.045793
2 0.554263 0.564817 0.021055 0.038407
2 0.789746 0.529857 0.026596 0.022651
2 0.759641 0.537489 0.026226 0.030037
2 0.736000 0.535519 0.021055 0.027082
2 0.708481 0.536750 0.024379 0.033483
2 0.683363 0.535027 0.022163 0.030037
2 0.656952 0.535765 0.022533 0.033483
2 0.631834 0.538474 0.024749 0.033976
2 0.604868 0.537735 0.023271 0.033483
2 0.578273 0.538966 0.019577 0.026097
2 0.552416 0.536258 0.021794 0.022651
2 0.764812 0.496619 0.023271 0.034961
2 0.738217 0.495635 0.018100 0.024128
2 0.714576 0.499081 0.024010 0.031021
2 0.688350 0.499081 0.025488 0.036930
2 0.664340 0.502282 0.023271 0.032499
2 0.645870 0.500805 0.019577 0.031514
2 0.620383 0.502282 0.020316 0.030529
2 0.571993 0.501051 0.014406 0.031021
2 0.549091 0.501297 0.019577 0.030529
2 0.749668 0.477170 0.019577 0.015757
2 0.728797 0.478401 0.017730 0.015264
2 0.702756 0.476923 0.020316 0.018219
2 0.680038 0.479139 0.019208 0.018711
2 0.658983 0.480370 0.017730 0.022158
2 0.637744 0.480863 0.019577 0.023143
2 0.615027 0.481109 0.018469 0.021666
2 0.594341 0.486033 0.019947 0.024620
2 0.570146 0.481847 0.015145 0.022158
2 0.550015 0.482586 0.022163 0.018711
2 0.682439 0.450580 0.021794 0.025605
2 0.660830 0.448364 0.015514 0.029052
2 0.638852 0.446148 0.021794 0.035453
2 0.618720 0.447379 0.016992 0.031021
2 0.597111 0.449103 0.016622 0.033483
2 0.579750 0.448856 0.015884 0.030037
2 0.559065 0.450580 0.017361 0.027575
2 0.993499 0.609133 0.013002 0.042347
2 0.968159 0.607410 0.022163 0.038900
2 0.932144 0.608149 0.042479 0.054164
2 0.979425 0.557677 0.025488 0.041854
2 0.949874 0.555462 0.019577 0.030529
2 0.921432 0.556446 0.023271 0.043331
2 0.888187 0.560139 0.024749 0.043824
2 0.979056 0.525917 0.027704 0.029544
2 0.954492 0.529610 0.029551 0.032006
2 0.925126 0.530349 0.028443 0.025605
2 0.899084 0.529857 0.023641 0.026590
2 0.867317 0.532565 0.031028 0.037915
2 0.986074 0.494650 0.025488 0.032991
2 0.964280 0.496619 0.024749 0.034961
2 0.935838 0.493665 0.026226 0.032991
2 0.913490 0.494404 0.028073 0.030529
2 0.894467 0.501297 0.029181 0.032499
2 0.861037 0.495142 0.019947 0.032006
2 0.839059 0.498343 0.026226 0.038407
2 0.986813 0.473969 0.019577 0.019204
2 0.962249 0.475939 0.016253 0.021173
2 0.939901 0.475939 0.018839 0.022158
2 0.918846 0.472984 0.023271 0.025113
2 0.893728 0.474461 0.023271 0.025113
2 0.868610 0.476923 0.021794 0.029052
2 0.846447 0.475692 0.019577 0.025605
2 0.825207 0.479139 0.025118 0.031514
2 0.994976 0.446148 0.010047 0.030529
2 0.982750 0.449349 0.021794 0.029052
2 0.959109 0.445902 0.021794 0.030037
2 0.937685 0.443686 0.021794 0.030529
2 0.915522 0.444425 0.021055 0.034961
2 0.895205 0.445410 0.017361 0.030037
2 0.879691 0.446887 0.020316 0.030037
2 0.857713 0.445656 0.020686 0.035453
2 0.835550 0.445163 0.021424 0.028559