2 0.306089 0.634079 0.031820 0.044316
2 0.349544 0.575835 0.023746 0.032921
2 0.315112 0.579317 0.022321 0.036086
2 0.267145 0.580583 0.021372 0.025957
2 0.209204 0.576784 0.018522 0.031021
2 0.341945 0.553677 0.015198 0.030388
2 0.313450 0.555576 0.018997 0.024057
2 0.288041 0.557159 0.024221 0.029755
2 0.229388 0.560008 0.019947 0.031654
2 0.206829 0.555259 0.024221 0.024690
2 0.363317 0.521389 0.009498 0.022791
2 0.342658 0.518857 0.022321 0.025324
2 0.285429 0.518857 0.016147 0.031654
2 0.264295 0.522972 0.021372 0.029755
2 0.239599 0.522022 0.019472 0.031654
2 0.357618 0.499231 0.014248 0.022791
2 0.336246 0.500181 0.021847 0.022158
2 0.317487 0.504296 0.011873 0.031654
2 0.300152 0.500497 0.020897 0.026590
2 0.279968 0.500497 0.018522 0.022791
2 0.260733 0.500497 0.019947 0.016460
2 0.354531 0.465994 0.018522 0.032288
2 0.322948 0.467577 0.020897 0.025324
2 0.164086 0.523922 0.015672 0.026590
2 0.144852 0.519173 0.014248 0.017093
2 0.126567 0.518224 0.011873 0.020259
2 0.107570 0.520440 0.011873 0.018360
2 0.088811 0.520440 0.015198 0.018360
2 0.055329 0.523605 0.020422 0.015827
2 0.018522 0.524238 0.021847 0.014561
2 0.189020 0.505245 0.018047 0.023424
2 0.170498 0.504929 0.013298 0.018993
2 0.151976 0.501130 0.018047 0.017726
2 0.110420 0.506195 0.024221 0.017726
2 0.091898 0.509677 0.014723 0.019626
2 0.071001 0.512209 0.019472 0.025957
2 0.052954 0.512842 0.011873 0.018360
2 0.035619 0.514425 0.018047 0.022791
2 0.223452 0.472008 0.021372 0.032921
2 0.199943 0.474541 0.012348 0.025324
2 0.186883 0.477073 0.011873 0.027856
2 0.170735 0.474541 0.013773 0.025324
2 0.155775 0.476123 0.014248 0.028489
2 0.137491 0.477073 0.013773 0.026590
2 0.121106 0.481505 0.017097 0.025324
2 0.103771 0.480555 0.014723 0.024690
2 0.087149 0.482771 0.016622 0.026590
2 0.071001 0.484353 0.015672 0.027223
2 0.041793 0.486886 0.020897 0.024690
2 0.021609 0.490368 0.011873 0.027856
2 0.007361 0.489735 0.012823 0.030388
2 0.720697 0.632496 0.024221 0.044949
2 0.689115 0.632496 0.023746 0.044949
2 0.659432 0.632813 0.025171 0.043050
2 0.626900 0.636295 0.015198 0.043683
2 0.596267 0.627748 0.023271 0.043050
2 0.530490 0.632496 0.025646 0.039885
2 0.499858 0.632496 0.024221 0.043683
2 0.467800 0.632180 0.021847 0.041784
2 0.417458 0.632813 0.017097 0.039252
2 0.386351 0.633763 0.026121 0.042417
2 0.711674 0.574885 0.023271 0.043683
2 0.660382 0.574569 0.023271 0.041784
2 0.628324 0.573619 0.017097 0.042417
2 0.599829 0.570454 0.018997 0.038618
2 0.572758 0.572986 0.019947 0.042417
2 0.519804 0.573936 0.022321 0.036719
2 0.493684 0.576784 0.021372 0.038618
2 0.465188 0.577734 0.019472 0.041784
2 0.711436 0.544813 0.020897 0.027856
2 0.684840 0.551461 0.016147 0.029755
2 0.658482 0.546396 0.021372 0.028489
2 0.634498 0.545763 0.017097 0.025957
2 0.602204 0.542281 0.017097 0.022791
2 0.578220 0.549245 0.021372 0.029122
2 0.553524 0.549562 0.018522 0.038618
2 0.502470 0.548929 0.021847 0.027223
2 0.479198 0.550511 0.018997 0.026590
2 0.429569 0.556209 0.022321 0.034187
2 0.405348 0.554943 0.019472 0.030388
2 0.382551 0.556526 0.016622 0.032288
2 0.707162 0.507778 0.018047 0.032288
2 0.683891 0.509677 0.015198 0.033554
2 0.658720 0.508411 0.017097 0.029755
2 0.634498 0.509677 0.018997 0.034820
2 0.609802 0.509044 0.015198 0.031021
2 0.584869 0.512209 0.018522 0.033554
2 0.560648 0.510310 0.015672 0.033554
2 0.539514 0.511260 0.015198 0.027856
2 0.518142 0.513159 0.017097 0.030388
2 0.495583 0.513792 0.021372 0.029122
2 0.450940 0.517907 0.022321 0.034820
2 0.428381 0.517274 0.016147 0.029755
2 0.408197 0.515375 0.016622 0.025957
2 0.387538 0.518540 0.016147 0.027223
2 0.706924 0.485620 0.015672 0.015827
2 0.658245 0.487835 0.017097 0.016460
2 0.634498 0.485303 0.018997 0.013928
2 0.614552 0.491317 0.016147 0.019626
2 0.588431 0.487835 0.018047 0.022791
2 0.547587 0.491951 0.013298 0.018360
2 0.527641 0.496382 0.015198 0.020892
2 0.481810 0.499231 0.019472 0.027856
2 0.461864 0.496066 0.016622 0.024057
2 0.441442 0.495116 0.013773 0.020892
2 0.421020 0.496066 0.011873 0.021525
2 0.400598 0.497965 0.017572 0.022791
2 0.715948 0.457447 0.018522 0.032921
2 0.692914 0.454598 0.017097 0.028489
2 0.672017 0.455548 0.013298 0.034187
2 0.651358 0.457447 0.012823 0.032921
2 0.630699 0.457131 0.015198 0.029755
2 0.610040 0.457131 0.014723 0.031021
2 0.589856 0.457764 0.016147 0.032288
2 0.567297 0.458713 0.015672 0.026590
2 0.547350 0.459980 0.015672 0.029122
2 0.527641 0.462195 0.017097 0.032288
2 0.508169 0.462512 0.017097 0.034187
2 0.488934 0.460613 0.013773 0.031654
2 0.470412 0.462195 0.014723 0.032288
2 0.453315 0.461246 0.013773 0.035453
2 0.431706 0.463778 0.018997 0.031654
2 0.413659 0.463145 0.013298 0.027856
2 0.397036 0.467893 0.013298 0.031021
2 0.377802 0.465994 0.016622 0.028489
2 0.975494 0.631863 0.027546 0.044949
2 0.936313 0.640410 0.032770 0.050647
2 0.900456 0.632813 0.026596 0.044316
2 0.861275 0.630914 0.029920 0.046849
2 0.828742 0.633129 0.037994 0.048748
2 0.791461 0.633129 0.024221 0.050014
2 0.754654 0.632180 0.031345 0.049381
2 0.963858 0.570137 0.030870 0.039252
2 0.930376 0.574569 0.028495 0.050647
2 0.898556 0.569504 0.031345 0.045582
2 0.867211 0.570770 0.025646 0.053179
2 0.833729 0.570454 0.026121 0.046216
2 0.806658 0.569821 0.022321 0.043683
2 0.772939 0.573936 0.021372 0.041784
2 0.746106 0.569187 0.019947 0.046216
2 0.980006 0.535634 0.027071 0.025957
2 0.944861 0.539749 0.019472 0.021525
2 0.914941 0.541648 0.020422 0.026590
2 0.884309 0.541015 0.023746 0.027856
2 0.850114 0.541332 0.025646 0.028489
2 0.827793 0.539116 0.021847 0.024057
2 0.798347 0.541965 0.025646 0.029755
2 0.767715 0.543547 0.024221 0.024057
2 0.739932 0.545763 0.019947 0.029755
2 0.952460 0.502713 0.026121 0.044949
2 0.919690 0.502080 0.026121 0.033554
2 0.893332 0.503030 0.022796 0.036719
2 0.863649 0.504296 0.026121 0.037985
2 0.837291 0.506512 0.026596 0.034820
2 0.812358 0.506512 0.023271 0.039885
2 0.787187 0.508727 0.024221 0.041784
2 0.733758 0.504612 0.017097 0.034820
2 0.935600 0.483404 0.029445 0.030388
2 0.907817 0.481188 0.015672 0.018360
2 0.877897 0.479922 0.028021 0.019626
2 0.854388 0.482771 0.020897 0.025324
2 0.830167 0.483720 0.018997 0.023424
2 0.803571 0.483087 0.016147 0.020892
2 0.778638 0.484670 0.020422 0.018993
2 0.753229 0.488469 0.018047 0.025324
2 0.730196 0.485936 0.016622 0.026590
2 0.858188 0.449217 0.025646 0.024057
2 0.831592 0.449217 0.018047 0.031654
2 0.802147 0.443836 0.023746 0.037352
2 0.783625 0.449850 0.022796 0.026590
2 0.760591 0.450800 0.015672 0.033554
2 0.739694 0.452382 0.016622 0.029122
2 0.991546 0.568554 0.016907 0.052546