2 0.531915 0.575704 0.022396 0.034520
2 0.508469 0.580835 0.021697 0.035453
2 0.474174 0.586433 0.017497 0.031721
2 0.444779 0.589232 0.021697 0.035453
2 0.413284 0.591565 0.016097 0.034520
2 0.383539 0.599495 0.018197 0.042917
2 0.349594 0.598095 0.013298 0.040118
2 0.285904 0.605093 0.023096 0.035453
2 0.250210 0.615355 0.016097 0.031721
2 0.219065 0.620020 0.015398 0.035453
2 0.159225 0.625152 0.016097 0.038252
2 0.125280 0.626085 0.019597 0.040118
2 0.086086 0.634948 0.022396 0.035453
2 0.020297 0.634948 0.027996 0.044783
2 0.517567 0.524390 0.021697 0.030788
2 0.489222 0.526723 0.016797 0.035453
2 0.461576 0.530921 0.016097 0.034520
2 0.410484 0.535120 0.016097 0.035453
2 0.382139 0.537919 0.020997 0.031721
2 0.356243 0.538852 0.016797 0.033587
2 0.327198 0.543050 0.018897 0.038252
2 0.270507 0.547248 0.020297 0.037319
2 0.242161 0.550980 0.020997 0.035453
2 0.213816 0.553313 0.018897 0.034520
2 0.067539 0.566374 0.024496 0.034520
2 0.032895 0.572905 0.033595 0.041984
2 0.535064 0.495935 0.014698 0.027989
2 0.510568 0.494535 0.021697 0.032654
2 0.486072 0.500133 0.017497 0.025190
2 0.462276 0.500133 0.014698 0.023324
2 0.439180 0.506664 0.023096 0.036386
2 0.409434 0.508063 0.018197 0.026123
2 0.385288 0.509463 0.021697 0.034520
2 0.358693 0.510862 0.014698 0.033587
2 0.333847 0.517393 0.018197 0.027989
2 0.304101 0.521125 0.018897 0.027989
2 0.251260 0.522058 0.015398 0.027989
2 0.227464 0.528589 0.022396 0.024257
2 0.166573 0.538385 0.022396 0.032654
2 0.139628 0.539318 0.018897 0.038252
2 0.111982 0.542117 0.022396 0.036386
2 0.061590 0.543050 0.020997 0.032654
2 0.032195 0.542117 0.022396 0.025190
2 0.006999 0.551913 0.013998 0.033587
2 0.524916 0.464680 0.015398 0.025190
2 0.479423 0.470744 0.015398 0.026123
2 0.455627 0.465147 0.013998 0.027989
2 0.433231 0.472610 0.015398 0.031721
2 0.409085 0.469345 0.014698 0.030788
2 0.385988 0.474476 0.013298 0.026123
2 0.361142 0.476809 0.013998 0.028922
2 0.337696 0.474943 0.013298 0.036386
2 0.313200 0.478675 0.011898 0.028922
2 0.288354 0.485206 0.018197 0.028922
2 0.264908 0.484739 0.017497 0.029855
2 0.237962 0.492203 0.018197 0.031721
2 0.190370 0.495468 0.019597 0.036386
2 0.164124 0.495002 0.017497 0.027989
2 0.141727 0.495002 0.016097 0.024257
2 0.115482 0.500133 0.019597 0.025190
2 0.092035 0.501533 0.017497 0.026123
2 0.067539 0.503865 0.018897 0.027056
2 0.517567 0.443222 0.018897 0.025190
2 0.495171 0.447420 0.014698 0.020525
2 0.474874 0.447420 0.014698 0.018659
2 0.454577 0.447420 0.013298 0.022391
2 0.409784 0.450686 0.013298 0.013995
2 0.384938 0.453018 0.016797 0.022391
2 0.364642 0.456750 0.012598 0.016794
2 0.338746 0.456283 0.016797 0.017726
2 0.294653 0.463281 0.015398 0.022391
2 0.271906 0.465147 0.020297 0.020525
2 0.225014 0.472610 0.021697 0.024257
2 0.200868 0.470278 0.018197 0.025190
2 0.176022 0.474943 0.017497 0.023324
2 0.153975 0.476809 0.016797 0.027056
2 0.130529 0.479141 0.021697 0.027989
2 0.083287 0.483806 0.023796 0.024257
2 0.056691 0.484739 0.020997 0.026123
2 0.033945 0.488937 0.021697 0.028922
2 0.009099 0.491736 0.016797 0.032654
2 0.520367 0.405436 0.020297 0.033587
2 0.500070 0.408235 0.016097 0.027989
2 0.481523 0.413833 0.016797 0.035453
2 0.461226 0.414300 0.015398 0.028922
2 0.441629 0.418031 0.013998 0.021458
2 0.420633 0.418031 0.015398 0.027056
2 0.400336 0.420364 0.015398 0.027989
2 0.381089 0.420830 0.016097 0.034520
2 0.360792 0.421297 0.014698 0.026123
2 0.338396 0.425495 0.014698 0.032654
2 0.318449 0.431093 0.015398 0.025190
2 0.296053 0.430160 0.012598 0.027056
2 0.274356 0.430160 0.018197 0.030788
2 0.250910 0.434825 0.016097 0.034520
2 0.230963 0.432959 0.012598 0.025190
2 0.211366 0.434359 0.015398 0.029855
2 0.189670 0.435291 0.018197 0.026123
2 0.168673 0.437157 0.015398 0.022391
2 0.145927 0.438557 0.017497 0.027056
2 0.122830 0.442755 0.017497 0.026123
2 0.100434 0.445088 0.017497 0.028922
2 0.667693 0.210911 0.001400 0.000000
2 0.716335 0.558444 0.023096 0.040118
2 0.684490 0.558444 0.022396 0.036386
2 0.656145 0.564975 0.024496 0.038252
2 0.623600 0.566841 0.029395 0.036386
2 0.595255 0.568707 0.024496 0.040118
2 0.566209 0.570106 0.023796 0.044783
2 0.703038 0.503399 0.023096 0.032654
2 0.673642 0.507597 0.021697 0.035453
2 0.650546 0.507597 0.018897 0.037319
2 0.623250 0.508063 0.021697 0.034520
2 0.598054 0.513195 0.018897 0.035453
2 0.568309 0.514594 0.019597 0.040118
2 0.545563 0.518793 0.013298 0.037319
2 0.685190 0.475876 0.023796 0.022391
2 0.659295 0.477742 0.019597 0.016794
2 0.635848 0.481474 0.016097 0.026123
2 0.613452 0.481474 0.016097 0.018659
2 0.589656 0.485206 0.020297 0.026123
2 0.563060 0.488471 0.018897 0.025190
2 0.587206 0.402637 0.016797 0.028922
2 0.561310 0.404037 0.012598 0.029855
2 0.540663 0.404037 0.010498 0.039185
2 0.661044 0.444621 0.024496 0.027056
2 0.636898 0.446954 0.019597 0.024257
2 0.613802 0.449753 0.016797 0.027989
2 0.591405 0.454417 0.018197 0.026123
2 0.571109 0.457216 0.018197 0.024257
2 0.550112 0.462348 0.013998 0.027056
2 0.650896 0.426895 0.019597 0.017726
2 0.627450 0.429227 0.014698 0.009330
2 0.601554 0.430627 0.014698 0.021458
2 0.584406 0.436224 0.018197 0.017726
2 0.562010 0.438090 0.018197 0.017726
2 0.541363 0.438090 0.011898 0.015861
2 0.964096 0.520659 0.025896 0.039185
2 0.941699 0.524390 0.024496 0.050381
2 0.913004 0.533254 0.025896 0.036386
2 0.883959 0.534653 0.027996 0.042917
2 0.852114 0.533720 0.028695 0.039185
2 0.823068 0.538385 0.023796 0.042917
2 0.984043 0.470744 0.020997 0.032654
2 0.960246 0.474943 0.020997 0.042917
2 0.937500 0.479141 0.014698 0.038252
2 0.910904 0.479141 0.017497 0.043850
2 0.886058 0.478208 0.019597 0.047582
2 0.861212 0.484273 0.020297 0.048515
2 0.836016 0.485206 0.023096 0.044783
2 0.810820 0.488471 0.017497 0.041984
2 0.786674 0.491736 0.020997 0.039185
2 0.979143 0.441356 0.022396 0.024257
2 0.953947 0.447420 0.023796 0.023324
2 0.929801 0.450219 0.027296 0.023324
2 0.904255 0.448353 0.016797 0.023324
2 0.883609 0.451152 0.020297 0.023324
2 0.858413 0.453484 0.025896 0.022391
2 0.833917 0.454417 0.024496 0.020525
2 0.810470 0.460015 0.019597 0.022391
2 0.788074 0.461881 0.018197 0.024257
2 0.759728 0.469345 0.024496 0.037319
2 0.970745 0.412900 0.018197 0.027056
2 0.950448 0.420830 0.016797 0.027989
2 0.927002 0.419897 0.023096 0.031721
2 0.905305 0.419431 0.017497 0.030788
2 0.883259 0.423163 0.018197 0.034520
2 0.861912 0.423629 0.018897 0.039185
2 0.840216 0.427361 0.018897 0.031721
2 0.820269 0.430160 0.016797 0.033587
2 0.799272 0.430627 0.015398 0.036386
2 0.780025 0.437624 0.020297 0.029855
2 0.752730 0.436691 0.021697 0.029855
2 0.728233 0.443688 0.020297 0.034520
2 0.928052 0.395174 0.022396 0.021458
2 0.907755 0.397973 0.020997 0.015861
2 0.879059 0.395640 0.022396 0.016794
2 0.858063 0.403104 0.016797 0.014928
2 0.841265 0.407302 0.019597 0.019592
2 0.823068 0.408235 0.012598 0.013995
2 0.798922 0.406369 0.021697 0.015861
2 0.779325 0.414300 0.021697 0.024257
2 0.760428 0.417099 0.020297 0.022391
2 0.740482 0.417099 0.018197 0.024257
2 0.715635 0.423629 0.018897 0.027989
2 0.892007 0.377447 0.023096 0.025190
2 0.871361 0.379780 0.016797 0.033587
2 0.853163 0.380713 0.016797 0.033587
2 0.836366 0.380713 0.012598 0.033587
2 0.819919 0.380246 0.017497 0.030788
2 0.800322 0.382112 0.014698 0.038252
2 0.783875 0.385844 0.015398 0.041984
2 0.764278 0.385844 0.020997 0.034520
2 0.739082 0.385844 0.023796 0.032654