2 0.341066 0.620469 0.026103 0.041362
2 0.309791 0.631959 0.023641 0.038079
2 0.278270 0.627035 0.018716 0.045301
2 0.216706 0.629989 0.028566 0.042018
2 0.180999 0.627035 0.032998 0.043988
2 0.146523 0.632615 0.024133 0.048584
2 0.088160 0.633928 0.027581 0.044645
2 0.328753 0.562694 0.017238 0.038736
2 0.296740 0.567946 0.019208 0.033483
2 0.268666 0.568274 0.022163 0.028888
2 0.132486 0.574512 0.025611 0.041362
2 0.101458 0.573855 0.023641 0.036110
2 0.042602 0.579107 0.026103 0.040049
2 0.362490 0.543326 0.021671 0.035453
2 0.306836 0.540372 0.020686 0.028231
2 0.283688 0.542013 0.016745 0.030201
2 0.229019 0.547922 0.019701 0.039392
2 0.203162 0.549563 0.015268 0.032170
2 0.176566 0.549891 0.024133 0.036766
2 0.131747 0.546609 0.025118 0.032827
2 0.099488 0.552189 0.022656 0.028231
2 0.073385 0.549235 0.023641 0.031514
2 0.371109 0.499995 0.020193 0.030201
2 0.350177 0.503277 0.018716 0.032827
2 0.326044 0.502949 0.017730 0.030857
2 0.304127 0.503277 0.019208 0.030201
2 0.253152 0.506888 0.019701 0.032170
2 0.228280 0.506560 0.020193 0.034140
2 0.204147 0.508858 0.019208 0.034796
2 0.182476 0.507217 0.019208 0.031514
2 0.157851 0.507873 0.019208 0.034140
2 0.134210 0.507545 0.022163 0.038736
2 0.061318 0.512141 0.025118 0.036110
2 0.035461 0.512141 0.019701 0.032170
2 0.013298 0.515752 0.015760 0.024948
2 0.355595 0.483581 0.015760 0.021009
2 0.332939 0.483253 0.017730 0.019040
2 0.285904 0.487849 0.019208 0.026918
2 0.263249 0.486207 0.018223 0.030201
2 0.241332 0.486864 0.013790 0.024948
2 0.219907 0.490147 0.017238 0.017070
2 0.197006 0.488177 0.020686 0.026261
2 0.153172 0.488833 0.021671 0.021009
2 0.125099 0.492116 0.016745 0.023635
2 0.103920 0.493429 0.021671 0.028888
2 0.081019 0.489490 0.020193 0.028888
2 0.057624 0.487520 0.020686 0.022322
2 0.032998 0.488505 0.025611 0.017726
2 0.376527 0.449113 0.013298 0.026918
2 0.354364 0.451083 0.017238 0.032170
2 0.335402 0.450426 0.013790 0.029544
2 0.315455 0.453052 0.017238 0.030857
2 0.294523 0.451083 0.015760 0.032170
2 0.273838 0.449441 0.015760 0.028888
2 0.253152 0.451083 0.015760 0.029544
2 0.231481 0.451739 0.019701 0.032170
2 0.210057 0.452396 0.013298 0.026918
2 0.191588 0.455022 0.015760 0.025605
2 0.167455 0.452724 0.015760 0.030201
2 0.150217 0.455022 0.018716 0.025605
2 0.110323 0.454365 0.019701 0.025605
2 0.710205 0.608980 0.024626 0.045958
2 0.680654 0.605041 0.029551 0.038079
2 0.651103 0.609636 0.027581 0.032827
2 0.620321 0.608323 0.026103 0.044645
2 0.586584 0.611606 0.024626 0.044645
2 0.555802 0.612919 0.023148 0.044645
2 0.525512 0.616858 0.025611 0.047271
2 0.495961 0.615545 0.028566 0.043331
2 0.467888 0.615217 0.020686 0.038736
2 0.436121 0.621782 0.021178 0.037423
2 0.403123 0.618171 0.025118 0.043331
2 0.704295 0.552846 0.022656 0.037423
2 0.678684 0.554159 0.020686 0.037423
2 0.654551 0.553174 0.020686 0.040705
2 0.624507 0.552518 0.022656 0.038079
2 0.602098 0.550876 0.021178 0.033483
2 0.573040 0.553831 0.023148 0.034140
2 0.545213 0.552518 0.021671 0.034140
2 0.516647 0.557770 0.024626 0.038079
2 0.465672 0.560068 0.022163 0.040049
2 0.437599 0.559411 0.017238 0.042675
2 0.410264 0.556457 0.015760 0.038079
2 0.383176 0.561053 0.020686 0.039392
2 0.733599 0.552189 0.022163 0.042675
2 0.718085 0.523958 0.019701 0.028231
2 0.695183 0.526584 0.018223 0.024292
2 0.671789 0.524943 0.023641 0.019696
2 0.642730 0.526913 0.019701 0.024948
2 0.618351 0.523958 0.022163 0.019040
2 0.593479 0.530195 0.024626 0.024948
2 0.568361 0.528882 0.020686 0.022322
2 0.540288 0.528554 0.021671 0.022979
2 0.516401 0.528226 0.019208 0.021009
2 0.490790 0.536104 0.021178 0.028888
2 0.466411 0.531180 0.018716 0.019040
2 0.442770 0.531508 0.019701 0.027575
2 0.416420 0.533478 0.019208 0.021009
2 0.389332 0.535448 0.023148 0.024948
2 0.725227 0.483581 0.024133 0.032827
2 0.698385 0.488177 0.018716 0.031514
2 0.674498 0.490147 0.018223 0.031514
2 0.650611 0.490803 0.018716 0.030201
2 0.625985 0.492444 0.019701 0.034796
2 0.606038 0.492444 0.017238 0.034796
2 0.584614 0.492444 0.023641 0.032170
2 0.532407 0.493101 0.015760 0.032170
2 0.512461 0.493758 0.013298 0.033483
2 0.489066 0.495727 0.014775 0.033483
2 0.465918 0.496712 0.016745 0.031514
2 0.442770 0.497368 0.018716 0.031514
2 0.418144 0.498025 0.018716 0.031514
2 0.396227 0.499010 0.021178 0.034796
2 0.709466 0.468153 0.022163 0.020353
2 0.686810 0.469466 0.016253 0.017726
2 0.662185 0.470122 0.022163 0.022979
2 0.641992 0.471107 0.018223 0.019696
2 0.618351 0.469794 0.020193 0.021009
2 0.597665 0.474718 0.020193 0.022979
2 0.575749 0.473405 0.019701 0.024292
2 0.553339 0.478985 0.021178 0.027575
2 0.532900 0.473733 0.014775 0.018383
2 0.508767 0.475046 0.020686 0.019696
2 0.466903 0.478329 0.015760 0.018383
2 0.444740 0.477344 0.014775 0.019040
2 0.422823 0.479642 0.017238 0.019696
2 0.396474 0.477672 0.016745 0.021009
2 0.642484 0.442219 0.021178 0.026261
2 0.621306 0.438608 0.017238 0.026918
2 0.599882 0.438608 0.017730 0.033483
2 0.580181 0.439921 0.016745 0.032170
2 0.558757 0.440906 0.020193 0.035453
2 0.540534 0.441563 0.014283 0.034140
2 0.520341 0.445502 0.019208 0.032827
2 0.497439 0.444517 0.016745 0.032170
2 0.479216 0.443861 0.013790 0.034796
2 0.459762 0.443861 0.014283 0.026918
2 0.441046 0.445174 0.017238 0.029544
2 0.419868 0.445174 0.014283 0.029544
2 0.400167 0.448785 0.017238 0.027575
2 0.769553 0.608323 0.021178 0.035453
2 0.740987 0.606025 0.025118 0.042675
2 0.761673 0.548907 0.017238 0.034796
2 0.747143 0.520347 0.018716 0.026261
2 0.984781 0.593223 0.026103 0.042018
2 0.949813 0.590268 0.028073 0.038736
2 0.918538 0.593551 0.030536 0.045301
2 0.885786 0.591910 0.035954 0.043331
2 0.981334 0.538730 0.025118 0.042018
2 0.959909 0.542013 0.026596 0.045958
2 0.932329 0.542341 0.031521 0.045301
2 0.901793 0.541356 0.027581 0.040705
2 0.877660 0.539387 0.026596 0.042018
2 0.847124 0.543983 0.032506 0.045958
2 0.982072 0.511484 0.025611 0.025605
2 0.958186 0.511812 0.022163 0.028888
2 0.929374 0.510499 0.027581 0.026261
2 0.903517 0.512469 0.024133 0.024948
2 0.878645 0.515095 0.023641 0.023635
2 0.854758 0.518378 0.020193 0.028888
2 0.825453 0.517721 0.027581 0.036766
2 0.982072 0.477016 0.022656 0.031514
2 0.959171 0.481940 0.023148 0.033483
2 0.937254 0.479642 0.019701 0.035453
2 0.912628 0.480627 0.024626 0.033483
2 0.888987 0.479970 0.017730 0.029544
2 0.866332 0.480955 0.017730 0.032827
2 0.851064 0.487849 0.020686 0.030857
2 0.818558 0.483581 0.023641 0.028888
2 0.794425 0.485879 0.027581 0.034796
2 0.981087 0.456991 0.024626 0.016413
2 0.957939 0.456991 0.022656 0.019040
2 0.936269 0.457976 0.016745 0.018383
2 0.914352 0.460931 0.022163 0.021666
2 0.890465 0.460602 0.019701 0.023635
2 0.867563 0.457976 0.021178 0.015757
2 0.844415 0.461915 0.023148 0.026261
2 0.823483 0.465526 0.024626 0.029544
2 0.801566 0.458633 0.014283 0.022322
2 0.782358 0.467168 0.020193 0.022322
2 0.972961 0.432043 0.024133 0.032170
2 0.949074 0.433356 0.022656 0.030857
2 0.927650 0.432043 0.017238 0.028231
2 0.908442 0.433356 0.015268 0.034796
2 0.890957 0.430402 0.019701 0.032827
2 0.870764 0.431387 0.016745 0.030857
2 0.849340 0.431058 0.015268 0.031514
2 0.833087 0.434669 0.016253 0.036110
2 0.811663 0.431387 0.019701 0.030857
2 0.791223 0.434341 0.019208 0.028888