2 0.473024 0.612040 0.021530 0.047271
2 0.441996 0.617527 0.022796 0.049803
2 0.411601 0.617527 0.015198 0.044738
2 0.379623 0.620481 0.022163 0.042206
2 0.316616 0.623858 0.024063 0.042206
2 0.285588 0.631877 0.015198 0.039674
2 0.253609 0.631877 0.017097 0.041362
2 0.196619 0.632299 0.023430 0.042206
2 0.157991 0.634409 0.024696 0.046427
2 0.121581 0.638208 0.017730 0.050647
2 0.059524 0.635675 0.031662 0.040518
2 0.439463 0.561393 0.020263 0.027012
2 0.410968 0.563925 0.018997 0.043894
2 0.384688 0.561815 0.018364 0.043050
2 0.359359 0.560971 0.019630 0.039674
2 0.302685 0.563925 0.017730 0.047271
2 0.277672 0.564769 0.019630 0.032077
2 0.245061 0.570256 0.027862 0.039674
2 0.105433 0.577853 0.027229 0.036297
2 0.073138 0.576587 0.036094 0.045582
2 0.014881 0.585872 0.029762 0.038829
2 0.465742 0.536069 0.022163 0.030388
2 0.441363 0.532693 0.015198 0.023635
2 0.418566 0.531849 0.015198 0.027012
2 0.391971 0.532693 0.015198 0.023635
2 0.364108 0.535225 0.020263 0.032077
2 0.338146 0.542822 0.022796 0.035453
2 0.285904 0.542822 0.013298 0.030388
2 0.260258 0.543244 0.017730 0.024479
2 0.200418 0.547887 0.025963 0.033765
2 0.175405 0.552530 0.020263 0.036297
2 0.148810 0.552952 0.016464 0.035453
2 0.098784 0.546621 0.026596 0.024479
2 0.069972 0.549153 0.020897 0.021103
2 0.041477 0.558016 0.018364 0.028700
2 0.467642 0.495974 0.013298 0.032921
2 0.442629 0.498084 0.016464 0.030388
2 0.415717 0.498084 0.018364 0.028700
2 0.392287 0.501882 0.013298 0.029544
2 0.370757 0.499772 0.015831 0.035453
2 0.347644 0.500616 0.013931 0.032077
2 0.323582 0.501882 0.015198 0.032921
2 0.300152 0.501038 0.018997 0.032921
2 0.277356 0.503993 0.020263 0.032077
2 0.227014 0.510324 0.023430 0.032921
2 0.200101 0.509479 0.020263 0.029544
2 0.177305 0.511168 0.013931 0.026168
2 0.152926 0.512434 0.020897 0.035453
2 0.128863 0.512856 0.015831 0.036297
2 0.103217 0.510746 0.024063 0.035453
2 0.032295 0.520453 0.022796 0.037985
2 0.008549 0.524674 0.017097 0.037985
2 0.443262 0.478247 0.020263 0.024479
2 0.419833 0.479091 0.021530 0.026168
2 0.396087 0.482468 0.019630 0.032921
2 0.371707 0.479513 0.017730 0.018571
2 0.329281 0.482046 0.015198 0.023635
2 0.307118 0.484578 0.017730 0.028700
2 0.259942 0.487532 0.017097 0.027856
2 0.237779 0.487110 0.019630 0.023635
2 0.214982 0.489221 0.014564 0.031232
2 0.191553 0.487954 0.018364 0.020259
2 0.169706 0.490909 0.020263 0.024479
2 0.121897 0.492597 0.028495 0.022791
2 0.098468 0.493019 0.023430 0.025324
2 0.074088 0.495974 0.021530 0.032921
2 0.050025 0.495551 0.022796 0.032077
2 0.024063 0.495974 0.022796 0.029544
2 0.471758 0.443638 0.018997 0.027856
2 0.454661 0.443638 0.013931 0.036297
2 0.433447 0.444060 0.015831 0.037141
2 0.414450 0.446593 0.013298 0.035453
2 0.394187 0.444482 0.017097 0.037985
2 0.373290 0.452079 0.015831 0.029544
2 0.352394 0.450813 0.015831 0.027012
2 0.332130 0.450813 0.014564 0.030388
2 0.311550 0.450391 0.012665 0.029544
2 0.289070 0.449125 0.012031 0.035453
2 0.269124 0.451657 0.017730 0.028700
2 0.247277 0.451235 0.014564 0.027856
2 0.227647 0.452079 0.012031 0.032921
2 0.205167 0.457144 0.020263 0.032921
2 0.185220 0.458410 0.013298 0.030388
2 0.164007 0.456722 0.018997 0.035453
2 0.143744 0.457144 0.016464 0.026168
2 0.120947 0.459676 0.020263 0.031232
2 0.077571 0.460098 0.020897 0.028700
2 0.747214 0.603177 0.027862 0.041362
2 0.718085 0.601910 0.024063 0.040518
2 0.687690 0.607819 0.029129 0.042206
2 0.655712 0.602755 0.025963 0.045582
2 0.627533 0.606553 0.022796 0.046427
2 0.595871 0.604865 0.026596 0.048115
2 0.563893 0.609085 0.022163 0.048115
2 0.532548 0.607397 0.024063 0.043050
2 0.502786 0.609930 0.021530 0.048115
2 0.736132 0.542822 0.023430 0.042206
2 0.710170 0.544088 0.022163 0.043050
2 0.681674 0.545355 0.018364 0.045582
2 0.653179 0.547043 0.023430 0.043894
2 0.630066 0.547043 0.018997 0.040518
2 0.601887 0.549575 0.019630 0.038829
2 0.576241 0.550841 0.021530 0.037985
2 0.548379 0.551263 0.020263 0.038829
2 0.523366 0.550419 0.018364 0.038829
2 0.496137 0.556328 0.020897 0.040518
2 0.723784 0.512856 0.025329 0.022791
2 0.695289 0.518343 0.021530 0.027012
2 0.670276 0.518765 0.017097 0.031232
2 0.642730 0.519187 0.022796 0.023635
2 0.620567 0.520453 0.016464 0.031232
2 0.596505 0.522141 0.021530 0.027856
2 0.571492 0.521719 0.019630 0.023635
2 0.545529 0.524252 0.019630 0.030388
2 0.518934 0.525096 0.019630 0.027012
2 0.494554 0.528050 0.015198 0.029544
2 0.695605 0.481201 0.022163 0.028700
2 0.673442 0.483734 0.019630 0.028700
2 0.652546 0.485422 0.018364 0.032077
2 0.626583 0.487954 0.020897 0.028700
2 0.603153 0.488376 0.017097 0.027856
2 0.583523 0.492175 0.017097 0.033765
2 0.560410 0.493019 0.018997 0.027012
2 0.687690 0.461787 0.022796 0.021947
2 0.662677 0.466851 0.018364 0.018571
2 0.640514 0.465163 0.019630 0.016882
2 0.618668 0.467696 0.020263 0.016882
2 0.595871 0.466007 0.016464 0.020259
2 0.575608 0.469806 0.021530 0.021103
2 0.553445 0.471916 0.017730 0.028700
2 0.531915 0.474871 0.017730 0.027856
2 0.511968 0.491753 0.019630 0.034609
2 0.490122 0.492175 0.017730 0.032077
2 0.512601 0.474026 0.017097 0.016038
2 0.488539 0.472760 0.014564 0.025324
2 0.617718 0.436041 0.022163 0.031232
2 0.596821 0.436885 0.015831 0.036297
2 0.577824 0.435619 0.014564 0.040518
2 0.555978 0.438996 0.013931 0.037141
2 0.536031 0.439840 0.017097 0.035453
2 0.516084 0.440262 0.015198 0.037985
2 0.495504 0.444060 0.017097 0.030388
2 0.956180 0.585028 0.024063 0.040518
2 0.925469 0.584606 0.027229 0.046427
2 0.893174 0.585028 0.028495 0.050647
2 0.858979 0.585450 0.037361 0.043050
2 0.954597 0.534803 0.020897 0.043050
2 0.926735 0.531427 0.024696 0.043050
2 0.903622 0.532271 0.022796 0.031232
2 0.877343 0.536913 0.022163 0.033765
2 0.848214 0.534381 0.025963 0.040518
2 0.817186 0.536491 0.025963 0.041362
2 0.949531 0.499772 0.018364 0.020259
2 0.929268 0.503571 0.025963 0.012662
2 0.900456 0.502304 0.025329 0.018571
2 0.879243 0.504837 0.023430 0.021947
2 0.851064 0.508213 0.021530 0.028700
2 0.827001 0.506947 0.018997 0.022791
2 0.797556 0.511590 0.027229 0.038829
2 0.951431 0.471072 0.023430 0.035453
2 0.925785 0.473604 0.020263 0.032077
2 0.908688 0.472338 0.022796 0.037985
2 0.885575 0.473182 0.024696 0.036297
2 0.861196 0.472338 0.016464 0.032921
2 0.840932 0.474871 0.016464 0.031232
2 0.819086 0.480779 0.024696 0.031232
2 0.790907 0.474026 0.024063 0.032921
2 0.768110 0.479513 0.017730 0.035453
2 0.948898 0.446593 0.020897 0.020259
2 0.926102 0.448703 0.019630 0.021103
2 0.905838 0.451657 0.017097 0.020259
2 0.885258 0.452923 0.017730 0.024479
2 0.863728 0.453346 0.015198 0.020259
2 0.843782 0.452923 0.018364 0.026168
2 0.819402 0.458410 0.018997 0.025324
2 0.798189 0.459676 0.023430 0.024479
2 0.777292 0.457144 0.015831 0.024479
2 0.752280 0.462209 0.017730 0.029544
2 0.939716 0.422957 0.029129 0.038829
2 0.919453 0.427600 0.017730 0.036297
2 0.900456 0.428022 0.013931 0.032077
2 0.880193 0.427600 0.018997 0.032921
2 0.859296 0.426756 0.018997 0.029544
2 0.839982 0.425490 0.015831 0.035453
2 0.823835 0.426334 0.012665 0.032077
2 0.803571 0.428022 0.017730 0.037141
2 0.786158 0.426334 0.013298 0.033765
2 0.767477 0.431398 0.017730 0.032077
2 0.972011 0.447859 0.015198 0.017726
2 0.972644 0.472338 0.020263 0.027856
2 0.991641 0.474026 0.013931 0.031232
2 0.982459 0.590937 0.024696 0.027012
2 0.978660 0.535647 0.024696 0.029544
2 0.974861 0.499350 0.024696 0.014350