2 0.240535 0.618375 0.024249 0.049530
2 0.280820 0.562328 0.019556 0.046923
2 0.253833 0.563631 0.024249 0.039103
2 0.201619 0.563892 0.026205 0.037538
2 0.141388 0.561546 0.024640 0.033889
2 0.273389 0.539909 0.019556 0.025026
2 0.248162 0.542516 0.023076 0.031282
2 0.226455 0.541734 0.021120 0.029718
2 0.160943 0.540952 0.023076 0.031282
2 0.135325 0.537042 0.020338 0.022419
2 0.280038 0.505238 0.021902 0.029718
2 0.216286 0.506020 0.021120 0.026068
2 0.194970 0.507063 0.016818 0.027111
2 0.175415 0.505238 0.019947 0.027632
2 0.100321 0.501849 0.021511 0.013556
2 0.072747 0.502110 0.018773 0.018248
2 0.050258 0.501849 0.017600 0.021897
2 0.029334 0.503935 0.017209 0.017726
2 0.010169 0.505238 0.017209 0.018248
2 0.119094 0.488555 0.026205 0.024504
2 0.096018 0.484905 0.014471 0.018248
2 0.075681 0.484384 0.018382 0.016162
2 0.037938 0.486730 0.021120 0.012513
2 0.016036 0.489597 0.021902 0.014077
2 0.150383 0.457533 0.011342 0.032325
2 0.129068 0.457273 0.015645 0.030761
2 0.113032 0.457794 0.010951 0.029718
2 0.099538 0.457794 0.011342 0.025547
2 0.079983 0.458576 0.019165 0.026068
2 0.064729 0.458837 0.017600 0.025547
2 0.044978 0.459619 0.016427 0.022940
2 0.027182 0.463790 0.016036 0.029197
2 0.008213 0.460922 0.016426 0.026590
2 0.260091 0.450755 0.018773 0.027111
2 0.294704 0.452320 0.018382 0.028154
2 0.253246 0.488815 0.014471 0.027111
2 0.235646 0.488033 0.018382 0.029718
2 0.211788 0.485166 0.015253 0.022940
2 0.194579 0.486990 0.015253 0.018248
2 0.274953 0.486990 0.014862 0.024504
2 0.532502 0.614204 0.023076 0.041188
2 0.473443 0.618375 0.020729 0.037017
2 0.442936 0.622807 0.026987 0.037538
2 0.410865 0.619678 0.021511 0.044838
2 0.356305 0.619157 0.021902 0.036496
2 0.328731 0.619939 0.023076 0.049530
2 0.539542 0.559721 0.018382 0.038581
2 0.512359 0.561285 0.020338 0.040667
2 0.462492 0.559200 0.020729 0.033368
2 0.433354 0.562328 0.025031 0.031282
2 0.407932 0.563110 0.018773 0.035974
2 0.545408 0.537563 0.017600 0.025547
2 0.520181 0.539649 0.022685 0.026590
2 0.493390 0.538867 0.020729 0.034410
2 0.443914 0.538606 0.021120 0.029718
2 0.419470 0.537824 0.020729 0.031282
2 0.368820 0.544080 0.017991 0.033368
2 0.343202 0.541473 0.020729 0.033368
2 0.319344 0.541734 0.019165 0.032846
2 0.390723 0.506281 0.014862 0.028675
2 0.369212 0.504978 0.018773 0.027111
2 0.348678 0.507063 0.018382 0.026068
2 0.325211 0.504717 0.016818 0.027632
2 0.306047 0.506542 0.016036 0.021897
2 0.547168 0.501067 0.015645 0.028675
2 0.527026 0.501067 0.019947 0.028675
2 0.503364 0.500546 0.016427 0.032846
2 0.479897 0.499764 0.015645 0.029197
2 0.458581 0.500807 0.019165 0.031282
2 0.438439 0.500546 0.021902 0.031803
2 0.553231 0.483862 0.016818 0.024504
2 0.529177 0.478388 0.014080 0.015641
2 0.486937 0.482820 0.021120 0.021376
2 0.467381 0.484123 0.014862 0.017726
2 0.422794 0.484384 0.017991 0.023462
2 0.401674 0.483862 0.020338 0.028675
2 0.380945 0.483341 0.017991 0.029718
2 0.360607 0.485166 0.018773 0.027111
2 0.340269 0.484384 0.019556 0.022419
2 0.299398 0.486730 0.023076 0.023983
2 0.547364 0.450234 0.016036 0.031282
2 0.529764 0.449452 0.016818 0.029718
2 0.507861 0.452841 0.018382 0.032325
2 0.490457 0.449713 0.014862 0.030239
2 0.469337 0.451798 0.017209 0.031282
2 0.450368 0.449191 0.016818 0.032325
2 0.431594 0.450495 0.019165 0.033889
2 0.413407 0.450495 0.013298 0.029718
2 0.394634 0.448931 0.017209 0.028675
2 0.373318 0.452841 0.019165 0.031282
2 0.354154 0.450495 0.016818 0.027632
2 0.335967 0.452580 0.014080 0.028675
2 0.316998 0.451798 0.015253 0.027111
2 0.820166 0.616290 0.029725 0.043274
2 0.789268 0.621243 0.026596 0.039624
2 0.760912 0.618375 0.027769 0.044316
2 0.723365 0.622807 0.027769 0.045880
2 0.690120 0.619418 0.024640 0.043274
2 0.658440 0.619939 0.025422 0.043274
2 0.626369 0.621764 0.025422 0.042752
2 0.595862 0.621503 0.024640 0.043274
2 0.565160 0.624371 0.021120 0.045880
2 0.824664 0.559721 0.026987 0.037538
2 0.795917 0.560243 0.027378 0.050051
2 0.765214 0.560764 0.025422 0.047966
2 0.739401 0.561285 0.027769 0.038581
2 0.707525 0.559200 0.024249 0.041709
2 0.678583 0.559982 0.026596 0.049530
2 0.650031 0.562589 0.022685 0.044316
2 0.594102 0.560764 0.021902 0.041709
2 0.565355 0.559461 0.020729 0.042231
2 0.812148 0.528961 0.026205 0.023983
2 0.787117 0.530785 0.020729 0.019291
2 0.758957 0.529743 0.022293 0.024504
2 0.729232 0.533653 0.026205 0.025026
2 0.702441 0.532610 0.021902 0.027111
2 0.675845 0.534956 0.021902 0.028675
2 0.649445 0.532610 0.020729 0.022940
2 0.622458 0.537302 0.019165 0.033368
2 0.597231 0.535738 0.021120 0.027111
2 0.572786 0.533392 0.021511 0.027632
2 0.820361 0.495072 0.022293 0.033368
2 0.791223 0.492986 0.023467 0.034410
2 0.768539 0.497678 0.020338 0.032325
2 0.746636 0.499243 0.022685 0.038581
2 0.719845 0.499503 0.025422 0.033889
2 0.667631 0.494550 0.017991 0.034410
2 0.643969 0.497418 0.018382 0.033889
2 0.620893 0.497678 0.017600 0.032325
2 0.597035 0.497678 0.016036 0.031282
2 0.573373 0.500546 0.016427 0.034932
2 0.809019 0.471871 0.020729 0.017205
2 0.782228 0.472653 0.018773 0.015641
2 0.759543 0.472914 0.021902 0.021376
2 0.737836 0.473956 0.021511 0.022419
2 0.714174 0.476042 0.021902 0.022419
2 0.689338 0.478909 0.019947 0.029197
2 0.667436 0.473696 0.016036 0.013556
2 0.643773 0.477084 0.019556 0.021376
2 0.598404 0.477084 0.018773 0.014077
2 0.575329 0.477867 0.016427 0.019812
2 0.786139 0.445542 0.018773 0.028154
2 0.763845 0.442674 0.021120 0.030761
2 0.739596 0.441371 0.025031 0.034410
2 0.717694 0.443717 0.017991 0.030761
2 0.696183 0.443456 0.017991 0.033368
2 0.675454 0.445542 0.018773 0.035453
2 0.653356 0.446063 0.019165 0.031282
2 0.631062 0.447627 0.018382 0.029197
2 0.613071 0.446845 0.017600 0.027632
2 0.593320 0.449452 0.017991 0.028675
2 0.571417 0.446584 0.018773 0.023983
2 0.931829 0.625935 0.032462 0.043795
2 0.892131 0.623849 0.032854 0.042752
2 0.858104 0.625674 0.028942 0.043274
2 0.915402 0.557896 0.031680 0.043274
2 0.886851 0.560503 0.026205 0.048487
2 0.855757 0.561546 0.022685 0.040145
2 0.901126 0.528178 0.030507 0.023462
2 0.866904 0.530264 0.023076 0.027632
2 0.841482 0.533392 0.018382 0.027632
2 0.874335 0.489858 0.028551 0.039624
2 0.844806 0.490901 0.014862 0.030239
2 0.857126 0.477084 0.012907 0.019291
2 0.833073 0.473956 0.017209 0.018248
2 0.985568 0.529743 0.028864 0.040145
2 0.980327 0.493247 0.028551 0.032846
2 0.954318 0.494550 0.022685 0.036496
2 0.990457 0.473174 0.019086 0.029197
2 0.966247 0.472392 0.029334 0.028675
2 0.937696 0.473956 0.025422 0.028675
2 0.980327 0.437982 0.022293 0.034932
2 0.954709 0.439025 0.026596 0.030761