car 0.97 14 624 69 681
car 0.97 543 593 582 638
car 0.96 499 591 541 640
car 0.96 65 519 107 571
car 0.95 245 413 275 449
car 0.94 171 411 206 451
car 0.93 801 518 844 562
car 0.92 998 559 1044 603
car 0.92 839 517 882 558
car 0.92 628 591 670 641
car 0.92 211 410 242 451
car 0.90 510 532 546 577
car 0.90 280 410 309 448
car 0.90 474 534 510 578
car 0.89 17 413 55 453
car 0.89 667 585 710 629
car 0.89 403 452 436 488
car 0.88 582 588 625 634
car 0.88 304 608 344 657
car 0.88 253 459 290 512
car 0.88 413 409 444 448
car 0.88 41 476 75 518
car 0.88 930 562 973 605
car 0.88 312 411 343 449
car 0.87 0 471 35 521
car 0.87 445 599 489 647
car 0.86 0 545 40 601
car 0.85 370 461 403 507
car 0.84 214 470 249 511
car 0.83 332 467 366 511
car 0.83 902 515 951 560
car 0.83 57 412 93 451
car 0.82 151 538 194 594
car 0.82 847 562 904 614
car 0.82 505 411 537 447
car 0.82 250 517 287 556
car 0.82 250 612 290 661
car 0.81 550 529 587 576
car 0.81 451 473 484 511
car 0.81 146 615 181 659
car 0.80 1032 557 1069 602
car 0.79 250 544 289 592
car 0.79 441 452 472 483
car 0.78 510 473 546 507
car 0.78 339 516 378 556
car 0.78 296 468 328 512
car 0.77 83 473 121 518
car 0.76 582 462 620 503
car 0.76 96 415 130 450
car 0.76 347 413 379 450
car 0.76 486 471 519 510
car 0.76 445 407 476 447
car 0.76 136 410 168 450
car 0.76 475 407 507 447
car 0.75 101 543 145 598
car 0.75 713 586 753 627
car 0.74 130 473 165 516
car 0.74 296 518 332 557
car 0.73 546 465 581 503
car 0.72 663 527 701 570
car 0.72 173 471 209 514
car 0.71 886 451 927 497
car 0.71 379 515 421 561
car 0.71 627 529 661 574
car 0.70 584 525 625 577
car 0.70 474 451 508 481
car 0.68 1017 458 1054 491
car 0.68 383 410 412 449
car 0.67 351 601 389 651
car 0.66 941 457 976 494
car 0.66 995 514 1035 552
car 0.66 207 515 249 558
car 0.66 698 524 735 568
car 0.66 781 447 818 481
car 0.65 408 600 442 648
car 0.65 996 458 1025 492
car 0.65 539 503 577 544
car 0.65 341 542 381 588
car 0.64 969 568 1008 606
car 0.63 917 453 950 494
car 0.63 507 448 542 484
car 0.62 742 460 776 501
car 0.62 214 454 250 493
car 0.62 114 523 158 557
car 0.61 201 541 240 593
car 0.61 463 509 499 551
car 0.59 427 534 463 577
car 0.58 540 414 570 446
car 0.58 963 513 1005 554
car 0.58 381 519 421 578
car 0.57 503 506 537 539
car 0.56 616 461 649 502
car 0.55 969 449 1005 485
car 0.55 174 454 210 488
car 0.54 153 518 197 557
car 0.53 54 456 88 495
car 0.53 576 498 619 540
car 0.53 812 469 853 507
car 0.52 132 451 164 484
car 0.52 852 452 890 492
car 0.52 506 525 542 569
car 0.51 1025 510 1065 550
car 0.51 333 454 367 501
car 0.50 968 455 1003 493
car 0.49 946 464 978 494
car 0.49 485 454 516 508
car 0.49 443 450 483 487
car 0.48 152 519 195 583
car 0.47 420 506 455 551
car 0.47 778 489 821 530
car 0.47 1051 505 1085 550
car 0.46 779 450 815 496
car 0.45 0 409 20 453
car 0.45 430 539 468 585
car 0.44 644 500 681 539
car 0.44 1082 560 1115 597
car 0.44 467 511 504 558
car 0.43 340 531 378 582
car 0.42 645 454 688 507
car 0.42 993 453 1025 487
car 0.42 818 449 859 488
car 0.42 423 518 460 565
car 0.41 737 446 780 474
car 0.41 843 491 886 526
car 0.41 543 453 580 496
car 0.40 113 520 157 568
car 0.39 195 619 233 655
car 0.38 16 455 50 496
car 0.37 105 521 153 580
car 0.36 27 413 64 452
car 0.33 578 453 622 502
car 0.33 883 484 922 521
car 0.33 940 442 972 468
car 0.33 827 457 861 500
car 0.31 675 525 733 569
car 0.31 180 515 219 559
car 0.30 1064 508 1105 548
car 0.30 380 535 424 584
car 0.29 610 456 645 492
car 0.29 510 472 546 523
car 0.28 682 499 719 537
car 0.27 506 443 541 479
car 0.26 891 562 932 612
car 0.26 538 449 573 495
car 0.25 454 506 495 555
