2 0.035545 0.222924 0.035884 0.059567
2 0.064658 0.222924 0.035884 0.059567
2 0.105958 0.221119 0.035884 0.059567
2 0.135748 0.226534 0.035884 0.059567
2 0.183819 0.225181 0.039946 0.060469
2 0.223764 0.223375 0.039946 0.060469
2 0.254232 0.225181 0.039946 0.060469
2 0.299594 0.229693 0.039946 0.060469
2 0.328030 0.228791 0.039946 0.060469
2 0.367976 0.231498 0.039946 0.060469
2 0.408599 0.227888 0.039946 0.060469
2 0.441097 0.228791 0.039946 0.060469
2 0.482397 0.226986 0.039946 0.060469
2 0.514895 0.231498 0.039946 0.060469
2 0.555518 0.234206 0.039946 0.060469
2 0.588016 0.223375 0.039946 0.060469
2 0.625254 0.224278 0.039946 0.060469
2 0.661814 0.225181 0.039946 0.060469
2 0.708531 0.224278 0.039946 0.060469
2 0.970548 0.228791 0.039946 0.060469
2 0.939404 0.291968 0.039946 0.060469
2 0.980027 0.291968 0.039946 0.060469
2 0.968517 0.330776 0.039946 0.060469
2 0.967163 0.328971 0.039946 0.060469
2 0.025389 0.305505 0.035884 0.049639
2 0.059580 0.305505 0.029790 0.049639
2 0.094110 0.297383 0.029790 0.049639
2 0.137441 0.295578 0.029790 0.049639
2 0.181449 0.293773 0.029790 0.049639
2 0.224103 0.293773 0.029790 0.049639
2 0.262695 0.293773 0.029790 0.049639
2 0.299255 0.291968 0.029790 0.049639
2 0.345295 0.295578 0.029790 0.049639
2 0.381855 0.294675 0.029790 0.049639
2 0.421124 0.295578 0.029790 0.049639
2 0.459039 0.293773 0.029790 0.049639
2 0.502370 0.291968 0.029790 0.049639
2 0.538253 0.293773 0.029790 0.049639
2 0.579553 0.291968 0.029790 0.049639
2 0.615437 0.294675 0.029790 0.049639
2 0.656737 0.292870 0.029790 0.049639
2 0.696682 0.296480 0.029790 0.049639
2 0.728504 0.294675 0.029790 0.049639
2 0.776574 0.300993 0.029790 0.049639
2 0.814489 0.296480 0.029790 0.049639
2 0.838863 0.334386 0.029790 0.049639
2 0.798917 0.335289 0.029790 0.049639
2 0.757617 0.333484 0.029790 0.049639
2 0.714963 0.328971 0.029790 0.049639
2 0.670278 0.328069 0.031144 0.058664
2 0.632363 0.331679 0.031144 0.058664
2 0.592417 0.331679 0.031144 0.058664
2 0.553148 0.335289 0.031144 0.058664
2 0.511171 0.339801 0.031144 0.058664
2 0.466486 0.333484 0.031144 0.058664
2 0.425186 0.333484 0.031144 0.058664
2 0.383886 0.334386 0.031144 0.058664
2 0.339878 0.341606 0.031144 0.058664
2 0.297224 0.331679 0.031144 0.058664
2 0.255247 0.333484 0.031144 0.058664
2 0.211916 0.339801 0.031144 0.058664
2 0.168585 0.328971 0.031144 0.058664
2 0.121192 0.332581 0.031144 0.058664
2 0.078538 0.338899 0.031144 0.058664
2 0.038592 0.337094 0.031144 0.058664
2 0.054164 0.412004 0.031144 0.058664
2 0.025728 0.459838 0.031144 0.058664
2 0.095802 0.412004 0.034529 0.071300
2 0.075491 0.461643 0.034529 0.071300
2 0.143873 0.421931 0.034529 0.071300
2 0.126947 0.462545 0.034529 0.071300
2 0.185850 0.414711 0.034529 0.071300
2 0.175017 0.460740 0.034529 0.071300
2 0.234597 0.414711 0.034529 0.071300
2 0.227150 0.456227 0.034529 0.071300
2 0.281991 0.415614 0.034529 0.071300
2 0.275897 0.458935 0.034529 0.071300
2 0.328030 0.407491 0.034529 0.071300
2 0.325322 0.453520 0.034529 0.071300
2 0.374746 0.418321 0.034529 0.071300
2 0.375423 0.458935 0.034529 0.071300
2 0.420785 0.412906 0.034529 0.071300
2 0.421462 0.454422 0.034529 0.071300
2 0.464116 0.418321 0.033175 0.060469
2 0.468856 0.458032 0.033175 0.060469
2 0.515234 0.412004 0.032498 0.064079
2 0.511848 0.452617 0.032498 0.064079
2 0.561611 0.420126 0.035884 0.071300
2 0.565674 0.460740 0.035884 0.071300
2 0.609005 0.408394 0.035884 0.071300
2 0.610359 0.462545 0.035884 0.071300
2 0.651659 0.412906 0.035884 0.071300
2 0.661137 0.460740 0.035884 0.071300
2 0.692282 0.410199 0.035884 0.071300
2 0.706500 0.459838 0.035884 0.071300
2 0.742383 0.412906 0.035884 0.071300
2 0.749831 0.461643 0.035884 0.071300
2 0.778944 0.417419 0.035884 0.071300
2 0.797224 0.454422 0.035884 0.071300
2 0.829722 0.403881 0.035884 0.071300
2 0.877116 0.409296 0.035884 0.071300
2 0.896750 0.456227 0.035884 0.071300
2 0.582600 0.580776 0.035884 0.071300
2 0.581246 0.578971 0.035884 0.071300
2 0.151320 0.581679 0.041300 0.069495
2 0.204807 0.582581 0.041300 0.069495
2 0.259648 0.583484 0.041300 0.069495
2 0.313812 0.587094 0.034529 0.071300
2 0.377454 0.581679 0.034529 0.071300
2 0.424848 0.579874 0.034529 0.071300
2 0.479689 0.580776 0.034529 0.071300
2 0.527759 0.576264 0.034529 0.071300
2 0.526405 0.574458 0.034529 0.071300
