2 0.035206 0.339801 0.037915 0.058664
2 0.072444 0.334386 0.037915 0.058664
2 0.115098 0.331679 0.037915 0.058664
2 0.157752 0.324458 0.037915 0.058664
2 0.412999 0.282942 0.037915 0.058664
2 0.442112 0.279332 0.037915 0.058664
2 0.497630 0.273917 0.037915 0.058664
2 0.530806 0.265794 0.037915 0.058664
2 0.563981 0.265794 0.037915 0.058664
2 0.584970 0.260379 0.037915 0.058664
2 0.614760 0.254964 0.037915 0.058664
2 0.641165 0.249549 0.037915 0.058664
2 0.674340 0.245036 0.037915 0.058664
2 0.417062 0.384025 0.037915 0.058664
2 0.032837 0.421029 0.042654 0.042419
2 0.075491 0.412004 0.042654 0.042419
2 0.120176 0.399368 0.042654 0.042419
2 0.161476 0.393051 0.042654 0.042419
2 0.191943 0.391245 0.042654 0.042419
2 0.238659 0.387635 0.042654 0.042419
2 0.276574 0.376805 0.042654 0.042419
2 0.382871 0.352437 0.042654 0.042419
2 0.425525 0.346119 0.042654 0.042419
2 0.460731 0.336191 0.042654 0.042419
2 0.497292 0.330776 0.042654 0.042419
2 0.529113 0.319043 0.042654 0.042419
2 0.559580 0.318141 0.042654 0.042419
2 0.592079 0.310921 0.042654 0.042419
2 0.622546 0.307310 0.042654 0.042419
2 0.650305 0.302798 0.042654 0.042419
2 0.676710 0.298285 0.042654 0.042419
2 0.703114 0.280235 0.042654 0.042419
2 0.552133 0.476083 0.052133 0.056859
2 0.014895 0.475181 0.028436 0.069495
2 0.047732 0.457130 0.029113 0.069495
2 0.090047 0.449007 0.029790 0.069495
2 0.132363 0.437274 0.029113 0.069495
2 0.175694 0.426444 0.029113 0.069495
2 0.222410 0.423736 0.029113 0.069495
2 0.261679 0.413809 0.029113 0.069495
2 0.302979 0.406588 0.029113 0.069495
2 0.457346 0.376805 0.029113 0.069495
2 0.489167 0.369585 0.029113 0.069495
2 0.521666 0.360108 0.029113 0.055957
2 0.561611 0.356047 0.042654 0.060469
2 0.595802 0.353339 0.043331 0.049639
2 0.622207 0.347473 0.044685 0.046931
2 0.654367 0.338899 0.044008 0.040614
2 0.687542 0.332581 0.044008 0.040614
2 0.709885 0.316336 0.044008 0.040614
2 0.746445 0.316336 0.044008 0.040614
2 0.778944 0.313628 0.044008 0.040614
2 0.028097 0.546029 0.038592 0.064982
2 0.078199 0.533394 0.038592 0.064982
2 0.118145 0.519856 0.038592 0.064982
2 0.169601 0.513538 0.038592 0.064982
2 0.216994 0.502708 0.038592 0.064982
2 0.233243 0.546931 0.038592 0.064982
2 0.257617 0.492780 0.038592 0.064982
2 0.277928 0.532491 0.038592 0.064982
2 0.300271 0.474729 0.038592 0.064982
2 0.347664 0.465704 0.038592 0.064982
2 0.370007 0.509025 0.038592 0.064982
2 0.464794 0.447653 0.038592 0.064982
2 0.502031 0.484657 0.038592 0.064982
2 0.511510 0.426895 0.038592 0.064982
2 0.548070 0.426444 0.052133 0.056859
2 0.587339 0.416516 0.042654 0.044224
2 0.617806 0.405686 0.042654 0.044224
2 0.614421 0.458032 0.042654 0.044224
2 0.656398 0.401173 0.042654 0.044224
2 0.688219 0.396661 0.042654 0.044224
2 0.722072 0.385830 0.042654 0.044224
2 0.759986 0.422834 0.042654 0.044224
2 0.754570 0.384025 0.042654 0.044224
2 0.789777 0.412906 0.042654 0.044224
2 0.782329 0.371390 0.042654 0.044224
2 0.818213 0.406588 0.042654 0.044224
2 0.816181 0.359657 0.042654 0.044224
2 0.822952 0.487816 0.042654 0.044224
2 0.778944 0.511282 0.042654 0.044224
2 0.737644 0.520307 0.042654 0.044224
2 0.697021 0.532040 0.042654 0.044224
2 0.613067 0.551895 0.042654 0.044224
2 0.570074 0.565433 0.066351 0.053249
2 0.022004 0.727437 0.037238 0.072202
2 0.020650 0.725632 0.037238 0.072202
