0 0.508463 0.559567 0.041977 0.074007
0 0.558226 0.555505 0.035884 0.071300
0 0.455992 0.561823 0.046716 0.073105
0 0.301625 0.457130 0.033175 0.074910
0 0.254570 0.458032 0.029790 0.078520
0 0.275220 0.321751 0.035884 0.060469
0 0.606297 0.313177 0.033175 0.054152
0 0.573121 0.319946 0.031821 0.062274
0 0.017265 0.217960 0.031821 0.051444
0 0.056872 0.225181 0.027082 0.069495
0 0.092417 0.221119 0.031821 0.050542
0 0.126947 0.221119 0.031821 0.045126
0 0.164184 0.219765 0.034529 0.053249
0 0.207515 0.215253 0.031821 0.062274
0 0.243060 0.214350 0.031144 0.060469
0 0.280975 0.217058 0.032498 0.049639
0 0.317536 0.215253 0.027082 0.056859
0 0.354773 0.215704 0.033852 0.057762
0 0.392011 0.214801 0.029790 0.054152
0 0.426540 0.210289 0.025728 0.057762
0 0.462085 0.214350 0.030467 0.055054
0 0.501016 0.208032 0.031144 0.053249
0 0.539269 0.208484 0.031821 0.070397
0 0.575491 0.209838 0.035206 0.051444
0 0.607989 0.200361 0.037915 0.059567
0 0.105619 0.463448 0.028436 0.073105
