2 0.534529 0.759477 0.054841 0.029783
2 0.499323 0.743231 0.054841 0.029783
2 0.475626 0.733303 0.054841 0.029783
2 0.459377 0.722473 0.054841 0.029783
2 0.435003 0.70713 0.054841 0.029783
2 0.267434 0.701715 0.02979 0.029783
2 0.238998 0.6963 0.02979 0.029783
2 0.209208 0.694495 0.02979 0.029783
2 0.152336 0.69991 0.039269 0.027978
2 0.176032 0.727888 0.039269 0.027978
2 0.204469 0.747744 0.039269 0.027978
2 0.237644 0.727888 0.039269 0.027978
2 0.253216 0.740523 0.039269 0.027978
2 0.239336 0.771661 0.044008 0.036101
2 0.468179 0.860108 0.044008 0.036101
2 0.468179 0.891697 0.052133 0.036101
2 0.462762 0.776625 0.044008 0.040614
2 0.699729 0.843863 0.050779 0.045126
