2 0.019634 0.873195 0.037915 0.076715
2 0.075491 0.865975 0.038592 0.076715
2 0.126947 0.854242 0.038592 0.076715
2 0.122884 0.799188 0.038592 0.076715
2 0.078876 0.804603 0.038592 0.076715
2 0.026066 0.819946 0.038592 0.076715
2 0.02065 0.745939 0.038592 0.076715
2 0.064658 0.736011 0.038592 0.076715
2 0.107312 0.734206 0.038592 0.076715
2 0.019634 0.697202 0.037915 0.076715
2 0.014895 0.629061 0.028436 0.063177
2 0.101896 0.680505 0.029113 0.063177
2 0.267773 0.766245 0.029113 0.063177
2 0.361205 0.771209 0.039946 0.062274
2 0.401151 0.769404 0.039946 0.062274
2 0.422139 0.8037 0.039946 0.062274
2 0.457346 0.801895 0.039946 0.062274
2 0.443805 0.752256 0.039946 0.062274
2 0.250169 0.709838 0.039946 0.062274
2 0.229181 0.670126 0.039946 0.062274
2 0.290115 0.603339 0.039946 0.062274
2 0.319905 0.601534 0.039946 0.062274
2 0.395735 0.590704 0.039946 0.062274
2 0.421462 0.587094 0.039946 0.062274
2 0.45193 0.585289 0.039946 0.062274
2 0.36933 0.689079 0.039946 0.062274
2 0.409276 0.682762 0.046716 0.06769
2 0.445836 0.684567 0.046716 0.06769
2 0.355789 0.654783 0.046716 0.06769
2 0.390318 0.652076 0.046716 0.06769
2 0.427217 0.642599 0.039269 0.052347
2 0.425863 0.640794 0.039269 0.052347
2 0.623991 1 0.088338 0.15461
2 0.702645 1 0.091921 0.140009
2 0.58038 1 0.101093 0.14628
2 0.524799 1 0.095148 0.172346
2 0.770312 1 0.104517 0.137094
2 0.541643 1 0.070393 0.119354
2 0.054435 1 0.095431 0.060131
2 0.571585 1 0.09533 0.115446
2 0.847171 1 0.07079 0.150057
2 0.607721 1 0.075807 0.116377
