2 0.747123 0.449007 0.044008 0.035199
2 0.755247 0.436372 0.060257 0.035199
2 0.289777 0.392599 0.044685 0.039711
2 0.310765 0.390794 0.044685 0.039711
2 0.33717 0.382671 0.044685 0.039711
2 0.371022 0.4287 0.044685 0.039711
2 0.346649 0.425993 0.044685 0.039711
2 0.410968 0.376354 0.044685 0.039711
2 0.445498 0.374549 0.044685 0.039711
2 0.457007 0.372744 0.044685 0.039711
2 0.489506 0.368231 0.044685 0.039711
2 0.513879 0.366426 0.044685 0.039711
2 0.572783 0.383574 0.044685 0.039711
2 0.605958 0.383574 0.044685 0.039711
2 0.719025 0.397112 0.044685 0.039711
2 0.717671 0.395307 0.044685 0.039711
2 0.045987 0.938562 0.091689 0.077588
2 0.890663 0.92449 0.120939 0.097618
2 0.306397 0.898099 0.111652 0.063557
2 0.165681 0.894086 0.100419 0.073501
2 0.099098 0.930175 0.111382 0.083092
2 0.961183 0.940364 0.09936 0.07488
2 0.031326 0.856228 0.062344 0.071012
2 0.767326 0.746464 0.092998 0.0618
2 0.35203 0.879036 0.097368 0.075572
2 1 0.798459 0.109176 0.089547
2 1 0.856846 0.107812 0.084153
2 1 0.811532 0.084988 0.082188
2 1 0.87923 0.089656 0.073023
2 0.751596 0.803786 0.089925 0.060343
2 1 0.929741 0.110891 0.089002
2 0.886787 0.739369 0.083088 0.060068
2 0.698507 0.700579 0.086357 0.061657
2 0.06725 0.849124 0.086917 0.066579
2 0.451096 0.742052 0.104995 0.057079
2 0.395649 0.939513 0.114256 0.078069
