2 0.013541 0.592509 0.018957 0.035199
2 0.037576 0.594765 0.018280 0.030686
2 0.100542 0.598827 0.014218 0.027978
2 0.163507 0.602437 0.015572 0.031588
2 0.182464 0.603339 0.016926 0.027978
2 0.225118 0.605596 0.018280 0.036101
2 0.245430 0.606949 0.014218 0.031588
2 0.266418 0.608755 0.011510 0.029783
2 0.305687 0.610560 0.016926 0.033394
2 0.322952 0.613267 0.018957 0.033394
2 0.343940 0.614170 0.013541 0.033394
2 0.362221 0.618231 0.014895 0.030686
2 0.381178 0.614621 0.013541 0.030686
2 0.401151 0.617329 0.014218 0.034296
2 0.420108 0.620939 0.012864 0.023466
2 0.437373 0.618682 0.013541 0.029783
2 0.455315 0.617780 0.016926 0.027978
2 0.473595 0.621841 0.012864 0.025271
2 0.492214 0.623646 0.016249 0.025271
2 0.622884 0.635379 0.017603 0.023466
2 0.638118 0.632220 0.012864 0.022563
2 0.669939 0.639892 0.016926 0.023466
2 0.688219 0.640343 0.015572 0.029783
2 0.010494 0.629513 0.019634 0.027978
2 0.035206 0.631769 0.020311 0.018051
2 0.062288 0.633123 0.021666 0.020758
2 0.083277 0.635830 0.020311 0.020758
2 0.109005 0.636282 0.021666 0.016245
2 0.131686 0.639440 0.020988 0.020758
2 0.153351 0.642599 0.023697 0.023466
2 0.174678 0.644856 0.020311 0.024368
2 0.198375 0.641697 0.018957 0.021661
2 0.220379 0.645307 0.019634 0.025271
2 0.243060 0.644856 0.018957 0.024368
2 0.264049 0.643502 0.010833 0.016245
2 0.285037 0.647112 0.017603 0.018051
2 0.306026 0.649819 0.021666 0.021661
2 0.328030 0.646661 0.015572 0.017148
2 0.349357 0.650271 0.018957 0.018953
2 0.369330 0.650271 0.015572 0.015343
2 0.389980 0.652527 0.018957 0.019856
2 0.408937 0.649819 0.014895 0.023466
2 0.428571 0.651173 0.016249 0.017148
2 0.449898 0.650271 0.016926 0.020758
2 0.469871 0.652076 0.013541 0.015343
2 0.488490 0.657040 0.011510 0.019856
2 0.506093 0.657942 0.018280 0.027076
2 0.527759 0.663357 0.014218 0.027076
2 0.546039 0.661101 0.016926 0.022563
2 0.603927 0.665614 0.018957 0.027978
2 0.625592 0.666968 0.016249 0.021661
2 0.644211 0.669224 0.014218 0.018953
2 0.663846 0.667870 0.018280 0.021661
2 0.680433 0.667419 0.016249 0.022563
2 0.019973 0.655686 0.020988 0.031588
2 0.068043 0.656588 0.019634 0.033394
2 0.164523 0.666968 0.018957 0.036101
2 0.185173 0.664260 0.018280 0.034296
2 0.210900 0.666516 0.015572 0.035199
2 0.258632 0.666516 0.017603 0.037004
2 0.324983 0.671931 0.017603 0.038809
2 0.348680 0.673285 0.018957 0.034296
2 0.369668 0.674639 0.014895 0.035199
2 0.474949 0.675993 0.018280 0.037906
2 0.492891 0.676895 0.014895 0.027076
2 0.514895 0.682310 0.015572 0.028881
2 0.535884 0.684116 0.016926 0.034296
2 0.613744 0.685921 0.019634 0.032491
2 0.638795 0.687726 0.015572 0.028881
2 0.657414 0.688177 0.018957 0.031588
2 0.673663 0.686823 0.020311 0.030686
2 0.693636 0.692690 0.018280 0.040614
2 0.011510 0.698105 0.021666 0.024368
2 0.035545 0.697202 0.027759 0.022563
2 0.062627 0.699910 0.025051 0.024368
2 0.091063 0.699458 0.026405 0.021661
2 0.117806 0.702166 0.023020 0.027076
2 0.145565 0.704422 0.024374 0.026173
2 0.171293 0.702617 0.018957 0.026173
2 0.194990 0.705325 0.023020 0.029783
2 0.219702 0.706227 0.018280 0.027978
2 0.241706 0.706679 0.020311 0.028881
2 0.268450 0.709838 0.016926 0.026173
2 0.293162 0.709386 0.018957 0.027076
2 0.320921 0.712094 0.014895 0.025271
2 0.341571 0.715253 0.016926 0.024368
2 0.367976 0.717509 0.020988 0.034296
2 0.391334 0.712545 0.016249 0.020758
2 0.414692 0.714801 0.025051 0.025271
2 0.438727 0.714801 0.016249 0.027076
2 0.460393 0.717960 0.017603 0.024368
2 0.483751 0.717509 0.016926 0.021661
2 0.507786 0.720668 0.016249 0.026173
2 0.527759 0.718412 0.018280 0.021661
2 0.550440 0.716606 0.018957 0.030686
2 0.572106 0.721119 0.017603 0.028881
2 0.636425 0.725181 0.024374 0.033394
2 0.657075 0.726534 0.020988 0.025271
2 0.681787 0.726083 0.021666 0.020758
2 0.057211 0.595668 0.027759 0.032491
2 0.078199 0.598375 0.025051 0.027076
2 0.120515 0.602888 0.027082 0.030686
2 0.143873 0.603791 0.025051 0.034296
2 0.285037 0.610108 0.017603 0.028881
2 0.041977 0.657942 0.040623 0.034296
2 0.089709 0.662004 0.022343 0.029783
2 0.117129 0.662906 0.032498 0.027978
2 0.142857 0.662906 0.027082 0.026173
2 0.232566 0.669224 0.027759 0.038809
2 0.280298 0.668321 0.021666 0.037004
2 0.304333 0.672834 0.019634 0.027978
2 0.392349 0.676895 0.022343 0.030686
2 0.411984 0.678700 0.019634 0.030686
2 0.413676 0.679152 0.018957 0.029783
2 0.432295 0.679152 0.022343 0.031588
2 0.453622 0.679152 0.018957 0.031588
2 0.556534 0.681859 0.020311 0.029783
2 0.716655 0.696751 0.022343 0.030686
2 0.733582 0.694495 0.022343 0.029783
2 0.768111 0.696751 0.022343 0.028881
