2 0.032498 0.640343 0.033852 0.06769
2 0.02979 0.393502 0.031144 0.059567
2 0.069059 0.386282 0.031144 0.059567
2 0.109682 0.379964 0.031144 0.057762
2 0.146919 0.376354 0.031144 0.057762
2 0.22478 0.368231 0.031144 0.057762
2 0.184834 0.374097 0.02979 0.056859
2 0.265403 0.366426 0.031144 0.057762
2 0.298917 0.356498 0.034529 0.052347
2 0.334462 0.34657 0.036561 0.055957
2 0.370345 0.345668 0.036561 0.055957
2 0.40826 0.340704 0.035206 0.051444
2 0.654705 0.312726 0.035206 0.051444
2 0.689235 0.30731 0.035206 0.051444
2 0.746107 0.299188 0.035206 0.051444
2 0.776574 0.293773 0.035206 0.051444
2 0.811104 0.291968 0.035206 0.051444
2 0.83954 0.290162 0.035206 0.051444
2 0.868653 0.28565 0.035206 0.051444
2 0.903182 0.283845 0.035206 0.051444
2 0.934326 0.276625 0.035206 0.051444
2 0.54367 0.426444 0.035206 0.051444
2 0.506432 0.432762 0.035206 0.051444
2 0.045024 0.465253 0.033175 0.038809
2 0.082261 0.455325 0.033175 0.038809
2 0.127624 0.451715 0.033175 0.038809
2 0.172309 0.444495 0.033175 0.038809
2 0.2109 0.436372 0.033175 0.038809
2 0.249492 0.431859 0.033175 0.038809
2 0.292146 0.429152 0.033175 0.038809
2 0.330738 0.421931 0.033175 0.038809
2 0.36933 0.416516 0.033175 0.038809
2 0.409276 0.414711 0.033175 0.038809
2 0.445159 0.406588 0.033175 0.038809
2 0.482397 0.402978 0.033175 0.038809
2 0.518957 0.393953 0.033175 0.038809
2 0.672647 0.370487 0.033175 0.038809
2 0.63067 0.378159 0.052133 0.050542
2 0.704469 0.365975 0.033175 0.038809
2 0.741706 0.354242 0.033175 0.038809
2 0.776236 0.347924 0.033175 0.038809
2 0.810765 0.348827 0.033175 0.038809
2 0.841909 0.338899 0.033175 0.038809
2 0.874408 0.337094 0.033175 0.038809
2 0.908937 0.332581 0.033175 0.038809
2 0.937373 0.326264 0.033175 0.038809
2 0.963778 0.314531 0.033175 0.038809
2 0.971903 0.350632 0.033175 0.038809
2 0.943466 0.363267 0.033175 0.038809
2 0.91063 0.372292 0.041977 0.042419
2 0.881517 0.37861 0.041977 0.042419
2 0.846987 0.384025 0.041977 0.042419
2 0.807041 0.38222 0.041977 0.042419
2 0.771158 0.390343 0.041977 0.042419
2 0.734597 0.394856 0.041977 0.042419
2 0.702099 0.399368 0.041977 0.042419
2 0.661476 0.405686 0.041977 0.042419
2 0.036561 0.584386 0.041977 0.042419
2 0.085985 0.579874 0.041977 0.042419
2 0.131347 0.571751 0.041977 0.042419
2 0.182803 0.559116 0.041977 0.042419
2 0.237644 0.5537 0.041977 0.042419
2 0.278944 0.549188 0.041977 0.042419
2 0.324306 0.537455 0.041977 0.042419
2 0.373053 0.525722 0.041977 0.042419
2 0.418416 0.517599 0.041977 0.042419
2 0.46107 0.510379 0.041977 0.042419
2 0.506432 0.505866 0.041977 0.042419
2 0.546378 0.492329 0.041977 0.042419
2 0.587678 0.488718 0.041977 0.042419
2 0.704807 0.470668 0.041977 0.042419
2 0.748815 0.467058 0.041977 0.042419
2 0.794177 0.459838 0.041977 0.042419
2 0.8348 0.454422 0.041977 0.042419
2 0.866622 0.440884 0.041977 0.042419
2 0.907244 0.441787 0.041977 0.042419
2 0.941774 0.430054 0.041977 0.042419
2 0.978334 0.424639 0.041977 0.042419
2 0.979012 0.468863 0.041977 0.042419
2 0.979012 0.559116 0.041977 0.042419
2 0.946513 0.481949 0.054164 0.057762
2 0.909276 0.48917 0.054164 0.057762
2 0.870007 0.49278 0.054164 0.057762
2 0.742722 0.509928 0.054164 0.057762
2 0.610697 0.536101 0.054164 0.057762
2 0.521327 0.554152 0.054164 0.057762
2 0.480027 0.561372 0.054164 0.057762
2 0.387271 0.575812 0.054164 0.057762
2 0.294516 0.590253 0.054164 0.057762
2 0.23629 0.606047 0.037915 0.06769
2 0.19499 0.605144 0.037915 0.06769
2 0.140826 0.62139 0.037915 0.06769
2 0.085985 0.629513 0.037915 0.06769
2 0.030467 0.776625 0.037915 0.06769
2 0.093433 0.752256 0.037915 0.06769
2 0.15369 0.744134 0.037915 0.06769
2 0.211239 0.726083 0.037915 0.06769
2 0.262018 0.71796 0.037915 0.06769
2 0.859174 0.592509 0.037915 0.06769
2 0.944482 0.578069 0.037915 0.06769
2 0.943128 0.576264 0.037915 0.06769
2 0.782315 1 0.087845 0.128423
2 0.688938 1 0.091323 0.139979
2 0.974422 1 0.101776 0.126712
2 0.868968 1 0.09562 0.144657
2 1 1 0.119382 0.126892
2 1 1 0.111409 0.13242
2 0.584807 1 0.101897 0.135225
2 1 1 0.104702 0.117734
2 1 0.928251 0.09658 0.125307
2 1 1 0.086285 0.128737
2 0.629835 1 0.074165 0.133913
2 1 0.933796 0.104003 0.131441
2 1 1 0.109913 0.122839
2 0.800863 1 0.080098 0.139553
