2 0.015572 0.560921 0.029790 0.055054
2 0.043331 0.561823 0.029790 0.055054
2 0.067028 0.560018 0.029790 0.055054
2 0.101557 0.548285 0.029790 0.055054
2 0.276913 0.529332 0.029790 0.055054
2 0.313473 0.527527 0.029790 0.055054
2 0.345972 0.525722 0.029790 0.055054
2 0.379824 0.523917 0.029790 0.055054
2 0.410291 0.519404 0.029790 0.055054
2 0.442789 0.518502 0.029790 0.055054
2 0.475965 0.516697 0.029790 0.055054
2 0.510494 0.515794 0.029790 0.055054
2 0.545701 0.512184 0.029790 0.055054
2 0.578199 0.512184 0.029790 0.055054
2 0.614083 0.510379 0.029790 0.055054
2 0.644550 0.505866 0.029790 0.055054
2 0.681787 0.502256 0.029790 0.055054
2 0.714286 0.495036 0.029790 0.055054
2 0.755586 0.496841 0.029790 0.055054
2 0.793500 0.494134 0.029790 0.055054
2 0.832769 0.489621 0.029790 0.055054
2 0.868653 0.490523 0.029790 0.055054
2 0.900474 0.488718 0.029790 0.055054
2 0.946513 0.486011 0.029790 0.055054
2 0.983751 0.472473 0.029790 0.055054
2 0.963439 0.547383 0.029790 0.055054
2 0.970210 0.589801 0.029790 0.055054
2 0.926202 0.559116 0.029790 0.055054
2 0.930264 0.588899 0.029790 0.055054
2 0.879485 0.550993 0.029790 0.055054
2 0.882532 0.593412 0.038592 0.064079
2 0.846649 0.563628 0.038592 0.064079
2 0.797901 0.562726 0.038592 0.064079
2 0.793839 0.597022 0.038592 0.064079
2 0.761341 0.564531 0.038592 0.064079
2 0.753216 0.597022 0.038592 0.064079
2 0.721395 0.571751 0.038592 0.064079
2 0.712593 0.606047 0.038592 0.064079
2 0.678064 0.566336 0.038592 0.064079
2 0.669262 0.612365 0.038592 0.064079
2 0.644211 0.573556 0.038592 0.064079
2 0.627962 0.602437 0.038592 0.064079
2 0.602911 0.583484 0.038592 0.064079
2 0.587339 0.610560 0.038592 0.064079
2 0.569736 0.584386 0.038592 0.064079
2 0.518957 0.585289 0.038592 0.064079
2 0.506770 0.620487 0.038592 0.064079
2 0.545362 0.617780 0.038592 0.064079
2 0.485105 0.587094 0.038592 0.064079
2 0.471564 0.620487 0.038592 0.064079
2 0.453284 0.591606 0.038592 0.064079
2 0.437035 0.619585 0.038592 0.064079
2 0.421462 0.593412 0.038592 0.064079
2 0.399120 0.626805 0.038592 0.064079
2 0.381517 0.597022 0.038592 0.064079
2 0.363913 0.623195 0.038592 0.064079
2 0.341571 0.595217 0.038592 0.064079
2 0.327353 0.628610 0.038592 0.064079
2 0.292146 0.631318 0.038592 0.064079
2 0.302979 0.596119 0.038592 0.064079
2 0.271158 0.597924 0.038592 0.064079
2 0.246784 0.635830 0.038592 0.064079
2 0.237982 0.591606 0.038592 0.064079
2 0.216317 0.630415 0.038592 0.064079
2 0.209546 0.601534 0.038592 0.064079
2 0.170278 0.599729 0.038592 0.064079
2 0.050440 0.603339 0.038592 0.064079
2 0.079553 0.704422 0.038592 0.064079
2 0.078199 0.773014 0.038592 0.064079
2 0.103927 0.719765 0.038592 0.064079
2 0.143196 0.715253 0.038592 0.064079
2 0.185850 0.713448 0.038592 0.064079
2 0.224441 0.711643 0.038592 0.064079
2 0.271158 0.707130 0.038592 0.064079
2 0.305010 0.705325 0.038592 0.064079
2 0.343602 0.703520 0.038592 0.064079
2 0.384902 0.699910 0.038592 0.064079
2 0.366622 0.740523 0.038592 0.064079
2 0.402844 0.748195 0.037915 0.083032
2 0.427894 0.703069 0.037915 0.083032
2 0.466486 0.698556 0.037915 0.055957
2 0.511171 0.694043 0.037915 0.055957
2 0.565335 0.693141 0.037915 0.055957
2 0.540961 0.739170 0.037915 0.055957
2 0.580907 0.745487 0.036561 0.072202
2 0.603927 0.691336 0.036561 0.072202
2 0.644550 0.690433 0.036561 0.072202
2 0.633040 0.733755 0.036561 0.072202
2 0.692620 0.693141 0.036561 0.072202
2 0.683142 0.730144 0.036561 0.072202
2 0.733920 0.686823 0.036561 0.072202
2 0.729181 0.730144 0.036561 0.072202
2 0.780636 0.683213 0.036561 0.072202
2 0.778605 0.737365 0.036561 0.072202
2 0.829384 0.678700 0.036561 0.072202
2 0.828030 0.716606 0.036561 0.072202
2 0.884225 0.680505 0.036561 0.072202
2 0.881517 0.729242 0.036561 0.072202
2 0.924171 0.678700 0.036561 0.072202
2 0.936357 0.722022 0.036561 0.072202
2 0.975626 0.677798 0.036561 0.072202
2 0.981720 0.705776 0.036561 0.072202
2 0.947867 0.849278 0.036561 0.072202
2 0.886933 0.851083 0.036561 0.072202
2 0.821259 0.861011 0.036561 0.072202
2 0.772512 0.859206 0.036561 0.072202
2 0.715640 0.852888 0.036561 0.072202
2 0.660799 0.851986 0.036561 0.072202
2 0.602573 0.856498 0.036561 0.072202
2 0.601219 0.854693 0.036561 0.072202
2 0.018957 0.652527 0.036561 0.048736
2 0.142519 0.643953 0.041300 0.055054
2 0.178402 0.648466 0.041300 0.055054
2 0.110697 0.763538 0.042654 0.075812
2 0.151320 0.761733 0.042654 0.075812
2 0.195328 0.759025 0.042654 0.075812
2 0.237305 0.752256 0.050779 0.071300
2 0.279959 0.758574 0.050779 0.071300
2 0.323290 0.754964 0.050779 0.071300
2 0.454638 0.741426 0.050779 0.071300
2 0.498307 0.746390 0.050102 0.077617
2 0.264049 0.865975 0.056872 0.078520
