2 0.214286 0.778881 0.038592 0.066787
2 0.259648 0.771661 0.038592 0.066787
2 0.292146 0.769856 0.038592 0.066787
2 0.3348 0.759025 0.038592 0.066787
2 0.368653 0.75722 0.038592 0.066787
2 0.299594 0.881769 0.038592 0.066787
2 0.019296 0.895307 0.037238 0.066787
2 1 1 0.152007 0.135966
2 1 1 0.119451 0.106026
2 0.967134 1 0.088283 0.123894
2 1 1 0.128528 0.122778
2 1 1 0.104304 0.096463
2 1 1 0.109102 0.101904
2 1 1 0.135705 0.114202
2 1 1 0.120709 0.112423
2 0.890276 1 0.077501 0.117008
2 1 1 0.071161 0.095051
2 1 1 0.199005 0.088159
2 0.282238 1 0.07364 0.126892
2 0.885072 1 0.065396 0.101928
2 1 1 0.088972 0.069951
2 1 1 0.080335 0.089819
2 1 1 0.12961 0.106521
2 0.756395 1 0.058415 0.094603
2 0.822764 1 0.063161 0.102212
2 0.0924 1 0.070207 0.116381
2 1 1 0.086618 0.070817
2 1 1 0.084644 0.079585
2 1 1 0.149639 0.152225
2 0.164408 0.855913 0.038236 0.032998
2 0.234653 0.888623 0.0636 0.048591
2 0.651833 1 0.08542 0.1332
2 0.793766 0.873652 0.036453 0.046594
2 0.098701 0.881896 0.034004 0.038281
2 0.471689 1 0.078291 0.151328
2 0.671228 0.878704 0.043719 0.02845
2 0.459058 0.889129 0.051765 0.033568
