2 0.432295 0.460289 0.042654 0.057762
2 0.669881 0.945655 0.090149 0.130523
2 1 0.863249 0.102467 0.094367
2 1 0.765988 0.080647 0.087914
2 0.697387 0.85878 0.079667 0.099517
2 1 1 0.151481 0.240105
2 0.434704 0.930481 0.122939 0.087082
2 0.505001 0.847517 0.085352 0.107597
2 0.782185 0.940581 0.094245 0.139182
2 1 0.770585 0.0688 0.079358
2 1 0.774975 0.047408 0.068717
2 0.694112 0.751385 0.063709 0.0949
2 0.986853 0.760521 0.050931 0.081196
2 1 0.750332 0.058355 0.037177
2 0.30568 0.916103 0.121818 0.112481
2 0.139384 0.846832 0.054307 0.102947
2 0.444609 0.810379 0.085098 0.098745
