2 0.292823 0.740975 0.038592 0.028881
2 0.310765 0.749097 0.02302 0.025271
2 0.326676 0.751805 0.038592 0.028881
2 0.349018 0.756318 0.038592 0.028881
2 0.36459 0.76083 0.038592 0.028881
2 0.34631 0.731047 0.038592 0.028881
2 0.358497 0.736462 0.038592 0.028881
2 0.378808 0.740072 0.038592 0.028881
2 0.398443 0.751805 0.038592 0.028881
2 0.397089 0.75 0.038592 0.028881
2 1 1 0.090579 0.093844
2 1 1 0.066615 0.066978
2 1 1 0.065144 0.085408
2 1 1 0.06994 0.070908
2 1 1 0.093367 0.053172
2 1 1 0.065571 0.074118
2 1 1 0.045671 0.046514
2 1 1 0.092377 0.071003
2 1 1 0.045109 0.048156
2 1 1 0.07943 0.076956
2 1 1 0.1021 0.03308
2 1 1 0.104738 0.07972
2 0.805983 1 0.063042 0.03698
