2 0.7478 0.640794 0.054841 0.077617
2 0.539269 0.647563 0.045362 0.087545
2 0.494584 0.645758 0.045362 0.087545
2 0.44042 0.646661 0.045362 0.087545
2 0.381517 0.644856 0.045362 0.087545
2 0.322613 0.651173 0.045362 0.087545
2 0.265741 0.652076 0.045362 0.087545
2 0.214286 0.652978 0.045362 0.087545
2 0.035545 0.547383 0.045362 0.087545
2 0.083615 0.541065 0.045362 0.087545
2 0.135071 0.53926 0.045362 0.087545
2 0.185173 0.537455 0.045362 0.087545
2 0.235274 0.53565 0.045362 0.087545
2 0.281313 0.53565 0.045362 0.087545
2 0.332769 0.536552 0.045362 0.087545
2 0.383548 0.531137 0.045362 0.087545
2 0.42891 0.529332 0.045362 0.087545
2 0.479012 0.53565 0.045362 0.087545
2 0.523697 0.531137 0.045362 0.087545
2 0.567028 0.529332 0.045362 0.087545
2 0.623223 0.531137 0.045362 0.087545
2 0.670616 0.529332 0.045362 0.087545
2 0.716317 0.526173 0.041977 0.077617
2 0.758971 0.526173 0.041977 0.077617
2 0.808395 0.522563 0.041977 0.077617
2 0.907921 0.520758 0.041977 0.077617
2 0.886256 0.471119 0.041977 0.077617
2 0.840894 0.469314 0.041977 0.077617
2 0.789438 0.467509 0.041977 0.077617
2 0.748815 0.466606 0.041977 0.077617
2 0.705484 0.473827 0.041977 0.077617
2 0.658091 0.472022 0.041977 0.077617
2 0.612729 0.472022 0.041977 0.077617
2 0.570074 0.481498 0.035206 0.064079
2 0.526066 0.480596 0.035206 0.064079
2 0.475965 0.478791 0.035206 0.064079
2 0.429248 0.479693 0.035206 0.064079
2 0.387271 0.478791 0.035206 0.064079
2 0.340555 0.479693 0.035206 0.064079
2 0.292485 0.482401 0.035206 0.064079
2 0.244414 0.484206 0.035206 0.064079
2 0.201083 0.485108 0.035206 0.064079
2 0.152336 0.489621 0.035206 0.064079
2 0.105958 0.487365 0.042654 0.064982
2 0.056534 0.490072 0.042654 0.064982
2 0.021327 0.490072 0.0413 0.064982
2 0.015572 0.413809 0.02979 0.065884
2 0.049425 0.414711 0.037915 0.065884
2 0.093094 0.411101 0.038592 0.065884
2 0.129993 0.407491 0.037915 0.065884
2 0.177387 0.406588 0.037915 0.065884
2 0.222072 0.412906 0.037915 0.065884
2 0.264049 0.406137 0.044685 0.075812
2 0.305349 0.404332 0.044685 0.075812
2 0.351726 0.409296 0.037238 0.06769
2 0.388964 0.401173 0.037238 0.06769
2 0.42891 0.402076 0.037238 0.06769
2 0.469533 0.402076 0.037238 0.06769
2 0.515572 0.407491 0.037238 0.06769
2 0.554841 0.405686 0.037238 0.06769
2 0.59411 0.403881 0.037238 0.06769
2 0.634733 0.402076 0.037238 0.06769
2 0.672647 0.397563 0.037238 0.06769
2 0.715978 0.395758 0.037238 0.06769
2 0.760664 0.397563 0.037238 0.06769
2 0.800609 0.398466 0.037238 0.06769
2 0.841909 0.399368 0.037238 0.06769
2 0.819905 0.365523 0.036561 0.057762
2 0.782668 0.361913 0.036561 0.057762
2 0.742045 0.360108 0.036561 0.057762
2 0.704807 0.359206 0.036561 0.057762
2 0.667569 0.357401 0.036561 0.057762
2 0.626269 0.356498 0.036561 0.057762
2 0.586324 0.360108 0.036561 0.057762
2 0.551794 0.360108 0.036561 0.057762
2 0.50914 0.363718 0.036561 0.057762
2 0.469871 0.367329 0.036561 0.057762
2 0.429248 0.368231 0.036561 0.057762
2 0.392011 0.357401 0.036561 0.057762
2 0.354773 0.362816 0.036561 0.057762
2 0.315504 0.363718 0.036561 0.057762
2 0.274882 0.364621 0.036561 0.057762
2 0.235613 0.360108 0.036561 0.057762
2 0.190928 0.361011 0.036561 0.057762
2 0.15369 0.371841 0.036561 0.057762
2 0.107651 0.370036 0.036561 0.057762
2 0.070413 0.368231 0.036561 0.057762
2 0.027082 0.370036 0.036561 0.057762
2 0.042654 0.299639 0.036561 0.057762
2 0.083277 0.298736 0.036561 0.057762
2 0.119838 0.296931 0.036561 0.057762
2 0.156398 0.299639 0.036561 0.057762
2 0.194651 0.294675 0.044008 0.06769
2 0.232566 0.29287 0.044008 0.06769
2 0.267095 0.295578 0.044008 0.06769
2 0.309072 0.294675 0.044008 0.06769
2 0.340894 0.29287 0.044008 0.06769
2 0.381178 0.296029 0.037915 0.064982
2 0.417739 0.294224 0.037915 0.064982
2 0.452945 0.296029 0.037915 0.064982
2 0.487475 0.294224 0.037915 0.064982
2 0.524035 0.293321 0.037915 0.064982
2 0.563981 0.299639 0.037915 0.064982
2 0.595802 0.292419 0.037915 0.064982
2 0.635071 0.290614 0.037915 0.064982
2 0.669601 0.291516 0.037915 0.064982
2 0.706838 0.291516 0.037915 0.064982
2 0.972241 0.390794 0.037915 0.064982
2 0.937035 0.357401 0.037915 0.064982
2 0.976303 0.295126 0.037915 0.064982
2 0.974949 0.293321 0.037915 0.064982
2 1 1 0.102366 0.131637
2 1 1 0.084921 0.136081
2 1 1 0.082864 0.128809
2 1 1 0.107283 0.12436
2 1 1 0.117635 0.136811
2 0.182304 1 0.102213 0.135788
2 0.298639 1 0.08943 0.132481
2 1 1 0.096036 0.128061
2 1 0.962841 0.086312 0.138157
