2 0.022004 0.40704 0.038592 0.072202
2 0.048409 0.404332 0.038592 0.072202
2 0.095125 0.400722 0.038592 0.072202
2 0.127624 0.398917 0.038592 0.072202
2 0.172986 0.398014 0.038592 0.072202
2 0.199391 0.396209 0.038592 0.072202
2 0.241368 0.396209 0.038592 0.072202
2 0.280636 0.391697 0.038592 0.072202
2 0.314489 0.389892 0.038592 0.072202
2 0.343602 0.395307 0.038592 0.072202
2 0.384902 0.393502 0.038592 0.072202
2 0.659106 0.391697 0.038592 0.072202
2 0.697698 0.389892 0.038592 0.072202
2 0.801963 0.391697 0.038592 0.072202
2 0.820921 0.389892 0.038592 0.072202
2 0.599526 0.447653 0.038592 0.072202
2 0.613067 0.49639 0.038592 0.072202
2 0.64218 0.453971 0.038592 0.072202
2 0.658429 0.491877 0.038592 0.072202
2 0.675355 0.463899 0.038592 0.072202
2 0.69499 0.490072 0.038592 0.072202
2 0.716655 0.455776 0.038592 0.072202
2 0.732227 0.487365 0.038592 0.072202
2 0.755924 0.454874 0.038592 0.072202
2 0.776236 0.491877 0.038592 0.072202
2 0.793839 0.455776 0.038592 0.072202
2 0.81889 0.493682 0.038592 0.072202
2 0.831754 0.456679 0.038592 0.072202
2 0.820921 0.604693 0.038592 0.072202
2 0.806026 0.569495 0.038592 0.072202
2 0.781652 0.612816 0.038592 0.072202
2 0.764049 0.574007 0.038592 0.072202
2 0.726811 0.572202 0.038592 0.072202
2 0.674678 0.56769 0.038592 0.072202
2 0.632701 0.560469 0.038592 0.072202
2 0.642857 0.617329 0.038592 0.072202
2 0.710562 0.722022 0.038592 0.072202
2 0.806703 0.719314 0.038592 0.072202
2 0.489167 0.613718 0.038592 0.072202
2 0.490521 0.569495 0.038592 0.072202
2 0.487136 0.51083 0.038592 0.072202
2 0.479012 0.466606 0.038592 0.072202
2 0.44042 0.460289 0.038592 0.072202
2 0.441097 0.500903 0.038592 0.072202
2 0.446513 0.559567 0.038592 0.072202
2 0.449898 0.722924 0.038592 0.072202
2 0.444482 0.623646 0.038592 0.072202
2 0.443128 0.621841 0.038592 0.072202
2 0.389303 0.631318 0.036561 0.07852
2 0.399458 0.740523 0.036561 0.07852
2 0.343263 0.742329 0.036561 0.07852
2 0.280298 0.743231 0.036561 0.07852
2 0.061611 0.754964 0.036561 0.07852
2 0.01828 0.751354 0.035206 0.07852
2 0.345295 0.634025 0.036561 0.07852
2 0.301286 0.63222 0.036561 0.07852
2 0.253216 0.63222 0.036561 0.07852
2 0.199729 0.63944 0.036561 0.07852
2 0.347326 0.575361 0.036561 0.07852
2 0.310088 0.576264 0.036561 0.07852
2 0.259986 0.578971 0.036561 0.07852
2 0.213947 0.578971 0.036561 0.07852
2 0.17197 0.581679 0.036561 0.07852
2 0.117129 0.582581 0.036561 0.07852
2 0.072444 0.580776 0.036561 0.07852
2 0.020311 0.579874 0.036561 0.07852
2 0.01828 0.504964 0.035206 0.07852
2 0.063643 0.505866 0.036561 0.07852
2 0.072444 0.467058 0.036561 0.07852
2 0.100542 0.497744 0.037238 0.07852
2 0.110359 0.474278 0.036561 0.07852
2 0.150982 0.503159 0.036561 0.07852
2 0.150305 0.462545 0.036561 0.07852
2 0.192959 0.503159 0.036561 0.07852
2 0.192282 0.45713 0.036561 0.07852
2 0.226134 0.488718 0.036561 0.07852
2 0.244414 0.466155 0.036561 0.07852
2 0.273527 0.495939 0.036561 0.07852
2 0.278267 0.45713 0.036561 0.07852
2 0.311442 0.486011 0.036561 0.07852
2 0.322952 0.458032 0.036561 0.07852
2 0.354096 0.492329 0.036561 0.07852
2 0.354096 0.46435 0.036561 0.07852
2 0.395396 0.495036 0.036561 0.07852
2 0.397427 0.459838 0.036561 0.07852
2 0.396073 0.458032 0.036561 0.07852
2 1 1 0.091343 0.14376
2 0.214601 1 0.097282 0.138964
2 0.325074 1 0.08776 0.139606
2 1 1 0.08868 0.140228
2 1 1 0.083715 0.140282
2 0.427016 1 0.08415 0.129713
2 0.098019 1 0.084947 0.137161
2 0.178508 1 0.079385 0.144327
2 0.064236 0.091282 0.027531 0.041843
2 1 1 0.101178 0.1332
2 0.283763 1 0.081488 0.133483
