2 0.029452 0.581679 0.023697 0.058664
2 0.063304 0.584838 0.027759 0.059567
2 0.095464 0.585289 0.018957 0.042419
2 0.124915 0.583032 0.023697 0.045126
2 0.157414 0.583484 0.025051 0.040614
2 0.186527 0.58213 0.023697 0.046931
2 0.218348 0.583032 0.027759 0.050542
2 0.249492 0.583935 0.023697 0.039711
2 0.276913 0.57852 0.027082 0.041516
2 0.303995 0.57491 0.02979 0.052347
2 0.336154 0.581227 0.023697 0.045126
2 0.360867 0.578971 0.017603 0.035199
2 0.556534 0.58213 0.028436 0.041516
2 0.58023 0.580325 0.028436 0.041516
2 0.628978 0.580776 0.028436 0.046029
2 0.649966 0.581679 0.028436 0.046029
2 0.673663 0.580776 0.028436 0.046029
2 0.696005 0.586191 0.028436 0.046029
2 0.720379 0.584386 0.028436 0.046029
2 0.740014 0.585289 0.028436 0.046029
2 0.771158 0.583484 0.028436 0.046029
2 0.769804 0.581679 0.028436 0.046029
2 0.026405 0.674188 0.025728 0.045126
2 0.032498 0.643502 0.025728 0.045126
2 0.067028 0.638989 0.025728 0.045126
2 0.064997 0.670578 0.025728 0.045126
2 0.105619 0.630866 0.025728 0.045126
2 0.099526 0.669675 0.02302 0.048736
2 0.136425 0.642599 0.022343 0.039711
2 0.137779 0.67148 0.022343 0.039711
2 0.166215 0.640794 0.022343 0.039711
2 0.171632 0.666065 0.022343 0.039711
2 0.202099 0.639892 0.022343 0.039711
2 0.212255 0.67148 0.022343 0.039711
2 0.232566 0.632671 0.022343 0.039711
2 0.241368 0.666968 0.022343 0.039711
2 0.264387 0.635379 0.022343 0.039711
2 0.277251 0.66426 0.022343 0.039711
2 0.292146 0.638087 0.022343 0.039711
2 0.30501 0.659747 0.022343 0.039711
2 0.330061 0.631769 0.022343 0.039711
2 0.335477 0.661552 0.022343 0.039711
2 0.357143 0.633574 0.022343 0.039711
2 0.366622 0.657942 0.022343 0.039711
2 0.384902 0.635379 0.022343 0.039711
2 0.397089 0.662455 0.022343 0.039711
2 0.415369 0.633574 0.022343 0.039711
2 0.431618 0.659747 0.022343 0.039711
2 0.458023 0.66426 0.022343 0.039711
2 0.529113 0.628159 0.022343 0.039711
2 0.547393 0.656137 0.022343 0.039711
2 0.560934 0.634477 0.022343 0.039711
2 0.581246 0.659747 0.022343 0.039711
2 0.586662 0.634477 0.022343 0.039711
2 0.606974 0.652527 0.022343 0.039711
2 0.613744 0.628159 0.022343 0.039711
2 0.631347 0.654332 0.022343 0.039711
2 0.642857 0.627256 0.022343 0.039711
2 0.662492 0.654332 0.022343 0.039711
2 0.669939 0.631769 0.022343 0.039711
2 0.688896 0.628159 0.022343 0.039711
2 0.716655 0.655235 0.022343 0.039711
2 0.718009 0.625451 0.022343 0.039711
2 0.741706 0.655235 0.022343 0.039711
2 0.740352 0.625451 0.022343 0.039711
2 0.764387 0.622744 0.021666 0.036101
2 0.790792 0.655235 0.033852 0.037906
2 0.786053 0.624549 0.033852 0.037906
2 0.815166 0.65343 0.033852 0.037906
2 0.847664 0.650722 0.033852 0.037906
2 0.84631 0.648917 0.033852 0.037906
2 0.01828 0.734206 0.02979 0.042419
2 0.051456 0.728791 0.02979 0.042419
2 0.092756 0.730596 0.02979 0.042419
2 0.127285 0.726083 0.02979 0.042419
2 0.168585 0.724278 0.02979 0.042419
2 0.2065 0.722473 0.02979 0.042419
2 0.248477 0.723375 0.02979 0.042419
2 0.278944 0.718863 0.02979 0.042419
2 0.318213 0.718863 0.02979 0.042419
2 0.316858 0.717058 0.02979 0.042419
2 0.351388 0.71796 0.02979 0.042419
2 0.383886 0.711643 0.02979 0.042419
2 0.421124 0.717058 0.02979 0.042419
2 0.454299 0.713448 0.02979 0.042419
2 0.486798 0.706227 0.02979 0.042419
2 0.580907 0.708032 0.02979 0.042419
2 0.611374 0.71074 0.02979 0.042419
2 0.645227 0.708032 0.02979 0.042419
2 0.669601 0.705325 0.02979 0.042419
2 0.708192 0.70713 0.02979 0.042419
2 0.731889 0.70352 0.02979 0.042419
2 0.754232 0.701715 0.02979 0.042419
2 0.789438 0.698105 0.02979 0.042419
2 0.813135 0.697202 0.02979 0.042419
2 0.838863 0.69991 0.02979 0.042419
2 0.837508 0.698105 0.02979 0.042419
2 0.44719 0.629513 0.026405 0.026173
2 1 1 0.069415 0.078987
2 1 1 0.065563 0.079096
