2 0.772512 0.533845 0.048747 0.08574
2 0.834123 0.541516 0.05281 0.090253
2 0.893365 0.549188 0.050779 0.08574
2 0.952268 0.556859 0.052133 0.099278
2 0.950575 0.430957 0.041977 0.07491
2 0.897766 0.430957 0.046039 0.07852
2 0.84868 0.416968 0.039946 0.077617
2 0.790792 0.415614 0.033852 0.076715
2 0.742722 0.407942 0.039269 0.074007
2 0.697698 0.402076 0.039946 0.06769
2 0.647935 0.401625 0.048747 0.081227
2 0.602234 0.390343 0.035884 0.0713
2 0.554164 0.380415 0.037238 0.06769
2 0.507448 0.375451 0.035884 0.064982
2 0.377793 0.358755 0.041977 0.069495
2 0.332092 0.348827 0.039946 0.06769
2 0.952268 0.378159 0.039946 0.039711
2 0.898443 0.375451 0.037915 0.041516
2 0.853758 0.36778 0.037915 0.037004
2 0.804672 0.367329 0.037238 0.057762
2 0.755247 0.361913 0.035884 0.054152
2 0.705823 0.349729 0.038592 0.042419
2 0.663507 0.345668 0.037915 0.034296
2 0.619499 0.342058 0.036561 0.037906
2 0.578199 0.336191 0.037915 0.053249
2 0.532837 0.32852 0.036561 0.041516
2 0.488829 0.323556 0.040623 0.038809
2 0.444821 0.316787 0.037915 0.032491
2 0.399458 0.311372 0.036561 0.036101
2 0.362221 0.310018 0.037915 0.040614
2 0.322275 0.298736 0.041977 0.039711
2 0.284699 0.296931 0.038592 0.032491
2 0.241029 0.287004 0.043331 0.039711
2 0.198375 0.286552 0.036561 0.033394
2 0.166215 0.277978 0.037238 0.039711
2 0.127624 0.274368 0.042654 0.036101
2 0.08937 0.267148 0.055518 0.032491
2 0.046378 0.260379 0.045362 0.035199
2 0.954976 0.301444 0.037238 0.068592
2 0.910968 0.297383 0.033175 0.064079
2 0.866283 0.288809 0.030467 0.064982
2 0.821598 0.291065 0.030467 0.065884
2 0.777251 0.283394 0.025728 0.070397
2 0.735274 0.274368 0.033852 0.059567
2 0.69499 0.273014 0.037238 0.065884
2 0.650305 0.268502 0.037238 0.064079
2 0.606974 0.262635 0.031821 0.059567
2 0.567028 0.26444 0.035884 0.050542
2 0.529452 0.251805 0.02979 0.052347
2 0.488152 0.24639 0.037915 0.057762
2 0.450237 0.243231 0.032498 0.053249
2 0.411984 0.23917 0.031821 0.052347
2 0.376777 0.233303 0.035884 0.051444
2 0.339878 0.228339 0.033852 0.045126
2 0.299255 0.225181 0.032498 0.049639
2 0.265064 0.221119 0.033175 0.059567
2 0.22715 0.213899 0.037238 0.050542
2 0.191266 0.213448 0.034529 0.049639
2 0.15606 0.212545 0.039946 0.055054
2 0.149966 0.169675 0.044008 0.030686
2 0.186527 0.177347 0.044008 0.035199
2 0.220379 0.1787 0.035884 0.032491
2 0.250169 0.177798 0.042654 0.025271
2 0.287745 0.183664 0.039269 0.037004
2 0.323629 0.191787 0.036561 0.042419
2 0.365606 0.197202 0.044685 0.033394
2 0.401828 0.197653 0.045362 0.030686
2 0.431957 0.202617 0.044685 0.038809
2 0.472918 0.212094 0.034529 0.048736
2 0.509817 0.217058 0.036561 0.044224
2 0.547732 0.221119 0.039269 0.037906
2 0.583615 0.223827 0.036561 0.036101
2 0.625254 0.230596 0.034529 0.049639
2 0.666215 0.231047 0.028436 0.045126
2 0.705146 0.232401 0.034529 0.042419
2 0.747461 0.238718 0.025728 0.046029
2 0.78673 0.242329 0.032498 0.049639
2 0.830061 0.25 0.033852 0.039711
2 0.871022 0.255866 0.027759 0.046029
2 0.913338 0.256318 0.033852 0.032491
2 0.954976 0.261733 0.0413 0.043321
2 0.261002 0.108755 0.038592 0.053249
2 0.297563 0.116877 0.038592 0.053249
2 0.32803 0.123195 0.038592 0.053249
2 0.363236 0.125 0.038592 0.053249
2 0.395735 0.12861 0.038592 0.053249
2 0.426879 0.13222 0.038592 0.053249
2 0.463439 0.133123 0.038592 0.053249
2 0.495938 0.143051 0.038592 0.053249
2 0.530467 0.144856 0.038592 0.053249
2 0.56432 0.149368 0.038592 0.053249
2 0.562965 0.147563 0.038592 0.053249
2 0.596141 0.150271 0.038592 0.053249
2 0.632701 0.160199 0.038592 0.053249
2 0.631347 0.158394 0.038592 0.053249
2 0.674001 0.156588 0.038592 0.053249
2 0.672647 0.154783 0.038592 0.053249
2 0.709208 0.158394 0.038592 0.053249
2 0.707854 0.156588 0.038592 0.053249
2 0.749831 0.168321 0.038592 0.053249
2 0.785714 0.170126 0.038592 0.053249
2 0.829045 0.179152 0.038592 0.053249
2 0.860867 0.178249 0.038592 0.053249
2 0.90826 0.181859 0.038592 0.053249
2 0.940081 0.189079 0.038592 0.053249
2 0.980704 0.188177 0.038592 0.053249
2 0.083615 0.095217 0.046716 0.056859
2 0.048409 0.094314 0.046716 0.056859
2 0.025389 0.093412 0.046716 0.056859
2 0.024712 0.155686 0.046716 0.056859
2 0.023697 0.153881 0.046039 0.056859
2 0.421677 0.816476 0.11229 0.121117
2 0.46353 0.630304 0.095348 0.1264
2 0.385919 0.604244 0.097133 0.128906
2 0.541897 0.638592 0.101571 0.125749
2 0.31037 0.600705 0.091346 0.115246
2 0.232361 0.590289 0.097668 0.125545
2 1 0.940454 0.090362 0.126454
2 1 0.954651 0.104194 0.134041
2 1 0.927306 0.097964 0.123321
2 1 0.978754 0.081737 0.12692
2 0.161686 0.5808 0.106754 0.126994
2 0.219019 0.372416 0.080273 0.096287
2 0.859107 0.686619 0.094409 0.1365
2 0.781852 0.66403 0.085977 0.132797
