2 0.518957 0.740072 0.046716 0.048736
2 0.551794 0.741426 0.036561 0.038809
2 0.58023 0.749097 0.025728 0.050542
2 0.729519 0.777076 0.046716 0.048736
2 0.766757 0.777978 0.046716 0.048736
2 0.799255 0.783394 0.062965 0.066787
2 0.833108 0.788809 0.062965 0.066787
2 0.790454 0.575361 0.046716 0.047834
2 0.81415 0.584386 0.046716 0.047834
2 0.847326 0.583484 0.046716 0.047834
2 0.869668 0.581679 0.046716 0.047834
2 0.910968 0.584386 0.046716 0.047834
2 0.930603 0.582581 0.046716 0.047834
2 0.959039 0.590704 0.046716 0.047834
2 0.634733 0.649368 0.046716 0.047834
2 0.673324 0.630415 0.046716 0.047834
2 0.670616 0.651173 0.046716 0.047834
2 0.698375 0.63222 0.046716 0.047834
2 0.698375 0.658394 0.046716 0.047834
2 0.724103 0.63222 0.046716 0.047834
2 0.722749 0.658394 0.046716 0.047834
2 0.750508 0.668321 0.046716 0.047834
2 0.778944 0.637635 0.046716 0.047834
2 0.781652 0.678249 0.046716 0.047834
2 0.808734 0.651173 0.046716 0.047834
2 0.813473 0.672834 0.046716 0.047834
2 0.848341 0.681859 0.066351 0.055054
2 0.878131 0.679603 0.055518 0.052347
2 0.913338 0.683213 0.055518 0.052347
2 0.953961 0.698556 0.055518 0.052347
2 0.856466 0.645307 0.055518 0.052347
2 0.880162 0.648014 0.055518 0.052347
2 0.924171 0.768051 0.055518 0.052347
2 0.884225 0.767148 0.055518 0.052347
2 0.844279 0.751805 0.055518 0.052347
2 0.818551 0.749097 0.055518 0.052347
2 0.775897 0.73917 0.055518 0.052347
2 0.740691 0.736462 0.055518 0.052347
2 0.714286 0.720217 0.055518 0.052347
2 0.669601 0.718412 0.055518 0.052347
2 0.596479 0.715704 0.055518 0.052347
2 0.571429 0.710289 0.055518 0.052347
2 0.570074 0.708484 0.055518 0.052347
2 0.649289 0.568141 0.048747 0.042419
2 0.586662 0.630415 0.046716 0.047834
2 0.547393 0.643051 0.046716 0.047834
2 0.525728 0.63944 0.046716 0.047834
2 0.632024 0.569946 0.046716 0.047834
2 0.63067 0.568141 0.046716 0.047834
2 1 1 0.113719 0.124416
2 1 1 0.082989 0.099598
2 1 1 0.093168 0.111899
2 1 1 0.09367 0.107757
2 1 1 0.120947 0.138577
2 1 1 0.117105 0.128063
2 1 1 0.031306 0.099304
