2 0.715301 0.839801 0.049425 0.08213
2 0.771496 0.835289 0.049425 0.08213
2 0.655721 0.835289 0.049425 0.07852
2 0.598849 0.814531 0.045362 0.08213
2 0.55281 0.817238 0.045362 0.08213
2 0.5 0.815433 0.045362 0.08213
2 0.445159 0.813628 0.045362 0.08213
2 0.393026 0.811823 0.045362 0.08213
2 0.346987 0.802798 0.045362 0.08213
2 0.292146 0.798285 0.045362 0.08213
2 0.241368 0.79287 0.045362 0.08213
2 0.179756 0.791065 0.045362 0.08213
2 0.13304 0.783845 0.045362 0.08213
2 0.09174 0.783845 0.067028 0.07852
2 0.815843 0.718863 0.037915 0.076715
2 0.769804 0.716155 0.037915 0.076715
2 0.7109 0.715253 0.037915 0.076715
2 0.666215 0.711643 0.037915 0.076715
2 0.62153 0.706227 0.037915 0.076715
2 0.576845 0.704422 0.037915 0.076715
2 0.526743 0.69991 0.037915 0.076715
2 0.484089 0.6963 0.037915 0.076715
2 0.429926 0.689079 0.037915 0.076715
2 0.38998 0.686372 0.037915 0.076715
2 0.344617 0.682762 0.037915 0.076715
2 0.298578 0.680957 0.037915 0.076715
2 0.248477 0.679152 0.037915 0.076715
2 0.205146 0.677347 0.037915 0.076715
2 0.163846 0.672834 0.037915 0.076715
2 0.115775 0.670578 0.054164 0.077617
2 0.067028 0.670578 0.054164 0.077617
2 0.027082 0.669675 0.05281 0.077617
2 0.023358 0.626805 0.045362 0.060469
2 0.06432 0.61778 0.046039 0.060469
2 0.103927 0.618682 0.046716 0.060469
2 0.148951 0.616877 0.046039 0.060469
2 0.190928 0.63222 0.046039 0.060469
2 0.234259 0.62861 0.046039 0.060469
2 0.280298 0.63222 0.046039 0.060469
2 0.312119 0.633123 0.046039 0.060469
2 0.366283 0.637635 0.046039 0.060469
2 0.40149 0.636733 0.046039 0.060469
2 0.454976 0.648466 0.046039 0.060469
2 0.498984 0.646661 0.046039 0.060469
2 0.537576 0.645758 0.046039 0.060469
2 0.584292 0.646661 0.046039 0.060469
2 0.631686 0.651173 0.046039 0.060469
2 0.675017 0.652076 0.046039 0.060469
2 0.726473 0.670126 0.046039 0.060469
2 0.774543 0.662004 0.046039 0.060469
2 0.814489 0.660199 0.046039 0.060469
2 0.969533 0.662906 0.046039 0.060469
2 0.942451 0.552798 0.046039 0.060469
2 0.817197 0.588899 0.046039 0.060469
2 0.813812 0.552798 0.046039 0.060469
2 0.770481 0.585289 0.046039 0.060469
2 0.729181 0.585289 0.046039 0.060469
2 0.727827 0.545578 0.046039 0.060469
2 0.691943 0.578069 0.046039 0.060469
2 0.686527 0.552798 0.046039 0.060469
2 0.648612 0.570848 0.046039 0.060469
2 0.647258 0.533845 0.046039 0.060469
2 0.605281 0.577166 0.046039 0.060469
2 0.61002 0.544675 0.046039 0.060469
2 0.564658 0.576264 0.046039 0.060469
2 0.56872 0.54287 0.046039 0.060469
2 0.524035 0.577166 0.046039 0.060469
2 0.532837 0.536552 0.046039 0.060469
2 0.487475 0.569043 0.046039 0.060469
2 0.492214 0.529332 0.046039 0.060469
2 0.442112 0.562726 0.046039 0.060469
2 0.452268 0.53204 0.046039 0.060469
2 0.402844 0.566336 0.046039 0.060469
2 0.41503 0.53926 0.046039 0.060469
2 0.369668 0.559116 0.046039 0.060469
2 0.37847 0.525722 0.046039 0.060469
2 0.323629 0.565433 0.046039 0.060469
2 0.340555 0.53204 0.046039 0.060469
2 0.282329 0.55731 0.046039 0.060469
2 0.308734 0.525722 0.046039 0.060469
2 0.247123 0.5537 0.046039 0.060469
2 0.268788 0.524819 0.046039 0.060469
2 0.207177 0.556408 0.046039 0.060469
2 0.230196 0.524819 0.046039 0.060469
2 0.166554 0.5537 0.046039 0.060469
2 0.19499 0.513087 0.046039 0.060469
2 0.193636 0.511282 0.046039 0.060469
2 0.125254 0.551895 0.046039 0.060469
2 0.153013 0.519404 0.046039 0.060469
2 0.090047 0.5537 0.046039 0.060469
2 0.115775 0.515794 0.046039 0.060469
2 0.050779 0.544675 0.046039 0.060469
2 0.081246 0.504061 0.046039 0.060469
2 0.023358 0.548285 0.045362 0.060469
2 0.04807 0.515794 0.046039 0.060469
2 0.023358 0.504964 0.045362 0.060469
2 0.02979 0.4463 0.046039 0.060469
2 0.067705 0.444495 0.046039 0.060469
2 0.094448 0.44269 0.046716 0.060469
2 0.127962 0.445397 0.046039 0.060469
2 0.157752 0.444495 0.046039 0.060469
2 0.192282 0.448105 0.046039 0.060469
2 0.230873 0.4463 0.046039 0.060469
2 0.260664 0.449007 0.046039 0.060469
2 0.298578 0.454422 0.046039 0.060469
2 0.334462 0.45713 0.046039 0.060469
2 0.368314 0.456227 0.046039 0.060469
2 0.39675 0.458032 0.046039 0.060469
2 0.43805 0.458935 0.046039 0.060469
2 0.471903 0.465253 0.046039 0.060469
2 0.504401 0.465253 0.046039 0.060469
2 0.540284 0.469765 0.046039 0.060469
2 0.576845 0.468863 0.046039 0.060469
2 0.61002 0.469765 0.046039 0.060469
2 0.65132 0.468863 0.046039 0.060469
2 0.687881 0.473375 0.046039 0.060469
2 0.724441 0.476083 0.046039 0.060469
2 0.723087 0.474278 0.046039 0.060469
2 1 1 0.045913 0.14808
2 1 1 0.085364 0.182737
2 1 1 0.062523 0.10575
2 0.698924 0.322225 0.030051 0.040986
2 1 0.934102 0.057682 0.062858
2 0.078987 1 0.113582 0.121139
2 1 1 0.03383 0.120478
