2 0.178741 0.872292 0.046039 0.091155
2 0.02302 0.875903 0.044685 0.091155
2 0.240352 0.875 0.046039 0.091155
2 0.29587 0.870487 0.046039 0.091155
2 0.352742 0.863267 0.046039 0.091155
2 0.620176 0.848827 0.046039 0.091155
2 0.719702 0.840704 0.046039 0.091155
2 0.72241 0.742329 0.046039 0.091155
2 0.708869 0.68231 0.044685 0.075812
2 0.68585 0.719314 0.044685 0.075812
2 0.667569 0.691336 0.044685 0.075812
2 0.625592 0.6787 0.044685 0.075812
2 0.576845 0.683213 0.044685 0.075812
2 0.54367 0.722924 0.044685 0.075812
2 0.530129 0.6787 0.044685 0.075812
2 0.393365 0.737365 0.044685 0.075812
2 0.348003 0.74278 0.044685 0.075812
2 0.291808 0.745487 0.044685 0.075812
2 0.245091 0.751805 0.044685 0.075812
2 0.197698 0.752708 0.044685 0.075812
2 0.144211 0.75722 0.044685 0.075812
2 0.095464 0.76083 0.044685 0.075812
2 0.04807 0.761733 0.044685 0.075812
2 0.061611 0.714801 0.044685 0.075812
2 0.106974 0.710289 0.044685 0.075812
2 0.147596 0.705776 0.044685 0.075812
2 0.199052 0.703971 0.044685 0.075812
2 0.248477 0.694043 0.044685 0.075812
2 0.296547 0.703069 0.044685 0.075812
2 0.347326 0.692238 0.044685 0.075812
2 0.386594 0.690433 0.044685 0.075812
2 0.042654 0.639892 0.044685 0.075812
2 0.083277 0.638989 0.044685 0.075812
2 0.1239 0.633574 0.044685 0.075812
2 0.1652 0.629061 0.044685 0.075812
2 0.213947 0.619134 0.044685 0.075812
2 0.252539 0.622744 0.044685 0.075812
2 0.297224 0.625451 0.044685 0.075812
2 0.341232 0.618231 0.044685 0.075812
2 0.382532 0.620036 0.044685 0.075812
2 0.516588 0.615523 0.044685 0.075812
2 0.554502 0.611011 0.044685 0.075812
2 0.591063 0.609206 0.044685 0.075812
2 0.633717 0.607401 0.044685 0.075812
2 0.676371 0.608303 0.044685 0.075812
2 0.709546 0.609206 0.044685 0.075812
2 0.735951 0.57491 0.044685 0.075812
2 0.694651 0.56769 0.033852 0.059567
2 0.65606 0.568592 0.033852 0.059567
2 0.619499 0.566787 0.033852 0.059567
2 0.584292 0.570397 0.033852 0.059567
2 0.53893 0.5713 0.033852 0.059567
2 0.492891 0.5713 0.033852 0.059567
2 0.491537 0.569495 0.033852 0.059567
2 0.555856 0.517148 0.033852 0.059567
2 0.585647 0.504513 0.033852 0.059567
2 0.661476 0.508123 0.033852 0.059567
2 0.687881 0.506318 0.033852 0.059567
2 0.726473 0.50722 0.033852 0.059567
2 0.290454 0.51444 0.033852 0.059567
2 0.255924 0.512635 0.033852 0.059567
2 0.215978 0.509928 0.033852 0.059567
2 0.180772 0.509025 0.033852 0.059567
2 0.140826 0.524368 0.033852 0.059567
2 0.100203 0.520758 0.033852 0.059567
2 0.062965 0.518953 0.033852 0.059567
2 0.02302 0.521661 0.033852 0.059567
2 0.052133 0.577617 0.033852 0.059567
2 0.094787 0.588448 0.033852 0.059567
2 0.138118 0.583935 0.033852 0.059567
2 0.175355 0.579422 0.031144 0.054152
2 0.213947 0.577617 0.031144 0.054152
2 0.257278 0.581227 0.031144 0.054152
2 0.295193 0.579422 0.031144 0.054152
2 0.376439 0.579422 0.031144 0.054152
2 1 1 0.090931 0.142952
2 1 1 0.087545 0.139584
2 1 1 0.082905 0.141579
2 0.233266 1 0.087881 0.134944
2 0.1284 1 0.087587 0.144432
2 1 1 0.10784 0.135711
