2 0.556859 0.78436 0.106498 0.09411
2 0.920902 1 0.155021 0.187615
2 1 1 0.168648 0.183226
2 1 1 0.201851 0.226103
2 0.157654 1 0.110604 0.107144
2 0.84512 1 0.093404 0.104716
2 1 1 0.150547 0.17638
2 0.063441 1 0.09204 0.120489
2 0.276512 1 0.124284 0.084359
2 1 1 0.163599 0.219627
2 0.695383 1 0.108545 0.065183
2 0.552648 1 0.10858 0.078927
2 1 1 0.104219 0.103279
2 0.01749 1 0.034875 0.063457
2 0.917064 1 0.081859 0.102119
2 1 1 0.088229 0.11266
2 0.017704 1 0.035238 0.091319
2 0.375052 1 0.083792 0.089315
2 1 1 0.077024 0.099756
2 1 1 0.092206 0.06879
2 0.461612 1 0.100701 0.087925
2 0.643409 1 0.078612 0.104834
2 0.856586 0.988477 0.085084 0.069631
2 1 1 0.077434 0.082543
2 1 1 0.075746 0.230838
2 0.857515 1 0.119482 0.084627
2 1 1 0.068896 0.077548
2 0.81094 1 0.04606 0.047517
2 0.562458 1 0.087379 0.100727
2 1 0.958202 0.069114 0.061575
2 0.869398 1 0.087167 0.101101
