2 0.355112 0.883123 0.057549 0.056859
2 0.396412 0.886733 0.057549 0.056859
2 0.439066 0.889440 0.057549 0.056859
2 0.467502 0.902076 0.057549 0.056859
2 0.518280 0.903881 0.064320 0.064079
2 0.562965 0.907491 0.064320 0.064079
2 0.608328 0.917419 0.064320 0.064079
2 0.643534 0.925542 0.064320 0.064079
2 0.642180 0.923736 0.064320 0.064079
2 0.758294 0.934116 0.055518 0.083032
2 0.953961 0.838448 0.055518 0.083032
2 0.912661 0.834838 0.055518 0.083032
2 0.815166 0.833032 0.055518 0.083032
2 0.764387 0.825812 0.055518 0.083032
2 0.715640 0.812274 0.055518 0.083032
2 0.678402 0.805054 0.055518 0.083032
2 0.630332 0.805957 0.043331 0.072202
2 0.591740 0.796029 0.043331 0.072202
2 0.548409 0.796931 0.043331 0.072202
2 0.513202 0.794224 0.043331 0.072202
2 0.471903 0.789711 0.043331 0.072202
2 0.435342 0.788357 0.046039 0.074910
2 0.397766 0.787906 0.045362 0.068592
2 0.360528 0.777076 0.045362 0.068592
2 0.326676 0.777978 0.045362 0.068592
2 0.293500 0.778881 0.045362 0.068592
2 0.266418 0.768953 0.045362 0.068592
2 0.229181 0.768953 0.045362 0.068592
2 0.203453 0.758123 0.045362 0.068592
2 0.169262 0.768051 0.043331 0.057762
2 0.142857 0.761733 0.043331 0.057762
2 0.113067 0.757220 0.043331 0.057762
2 0.084631 0.757220 0.043331 0.057762
2 0.056195 0.753610 0.043331 0.057762
2 0.027759 0.750000 0.043331 0.057762
2 0.026405 0.748195 0.043331 0.057762
2 0.972580 0.789260 0.046716 0.069495
2 0.924509 0.785650 0.046716 0.069495
2 0.879147 0.782040 0.046716 0.069495
2 0.835816 0.778430 0.046716 0.069495
2 0.790454 0.775722 0.046716 0.069495
2 0.744414 0.772112 0.046716 0.069495
2 0.706500 0.768502 0.046716 0.069495
2 0.653690 0.763989 0.046716 0.069495
2 0.619160 0.757671 0.046716 0.069495
2 0.576506 0.758574 0.041300 0.058664
2 0.539946 0.749549 0.041300 0.058664
2 0.500677 0.742329 0.041300 0.058664
2 0.499323 0.740523 0.041300 0.058664
2 0.470887 0.747744 0.034529 0.044224
2 0.434326 0.745036 0.034529 0.044224
2 0.398781 0.740523 0.041977 0.051444
2 0.366960 0.736913 0.041977 0.051444
2 0.335816 0.734206 0.041977 0.051444
2 0.307380 0.730596 0.041977 0.051444
2 0.273527 0.728791 0.041977 0.051444
2 0.246445 0.726986 0.041977 0.051444
2 0.209885 0.720668 0.041977 0.051444
2 0.190928 0.718863 0.041977 0.051444
2 0.155721 0.717960 0.041977 0.051444
2 0.127285 0.718863 0.041977 0.051444
2 0.102911 0.714350 0.041977 0.051444
2 0.079892 0.714350 0.041977 0.051444
2 0.048070 0.712545 0.041977 0.051444
2 0.027759 0.710740 0.041977 0.051444
2 0.958362 0.699458 0.037238 0.070397
2 0.914353 0.699458 0.037238 0.070397
2 0.873731 0.697653 0.037238 0.070397
2 0.831754 0.698556 0.037238 0.070397
2 0.793839 0.699458 0.037238 0.070397
2 0.747461 0.692238 0.046039 0.070397
2 0.714286 0.689531 0.046039 0.070397
2 0.674340 0.689531 0.046039 0.070397
2 0.641165 0.687726 0.046039 0.070397
2 0.599188 0.683213 0.046039 0.070397
2 0.572783 0.679603 0.046039 0.070397
2 0.535545 0.680505 0.046039 0.070397
2 0.498307 0.677798 0.046039 0.070397
2 0.469194 0.674188 0.046039 0.070397
2 0.436019 0.679603 0.039269 0.064982
2 0.403521 0.675090 0.039269 0.064982
2 0.378470 0.669675 0.039269 0.064982
2 0.345295 0.666065 0.039269 0.064982
2 0.317536 0.671480 0.039269 0.064982
2 0.289777 0.669675 0.039269 0.064982
2 0.263372 0.667870 0.039269 0.064982
2 0.234259 0.665162 0.039269 0.064982
2 0.207854 0.663357 0.039269 0.064982
2 0.180772 0.660650 0.039269 0.064982
2 0.155044 0.667870 0.039269 0.064982
2 0.129316 0.666065 0.039269 0.064982
2 0.102234 0.664260 0.039269 0.064982
2 0.018619 0.658394 0.033175 0.049639
2 0.125592 0.574910 0.042654 0.046931
2 0.053148 0.633574 0.041300 0.046931
2 0.968517 0.664260 0.042654 0.046931
2 0.933311 0.661552 0.042654 0.046931
2 0.885240 0.659747 0.042654 0.046931
2 0.852065 0.657942 0.042654 0.046931
2 0.806703 0.656137 0.042654 0.046931
2 0.773527 0.655235 0.042654 0.046931
2 0.735613 0.658845 0.042654 0.046931
2 0.692282 0.654332 0.042654 0.046931
2 0.667231 0.652527 0.042654 0.046931
2 0.631347 0.644404 0.042654 0.046931
2 0.600880 0.642599 0.042654 0.046931
2 0.567028 0.639892 0.042654 0.046931
2 0.535206 0.642599 0.042654 0.046931
2 0.503385 0.640794 0.042654 0.046931
2 0.471564 0.642599 0.042654 0.046931
2 0.443128 0.642599 0.042654 0.046931
2 0.409276 0.640794 0.042654 0.046931
2 0.380840 0.636282 0.042654 0.046931
2 0.353081 0.634477 0.042654 0.046931
2 0.330061 0.633574 0.042654 0.046931
2 0.302979 0.629964 0.042654 0.046931
2 0.262356 0.627256 0.042654 0.046931
2 0.245430 0.627256 0.042654 0.046931
2 0.215640 0.625451 0.042654 0.046931
2 0.141842 0.626354 0.042654 0.046931
2 0.166215 0.626354 0.042654 0.046931
2 0.252200 0.576715 0.042654 0.046931
2 0.283345 0.576715 0.042654 0.046931
2 0.306364 0.574910 0.042654 0.046931
2 0.332092 0.574007 0.042654 0.046931
2 0.357820 0.573105 0.042654 0.046931
2 0.384902 0.576715 0.042654 0.046931
2 0.406567 0.574910 0.042654 0.046931
2 0.439066 0.581227 0.042654 0.046931
2 0.461408 0.579422 0.042654 0.046931
2 0.487136 0.586643 0.042654 0.046931
2 0.512864 0.584838 0.042654 0.046931
2 0.547393 0.583032 0.042654 0.046931
2 0.574814 0.583935 0.048747 0.054152
2 0.606974 0.585740 0.041300 0.048736
2 0.637441 0.583935 0.041300 0.048736
2 0.669939 0.589350 0.041300 0.048736
2 0.702437 0.590253 0.041300 0.048736
2 0.734259 0.589350 0.041300 0.048736
2 0.770819 0.587545 0.041300 0.048736
2 0.803318 0.595668 0.041300 0.048736
2 0.837170 0.592960 0.041300 0.048736
2 0.872038 0.593863 0.051456 0.063177
2 0.911645 0.598827 0.039946 0.049639
2 0.950237 0.588448 0.042654 0.063177
2 0.978673 0.590253 0.042654 0.063177
2 0.273527 0.881318 0.059580 0.067690
2 0.310427 0.884477 0.057549 0.057762
2 0.700068 0.933664 0.062288 0.087545
2 0.806026 0.941336 0.057549 0.072202
2 0.857143 0.947202 0.052810 0.087545
2 0.861205 0.829874 0.052810 0.087545
2 0.910968 0.961191 0.061611 0.077617
2 0.971564 0.965704 0.056872 0.066787
