2 0.687881 0.417419 0.048747 0.078520
2 0.649289 0.305505 0.048747 0.078520
2 0.749492 0.303700 0.048747 0.078520
2 0.809749 0.296480 0.048747 0.078520
2 0.923494 0.289260 0.048747 0.078520
2 0.526066 0.663357 0.059580 0.083032
2 0.063304 0.356047 0.071090 0.051444
2 0.054164 0.446751 0.066351 0.074007
2 0.052133 0.555957 0.066351 0.074007
2 0.150305 0.518051 0.066351 0.074007
2 0.168923 0.562274 0.073798 0.088448
2 0.237982 0.559567 0.073798 0.088448
2 0.251523 0.401625 0.057549 0.077617
2 0.275897 0.430505 0.057549 0.077617
2 0.340894 0.515343 0.057549 0.077617
2 0.440420 0.314982 0.065674 0.075812
2 0.394381 0.435921 0.065674 0.075812
2 0.447190 0.426895 0.065674 0.075812
2 0.629993 0.419224 0.064320 0.082130
2 0.531144 0.510379 0.064320 0.082130
2 0.600542 0.671931 0.060934 0.062274
2 0.922817 0.525271 0.059580 0.088448
2 0.938050 0.403881 0.058903 0.074910
2 0.987136 0.481949 0.025728 0.077617
