2 0.461408 0.561823 0.035884 0.080325
2 0.416046 0.560018 0.035884 0.080325
2 0.359851 0.560018 0.035884 0.080325
2 0.275897 0.566336 0.035884 0.080325
2 0.087678 0.576264 0.035884 0.080325
2 0.022004 0.53926 0.035884 0.080325
2 0.066689 0.529783 0.046716 0.081227
2 0.114083 0.530686 0.046716 0.081227
2 0.159445 0.527076 0.046716 0.081227
2 0.199391 0.523466 0.046716 0.081227
2 0.246784 0.518953 0.046716 0.081227
2 0.288084 0.518051 0.046716 0.081227
2 0.3348 0.516245 0.046716 0.081227
2 0.377454 0.520758 0.046716 0.081227
2 0.429587 0.50361 0.046716 0.081227
2 0.469533 0.509928 0.046716 0.081227
2 0.607651 0.537906 0.046716 0.081227
2 0.609005 0.656137 0.046716 0.081227
2 0.610359 0.49639 0.046716 0.081227
2 0.611036 0.430505 0.046716 0.081227
2 0.609682 0.381769 0.046716 0.081227
2 0.483751 0.438628 0.039946 0.068592
2 0.441774 0.435018 0.039946 0.068592
2 0.404536 0.433213 0.039946 0.068592
2 0.363236 0.436823 0.039946 0.068592
2 0.319905 0.439531 0.039946 0.068592
2 0.281991 0.440433 0.039946 0.068592
2 0.244076 0.447653 0.039946 0.068592
2 0.200068 0.450361 0.039946 0.068592
2 0.120853 0.453971 0.039946 0.068592
2 0.079553 0.460289 0.039946 0.068592
2 0.044347 0.454874 0.039946 0.068592
2 0.022004 0.426895 0.039946 0.068592
2 0.058565 0.42148 0.039946 0.068592
2 0.097156 0.420578 0.039946 0.068592
2 0.135071 0.413357 0.039946 0.068592
2 0.177725 0.409747 0.039946 0.068592
2 0.214286 0.407942 0.039946 0.068592
2 0.250846 0.406137 0.039946 0.068592
2 0.287407 0.404332 0.039946 0.068592
2 0.32803 0.402527 0.039946 0.068592
2 0.370007 0.400722 0.039946 0.068592
2 0.406567 0.398917 0.039946 0.068592
2 0.477657 0.395307 0.039946 0.068592
2 0.420785 0.336643 0.039946 0.068592
2 0.379147 0.331227 0.035206 0.061372
2 0.351388 0.33213 0.035206 0.061372
2 0.312119 0.333032 0.035206 0.061372
2 0.274882 0.340253 0.035206 0.061372
2 0.238321 0.343863 0.035206 0.061372
2 0.203791 0.342058 0.035206 0.061372
2 0.163846 0.343863 0.035206 0.061372
2 0.134056 0.344765 0.035206 0.061372
2 0.098172 0.348375 0.035206 0.061372
2 0.062288 0.349278 0.035206 0.061372
2 0.026405 0.353791 0.035206 0.061372
2 0.025051 0.351986 0.035206 0.061372
2 0.350216 1 0.096204 0.126018
2 0.254207 1 0.100769 0.133278
2 0.53152 1 0.107015 0.131226
2 0.439604 1 0.096881 0.140567
2 0.152336 1 0.106624 0.133774
2 0.63269 1 0.09682 0.130203
2 0.339897 1 0.092875 0.139465
2 0.590155 1 0.07502 0.13499
2 0.301449 0.847634 0.081747 0.111555
2 0.259481 1 0.094062 0.132791
2 0.08458 1 0.093269 0.136796
2 0.738281 1 0.090833 0.125414
2 0.429285 1 0.090778 0.146819
