2 0.980027 0.934116 0.039946 0.075812
2 0.941435 0.920126 0.052133 0.08213
2 0.89912 0.913357 0.054164 0.066787
2 0.794516 0.90343 0.054841 0.057762
2 0.757278 0.888989 0.054841 0.057762
2 0.711239 0.879061 0.054841 0.057762
2 0.679418 0.874549 0.054841 0.057762
2 0.63541 0.863718 0.054841 0.057762
2 0.592079 0.858303 0.054841 0.057762
2 0.969194 0.811372 0.054841 0.057762
2 0.92654 0.804152 0.054841 0.057762
2 0.882532 0.799639 0.054841 0.057762
2 0.839201 0.793321 0.054841 0.057762
2 0.799255 0.790614 0.054841 0.057762
2 0.756601 0.781137 0.053487 0.06769
2 0.718009 0.779332 0.053487 0.06769
2 0.686865 0.772112 0.053487 0.06769
2 0.646919 0.767599 0.053487 0.06769
2 0.619838 0.763989 0.053487 0.06769
2 0.587339 0.756769 0.053487 0.06769
2 0.560257 0.752256 0.053487 0.06769
2 0.527759 0.744134 0.053487 0.06769
2 0.492891 0.747292 0.044685 0.057762
2 0.467163 0.741877 0.044685 0.057762
2 0.444821 0.732852 0.044685 0.057762
2 0.413338 0.733755 0.038592 0.054152
2 0.386933 0.730144 0.038592 0.054152
2 0.363913 0.728339 0.038592 0.054152
2 0.341571 0.722924 0.038592 0.054152
2 0.31652 0.721119 0.038592 0.054152
2 0.315166 0.719314 0.038592 0.054152
2 0.986121 0.766697 0.027759 0.062274
2 0.950914 0.761282 0.038592 0.044224
2 0.908937 0.759477 0.038592 0.044224
2 0.865606 0.750451 0.038592 0.044224
2 0.823629 0.745939 0.04807 0.053249
2 0.791808 0.738718 0.04807 0.053249
2 0.757278 0.736011 0.04807 0.053249
2 0.725457 0.728791 0.04807 0.053249
2 0.689573 0.726986 0.04807 0.053249
2 0.650982 0.72157 0.04807 0.053249
2 0.621192 0.717058 0.04807 0.053249
2 0.592079 0.71435 0.04807 0.053249
2 0.562965 0.70713 0.04807 0.053249
2 0.536561 0.70352 0.04807 0.053249
2 0.508802 0.701715 0.04807 0.053249
2 0.483751 0.701715 0.04807 0.053249
2 0.460731 0.69991 0.04807 0.053249
2 0.430264 0.695397 0.04807 0.053249
2 0.401828 0.690884 0.04807 0.053249
2 0.384225 0.689079 0.04807 0.053249
2 0.357143 0.684567 0.04807 0.053249
2 0.355789 0.682762 0.04807 0.053249
2 0.973934 0.691787 0.037238 0.055054
2 0.933311 0.685921 0.04807 0.054152
2 0.896073 0.679603 0.04807 0.054152
2 0.858158 0.679603 0.04807 0.054152
2 0.856804 0.677798 0.04807 0.054152
2 0.825999 0.67509 0.043331 0.048736
2 0.790115 0.67148 0.043331 0.048736
2 0.788761 0.669675 0.043331 0.048736
2 0.758294 0.670578 0.043331 0.048736
2 0.725796 0.666968 0.043331 0.048736
2 0.696005 0.662455 0.043331 0.048736
2 0.666892 0.661552 0.043331 0.048736
2 0.665538 0.659747 0.043331 0.048736
2 0.641165 0.659747 0.043331 0.048736
2 0.613406 0.657942 0.043331 0.048736
2 0.585647 0.655235 0.043331 0.048736
2 0.555856 0.650722 0.043331 0.048736
2 0.535545 0.648014 0.043331 0.048736
2 0.508463 0.646209 0.043331 0.048736
2 0.485443 0.647112 0.043331 0.048736
2 0.460393 0.645307 0.043331 0.048736
2 0.433988 0.639892 0.043331 0.048736
2 0.965471 0.652527 0.043331 0.048736
2 0.930264 0.650722 0.043331 0.048736
2 0.897089 0.642599 0.043331 0.048736
2 0.85782 0.638989 0.043331 0.048736
2 0.824645 0.637184 0.043331 0.048736
2 0.791469 0.633574 0.043331 0.048736
2 0.764049 0.62861 0.042654 0.038809
2 0.730535 0.628159 0.043331 0.048736
2 0.70413 0.626354 0.043331 0.048736
2 0.672309 0.627256 0.043331 0.048736
2 0.618822 0.622744 0.043331 0.048736
2 0.586324 0.619134 0.043331 0.048736
2 0.568043 0.617329 0.043331 0.048736
2 0.538253 0.615523 0.043331 0.048736
2 0.494245 0.613718 0.043331 0.048736
2 0.470548 0.611913 0.043331 0.048736
2 0.974272 0.584838 0.043331 0.048736
2 0.945159 0.57491 0.043331 0.048736
2 0.90826 0.578971 0.050779 0.049639
2 0.874408 0.583032 0.031821 0.039711
2 0.841232 0.577617 0.034529 0.046931
2 0.812119 0.575812 0.034529 0.046931
2 0.785714 0.5713 0.034529 0.046931
2 0.751185 0.569495 0.034529 0.046931
2 0.729519 0.566787 0.034529 0.046931
2 0.699729 0.56769 0.034529 0.046931
2 0.672647 0.565884 0.034529 0.046931
2 0.648951 0.569495 0.034529 0.046931
2 0.624577 0.564079 0.034529 0.046931
2 0.604942 0.562274 0.034529 0.046931
2 0.574475 0.562274 0.034529 0.046931
