2 0.114621 0.82566 0.119134 0.06432
2 0.16787 0.809411 0.119134 0.06432
2 0.256318 0.810765 0.119134 0.06432
2 0.319495 0.798578 0.119134 0.06432
2 0.519462 1 0.172508 0.176204
2 0.628245 1 0.158816 0.173522
2 0.844001 1 0.179497 0.151088
2 1 1 0.183884 0.141231
2 0.273663 1 0.176474 0.173471
2 0.923239 1 0.168409 0.157343
2 0.88189 1 0.162926 0.101917
2 0.167173 1 0.172918 0.154939
2 0.570541 1 0.152767 0.134091
2 0.463649 1 0.163632 0.111821
2 0.063955 1 0.127395 0.172111
2 1 1 0.169683 0.163491
2 0.488447 1 0.165037 0.040046
2 0.708649 1 0.174653 0.182525
2 0.069281 1 0.136751 0.132613
2 0.234772 1 0.191258 0.123814
2 1 1 0.131995 0.111083
