2 0.965809 0.733303 0.050779 0.06769
2 0.917739 0.726986 0.050779 0.06769
2 0.873053 0.722473 0.050779 0.06769
2 0.840555 0.720668 0.050779 0.06769
2 0.801286 0.712545 0.050779 0.06769
2 0.766757 0.71074 0.050779 0.06769
2 0.725457 0.699007 0.050779 0.06769
2 0.697021 0.705325 0.050779 0.06769
2 0.662492 0.704422 0.050779 0.06769
2 0.632024 0.694495 0.050779 0.06769
2 0.576506 0.694495 0.050779 0.06769
2 0.536561 0.689982 0.050779 0.06769
2 0.512864 0.689079 0.050779 0.06769
2 0.478334 0.686372 0.050779 0.06769
2 0.957346 0.678249 0.048747 0.060469
2 0.918754 0.676444 0.048747 0.060469
2 0.879485 0.673736 0.048747 0.060469
2 0.842248 0.674639 0.048747 0.060469
2 0.802979 0.663809 0.048747 0.060469
2 0.773189 0.662906 0.048747 0.060469
2 0.729858 0.660199 0.048747 0.060469
2 0.702776 0.658394 0.048747 0.060469
2 0.669601 0.656588 0.048747 0.060469
2 0.638456 0.654783 0.048747 0.060469
2 0.612051 0.653881 0.048747 0.060469
2 0.587001 0.651173 0.048747 0.060469
2 0.558565 0.649368 0.048747 0.060469
2 0.524712 0.647563 0.048747 0.060469
2 0.975626 0.612365 0.048747 0.060469
2 0.941774 0.612365 0.048747 0.060469
2 0.907921 0.606949 0.048747 0.060469
2 0.871361 0.603339 0.048747 0.060469
2 0.835477 0.601534 0.048747 0.060469
2 0.801625 0.599729 0.048747 0.060469
2 0.772512 0.598827 0.048747 0.060469
2 0.742722 0.600632 0.048747 0.060469
2 0.714963 0.598827 0.048747 0.060469
2 0.679756 0.597022 0.048747 0.060469
2 0.650643 0.597924 0.048747 0.060469
2 0.626269 0.597924 0.048747 0.060469
2 0.600542 0.594314 0.048747 0.060469
2 0.972241 0.565433 0.040623 0.053249
2 0.939066 0.569043 0.040623 0.053249
2 0.899797 0.569946 0.040623 0.053249
2 0.866622 0.569043 0.040623 0.053249
2 0.836154 0.566336 0.040623 0.053249
2 0.807718 0.564531 0.040623 0.053249
2 0.76371 0.563628 0.040623 0.053249
2 0.740014 0.561823 0.040623 0.053249
2 0.708192 0.562726 0.040623 0.053249
2 0.689235 0.560921 0.040623 0.053249
2 0.658091 0.561823 0.040623 0.053249
2 0.628301 0.559116 0.040623 0.053249
2 0.97935 0.504061 0.0413 0.053249
2 0.946175 0.504964 0.0413 0.053249
2 0.919093 0.500451 0.0413 0.053249
2 0.887271 0.504061 0.0413 0.053249
2 0.856804 0.505866 0.0413 0.053249
2 0.827014 0.506769 0.0413 0.053249
2 0.797901 0.503159 0.0413 0.053249
2 0.77285 0.500451 0.0413 0.053249
2 0.74306 0.499549 0.0413 0.053249
2 0.598172 0.505866 0.0413 0.053249
2 0.580569 0.509477 0.039946 0.042419
2 0.554164 0.508574 0.039946 0.042419
2 0.532498 0.509477 0.039946 0.042419
2 0.50677 0.517599 0.033175 0.035199
2 0.489844 0.515794 0.033175 0.035199
2 0.469533 0.514892 0.033175 0.035199
2 0.44719 0.516697 0.033175 0.035199
2 0.430941 0.517599 0.033175 0.035199
2 0.412661 0.516697 0.033175 0.035199
2 0.388287 0.525722 0.033175 0.035199
2 0.536561 0.565433 0.033175 0.035199
2 0.506093 0.587996 0.033175 0.035199
2 0.479012 0.590704 0.033175 0.035199
2 0.435342 0.647563 0.041977 0.042419
2 0.458362 0.585289 0.041977 0.042419
2 0.429926 0.586191 0.041977 0.042419
2 0.410291 0.589801 0.041977 0.042419
2 0.486121 0.561823 0.041977 0.042419
2 0.463101 0.55731 0.041977 0.042419
2 0.444821 0.556408 0.041977 0.042419
2 0.420447 0.558213 0.041977 0.042419
2 0.368314 0.585289 0.041977 0.042419
2 0.329722 0.584386 0.041977 0.042419
2 0.305349 0.587996 0.041977 0.042419
2 0.263372 0.588899 0.041977 0.042419
2 0.279621 0.563628 0.041977 0.042419
2 0.255924 0.564079 0.032498 0.032491
2 0.229519 0.586643 0.032498 0.032491
2 0.211916 0.590253 0.032498 0.032491
2 0.193636 0.59296 0.032498 0.032491
2 0.17197 0.592058 0.032498 0.032491
2 0.157075 0.595668 0.032498 0.032491
2 0.134056 0.59657 0.032498 0.032491
2 0.119838 0.59657 0.032498 0.032491
2 0.103588 0.594765 0.032498 0.032491
2 0.39675 0.638087 0.032498 0.032491
2 0.395396 0.636282 0.032498 0.032491
2 0.099023 1 0.057694 0.044178
2 1 1 0.107048 0.12102
2 0.104789 1 0.063774 0.069215
2 1 1 0.080054 0.1018
2 1 1 0.112808 0.121106
