2 0.015234 0.313177 0.027759 0.055957
2 0.049763 0.302347 0.027759 0.055957
2 0.094448 0.296029 0.027759 0.055957
2 0.128978 0.296931 0.027759 0.055957
2 0.161476 0.287004 0.027759 0.055957
2 0.200068 0.280686 0.027759 0.055957
2 0.241029 0.281137 0.035206 0.064079
2 0.275559 0.277527 0.035206 0.064079
2 0.530129 0.246841 0.035206 0.064079
2 0.560596 0.244134 0.035206 0.064079
2 0.624238 0.236913 0.035206 0.064079
2 0.647258 0.230596 0.035206 0.064079
2 0.686527 0.227888 0.035206 0.064079
2 0.708869 0.226083 0.035206 0.064079
2 0.744076 0.22157 0.035206 0.064079
2 0.765741 0.219765 0.035206 0.064079
2 0.802302 0.211643 0.035206 0.064079
2 0.834123 0.246841 0.035206 0.064079
2 0.812458 0.262635 0.039269 0.045126
2 0.777928 0.269856 0.039269 0.045126
2 0.750846 0.270758 0.039269 0.045126
2 0.716994 0.277076 0.039269 0.045126
2 0.680433 0.278881 0.039269 0.045126
2 0.654028 0.277978 0.039269 0.045126
2 0.61476 0.286101 0.039269 0.045126
2 0.586324 0.287004 0.039269 0.045126
2 0.552471 0.298736 0.039269 0.045126
2 0.512525 0.305957 0.039269 0.045126
2 0.399458 0.32491 0.039269 0.045126
2 0.356804 0.340253 0.039269 0.045126
2 0.321598 0.338448 0.039269 0.045126
2 0.282329 0.34657 0.039269 0.045126
2 0.251862 0.348375 0.039269 0.045126
2 0.204469 0.352888 0.039269 0.045126
2 0.161137 0.355596 0.039269 0.045126
2 0.125931 0.361913 0.039269 0.045126
2 0.081246 0.366426 0.039269 0.045126
2 0.037915 0.370036 0.039269 0.045126
2 0.046039 0.420578 0.040623 0.072202
2 0.088016 0.418773 0.040623 0.072202
2 0.134056 0.411552 0.040623 0.072202
2 0.178741 0.398014 0.040623 0.072202
2 0.214624 0.396209 0.040623 0.072202
2 0.257278 0.383574 0.040623 0.072202
2 0.30264 0.377256 0.040623 0.072202
2 0.339201 0.375451 0.040623 0.072202
2 0.380501 0.370036 0.040623 0.072202
2 0.416385 0.365523 0.040623 0.072202
2 0.534868 0.347473 0.040623 0.072202
2 0.572783 0.340253 0.040623 0.072202
2 0.607989 0.33574 0.040623 0.072202
2 0.63981 0.32491 0.040623 0.072202
2 0.679079 0.320397 0.040623 0.072202
2 0.720379 0.318592 0.040623 0.072202
2 0.742045 0.315884 0.040623 0.072202
2 0.778605 0.312274 0.040623 0.072202
2 0.808395 0.302347 0.040623 0.072202
2 0.838186 0.296029 0.040623 0.072202
2 0.8761 0.287906 0.040623 0.072202
2 0.902505 0.282491 0.040623 0.072202
2 0.95193 0.33574 0.040623 0.072202
2 0.909276 0.342058 0.040623 0.072202
2 0.879485 0.344765 0.040623 0.072202
2 0.850372 0.360108 0.040623 0.072202
2 0.815166 0.361011 0.040623 0.072202
2 0.781991 0.361913 0.040623 0.072202
2 0.744753 0.366426 0.040623 0.072202
2 0.711578 0.378159 0.040623 0.072202
2 0.677725 0.379061 0.040623 0.072202
2 0.633717 0.396209 0.040623 0.072202
2 0.582938 0.395307 0.040623 0.072202
2 0.462424 0.415162 0.040623 0.072202
2 0.425186 0.431408 0.040623 0.072202
2 0.381855 0.435018 0.040623 0.072202
2 0.339878 0.448556 0.040623 0.072202
2 0.291131 0.453069 0.040623 0.072202
2 0.249154 0.462996 0.040623 0.072202
2 0.203114 0.470217 0.040623 0.072202
2 0.157075 0.480144 0.040623 0.072202
2 0.109005 0.487365 0.040623 0.072202
2 0.060934 0.491877 0.040623 0.072202
2 0.107651 0.527076 0.040623 0.072202
2 0.163169 0.527978 0.040623 0.072202
2 0.303995 0.511733 0.040623 0.072202
2 0.352742 0.5 0.040623 0.072202
2 0.394042 0.48917 0.040623 0.072202
2 0.47935 0.472924 0.040623 0.072202
2 0.616114 0.445848 0.040623 0.072202
2 0.73392 0.429603 0.040623 0.072202
2 0.775897 0.42509 0.040623 0.072202
2 0.814489 0.415162 0.040623 0.072202
2 0.851049 0.40704 0.040623 0.072202
2 0.891672 0.398917 0.040623 0.072202
2 0.923494 0.387184 0.040623 0.072202
2 0.957346 0.383574 0.040623 0.072202
2 0.953284 0.461191 0.040623 0.072202
2 0.908599 0.481949 0.040623 0.072202
2 0.860528 0.499097 0.040623 0.072202
2 0.773189 0.519856 0.040623 0.072202
2 0.73392 0.519856 0.040623 0.072202
2 0.139472 0.656137 0.040623 0.072202
2 0.08937 0.666968 0.040623 0.072202
2 0.029113 0.681408 0.040623 0.072202
2 0.027759 0.679603 0.040623 0.072202
2 0.557784 1 0.08646 0.127119
2 0.463336 1 0.091915 0.140772
2 0.751883 1 0.101455 0.127543
2 0.358392 1 0.104148 0.135458
2 0.844137 1 0.111267 0.127856
2 0.644717 1 0.091569 0.149587
2 1 0.99135 0.116239 0.123098
2 0.921928 1 0.099665 0.117619
2 1 0.808601 0.095449 0.121968
2 1 0.947524 0.116807 0.126476
2 0.485738 0.948811 0.086396 0.141221
2 0.822929 0.885733 0.084908 0.132682
2 1 0.812909 0.100397 0.130501
2 0.397622 0.972907 0.077128 0.136473
2 0.11745 0.997531 0.07194 0.13092
2 0.026207 1 0.052038 0.133778
