2 0.461747 0.674188 0.063643 0.106498
2 0.518619 0.659747 0.063643 0.106498
2 0.587678 0.666065 0.063643 0.106498
2 0.650643 0.665162 0.063643 0.106498
2 0.899797 0.656137 0.063643 0.106498
2 0.957346 0.666968 0.063643 0.106498
2 0.80501 0.312274 0.041977 0.081227
2 0.771835 0.302347 0.041977 0.081227
2 0.740014 0.300542 0.041977 0.081227
2 0.698037 0.300542 0.041977 0.081227
2 0.655383 0.301444 0.041977 0.081227
2 0.618145 0.302347 0.041977 0.081227
2 0.551794 0.300542 0.041977 0.081227
2 0.467163 0.297834 0.041977 0.081227
2 0.617468 0.382671 0.044685 0.059567
2 0.658091 0.379061 0.044685 0.059567
2 0.656737 0.377256 0.044685 0.059567
2 0.599675 1 0.12871 0.222972
2 0.498728 1 0.104352 0.157223
2 0.639016 1 0.110671 0.194245
2 1 1 0.120643 0.175336
2 0.993944 0.708948 0.064579 0.089531
2 1 0.707989 0.066138 0.097302
2 1 0.717197 0.080084 0.091773
2 0.927443 0.713196 0.067042 0.094109
2 1 0.711967 0.088455 0.094894
2 1 0.708744 0.079921 0.088685
2 1 1 0.120501 0.181083
2 0.949058 0.579117 0.060896 0.086224
2 1 0.579002 0.067838 0.097826
2 1 0.582523 0.065346 0.076417
