2 0.411984 0.640794 0.031821 0.052347
2 0.509817 0.625 0.032498 0.053249
2 0.538253 0.622292 0.032498 0.053249
2 0.572783 0.622292 0.032498 0.053249
2 0.607312 0.618682 0.032498 0.053249
2 0.641842 0.615072 0.032498 0.053249
2 0.798917 0.606949 0.032498 0.053249
2 0.829384 0.602437 0.032498 0.053249
2 0.866622 0.600632 0.032498 0.053249
2 0.897766 0.597924 0.032498 0.053249
2 0.927556 0.597022 0.032498 0.053249
2 0.957346 0.597022 0.032498 0.053249
2 0.696005 0.552798 0.032498 0.053249
2 0.721056 0.550993 0.032498 0.053249
2 0.77522 0.547383 0.032498 0.053249
2 0.798917 0.55009 0.032498 0.053249
2 0.828707 0.548285 0.032498 0.053249
2 0.860528 0.54648 0.032498 0.053249
2 0.886933 0.545578 0.032498 0.053249
2 0.909276 0.545578 0.032498 0.053249
2 0.983751 0.54287 0.032498 0.053249
2 0.982397 0.541065 0.032498 0.053249
2 1 1 0.140949 0.106974
2 1 1 0.126022 0.145269
2 1 1 0.069466 0.08712
2 0.332735 0.892376 0.081192 0.068295
2 1 1 0.136295 0.073287
