2 0.436357 0.406137 0.035884 0.045126
2 0.473934 0.402076 0.036561 0.037004
2 0.50677 0.395758 0.033175 0.037004
2 0.494245 0.373646 0.033852 0.036101
2 0.397427 0.394856 0.039269 0.042419
2 0.333446 0.365975 0.029113 0.040614
2 0.36696 0.360108 0.025728 0.034296
2 0.397766 0.359206 0.026405 0.036101
2 0.424848 0.356047 0.027759 0.042419
2 0.452945 0.352888 0.027082 0.036101
2 0.573798 0.347924 0.061611 0.035199
2 0.589032 0.357401 0.039269 0.028881
2 0.609682 0.369134 0.044008 0.032491
2 1 1 0.283899 0.33237
2 1 1 0.25065 0.26804
2 1 1 0.277834 0.363417
2 1 1 0.17243 0.162141
2 0.257463 0.880383 0.102543 0.084496
2 0.384696 0.892383 0.087992 0.0824
2 1 1 0.125834 0.125983
2 0.572429 0.962522 0.143195 0.112019
2 1 1 0.159752 0.207175
2 0.030964 0.865872 0.06134 0.081327
2 0.460162 0.853834 0.099758 0.098064
2 1 1 0.166186 0.140069
2 1 0.912741 0.132797 0.113602
2 0.134655 0.809465 0.101719 0.080922
2 1 0.944043 0.143041 0.138477
2 1 1 0.182787 0.201064
2 1 0.992599 0.102558 0.105499
2 0.317046 0.847761 0.086155 0.099387
2 0.510809 0.829628 0.09675 0.096201
2 0.731085 1 0.198628 0.163723
2 0.580337 0.810546 0.095776 0.090429
2 0.716964 0.895732 0.109229 0.06653
2 0.418357 0.72803 0.080015 0.06485
2 1 0.708836 0.101011 0.080336
2 0.644097 0.791419 0.08852 0.082169
2 0.24115 0.777913 0.080786 0.071957
2 0.305521 0.756132 0.08287 0.084917
2 0.661665 1 0.121686 0.044041
