2 0.540614 0.58937 0.088448 0.0413
2 0.58935 0.579215 0.088448 0.0413
2 0.628159 0.569059 0.088448 0.0413
2 0.850181 0.532498 0.088448 0.0413
2 0.905235 0.516926 0.102888 0.039946
2 0.948556 0.502708 0.102888 0.039946
2 0.96796 0.451253 0.064079 0.038592
2 0.851083 0.471903 0.090253 0.037915
2 0.879964 0.458362 0.090253 0.037915
2 0.901625 0.459716 0.090253 0.037915
2 0.946751 0.458362 0.090253 0.037915
2 0.354693 0.549763 0.090253 0.037915
2 0.352888 0.548409 0.090253 0.037915
2 0.601488 1 0.132144 0.075764
2 0.344529 1 0.156157 0.081118
2 0.373301 1 0.164074 0.115226
2 1 1 0.132368 0.074587
2 0.435978 1 0.165139 0.109818
2 0.433539 1 0.157497 0.091724
2 0.992544 1 0.151914 0.104339
2 0.674493 1 0.137405 0.081932
2 0.934241 1 0.137182 0.086677
2 1 1 0.104768 0.060558
2 0.255457 1 0.131243 0.066356
2 0.297676 1 0.141199 0.120001
2 0.532441 1 0.113495 0.067245
2 0.198531 1 0.175411 0.138847
2 0.655571 1 0.135447 0.105733
2 0.571463 1 0.145289 0.12549
2 0.826977 1 0.150001 0.119448
2 0.765051 1 0.122009 0.101617
2 0.69631 1 0.140858 0.100517
2 1 1 0.151341 0.107273
2 1 1 0.186896 0.08819
