2 0.049425 0.75361 0.054164 0.083032
2 0.107651 0.750903 0.060934 0.077617
2 0.161814 0.75361 0.055518 0.074007
2 0.207177 0.751805 0.055518 0.074007
2 0.257278 0.755415 0.055518 0.074007
2 0.368314 0.756318 0.055518 0.074007
2 0.466486 0.755415 0.055518 0.074007
2 0.578876 0.770758 0.055518 0.074007
2 0.633717 0.765343 0.055518 0.074007
2 0.680433 0.652527 0.055518 0.074007
2 0.641165 0.651625 0.055518 0.074007
2 0.584292 0.652527 0.055518 0.074007
2 0.534868 0.652527 0.055518 0.074007
2 0.494245 0.645307 0.055518 0.074007
2 0.450237 0.646209 0.055518 0.074007
2 0.39675 0.644404 0.055518 0.074007
2 0.352742 0.642599 0.055518 0.074007
2 0.297901 0.634477 0.055518 0.074007
2 0.2065 0.632671 0.055518 0.074007
2 0.161814 0.630866 0.055518 0.074007
2 0.044685 0.584838 0.055518 0.074007
2 0.092079 0.581227 0.055518 0.074007
2 0.137441 0.579422 0.055518 0.074007
2 0.180772 0.583032 0.055518 0.074007
2 0.224103 0.581227 0.055518 0.074007
2 0.270142 0.58213 0.055518 0.074007
2 0.316858 0.594765 0.055518 0.074007
2 0.36933 0.594314 0.050779 0.058664
2 0.41063 0.591606 0.050779 0.058664
2 0.45193 0.589801 0.050779 0.058664
2 0.502708 0.591606 0.050779 0.058664
2 0.542654 0.59657 0.046716 0.059567
2 0.588016 0.600181 0.046716 0.059567
2 0.636764 0.59657 0.046716 0.059567
2 0.684157 0.597473 0.046716 0.059567
2 0.821598 0.598375 0.046716 0.059567
2 0.835477 0.654332 0.05281 0.090253
2 0.871361 0.615072 0.040623 0.0713
2 0.921462 0.612365 0.040623 0.0713
2 0.963439 0.615975 0.040623 0.0713
2 0.977657 0.53565 0.040623 0.0713
2 0.961408 0.499549 0.040623 0.0713
2 0.926879 0.491426 0.040623 0.0713
2 0.937035 0.534747 0.040623 0.0713
2 0.897089 0.532942 0.040623 0.0713
2 0.88084 0.502256 0.040623 0.0713
2 0.855789 0.534747 0.040623 0.0713
2 0.838186 0.498646 0.040623 0.0713
2 0.792823 0.487816 0.040623 0.0713
2 0.811781 0.532942 0.040623 0.0713
2 0.865944 0.430054 0.040623 0.0713
2 0.902505 0.427347 0.040623 0.0713
2 0.974949 0.428249 0.040623 0.0713
2 0.678402 0.529332 0.040623 0.064079
2 0.639133 0.527527 0.040623 0.064079
2 0.594448 0.524819 0.040623 0.064079
2 0.554502 0.522112 0.040623 0.064079
2 0.50914 0.513087 0.040623 0.064079
2 0.470548 0.516697 0.040623 0.064079
2 0.433311 0.516697 0.040623 0.064079
2 0.38998 0.516697 0.040623 0.064079
2 0.352065 0.521209 0.040623 0.064079
2 0.303995 0.513087 0.040623 0.064079
2 0.280975 0.476986 0.040623 0.064079
2 0.226134 0.509477 0.040623 0.064079
2 0.186188 0.510379 0.040623 0.064079
2 0.144888 0.505866 0.040623 0.064079
2 0.102911 0.503159 0.040623 0.064079
2 0.060596 0.506318 0.046716 0.064982
2 0.023697 0.50361 0.046039 0.064982
2 0.045701 0.465253 0.042654 0.055054
2 0.086662 0.458032 0.043331 0.055054
2 0.129316 0.466155 0.043331 0.055054
2 0.169262 0.46796 0.043331 0.055054
2 0.209546 0.468863 0.042654 0.055054
2 0.243399 0.473375 0.042654 0.055054
2 0.242045 0.47157 0.042654 0.055054
2 0.316858 0.474278 0.040623 0.064079
2 0.315504 0.472473 0.040623 0.064079
2 0.358158 0.476083 0.040623 0.064079
2 0.398781 0.474278 0.040623 0.064079
2 0.435342 0.473375 0.040623 0.064079
2 0.47258 0.480596 0.040623 0.064079
2 0.519973 0.475181 0.040623 0.064079
2 0.554502 0.485108 0.040623 0.064079
2 0.589709 0.483303 0.040623 0.064079
2 0.670278 0.485108 0.040623 0.064079
2 0.594448 0.424639 0.040623 0.064079
2 0.556534 0.415614 0.040623 0.064079
2 0.517265 0.408394 0.040623 0.064079
2 0.482058 0.410199 0.040623 0.064079
2 0.448883 0.408394 0.040623 0.064079
2 0.412999 0.413809 0.040623 0.064079
2 0.375762 0.416516 0.040623 0.064079
2 0.335816 0.410199 0.040623 0.064079
2 0.30264 0.406588 0.040623 0.064079
2 0.262695 0.404783 0.040623 0.064079
2 0.229519 0.403881 0.040623 0.064079
2 0.194313 0.402076 0.040623 0.064079
2 0.156398 0.402076 0.040623 0.064079
2 0.121869 0.393953 0.040623 0.064079
2 0.087339 0.396661 0.043331 0.064079
2 0.046039 0.394856 0.043331 0.064079
2 0.021666 0.393051 0.041977 0.064079
2 0.022681 0.394856 0.042654 0.064079
2 1 1 0.092177 0.149737
2 1 1 0.089977 0.144929
2 0.207033 1 0.093663 0.126636
2 1 0.811338 0.052559 0.062201
2 1 1 0.105508 0.140718
2 0.475141 1 0.08397 0.135407
2 0.579948 1 0.091123 0.133236
2 1 1 0.085166 0.14902
2 0.968881 1 0.095886 0.127674
2 0.122599 1 0.090073 0.128488
2 0.780062 1 0.080519 0.128643
2 1 1 0.071087 0.132184
2 0.432482 0.211537 0.038272 0.049142
2 0.04184 1 0.083515 0.132161
