2 1.323682 1.362760 0.093393 0.144038
2 0.426919 1.434194 0.084827 0.140992
2 1.455032 1.159326 0.092857 0.139444
2 0.317356 1.452845 0.093739 0.141604
2 0.277564 1.223721 0.075968 0.147101
2 0.196156 1.226336 0.085446 0.138270
2 1.378672 1.156709 0.085568 0.145066
2 0.528204 1.429168 0.079230 0.130154
2 1.034229 0.779327 0.048321 0.060930
2 1.517377 1.358019 0.105444 0.134461
2 0.097277 0.254422 0.035899 0.056210
2 0.102082 1.236502 0.088689 0.128331
2 0.316664 1.151190 0.076544 0.112498
2 1.540398 1.143977 0.085571 0.128750
2 1.333395 1.085367 0.081796 0.105340
2 1.277345 1.152943 0.094754 0.172134
2 1.601018 1.350129 0.075306 0.144976
