2 0.599675 1.733925 0.128710 0.222972
2 0.498728 1.318795 0.104352 0.157223
2 0.639016 1.301878 0.110671 0.194245
2 1.308283 1.222991 0.120643 0.175336
2 0.993944 0.708948 0.064579 0.089531
2 1.064200 0.707989 0.066138 0.097302
2 1.451200 0.717197 0.080084 0.091773
2 0.927443 0.713196 0.067042 0.094109
2 1.289678 0.711967 0.088455 0.094894
2 1.376288 0.708744 0.079921 0.088685
2 1.541044 1.226241 0.120501 0.181083
2 0.949058 0.579117 0.060896 0.086224
2 1.628627 0.579002 0.067838 0.097826
2 1.564479 0.582523 0.065346 0.076417
