2 0.836020 1.254279 0.036232 0.053602
2 0.725150 1.254463 0.036763 0.053325
2 0.221938 1.112877 0.050884 0.057419
2 0.794914 1.254391 0.040770 0.048635
2 0.559069 1.243525 0.032327 0.050954
2 0.262623 1.225297 0.049504 0.057260
2 0.516799 1.234423 0.038407 0.061780
2 0.143175 1.104128 0.050407 0.053702
2 0.276528 0.902584 0.055303 0.035765
2 0.219654 1.223693 0.055127 0.054888
2 1.027170 1.259825 0.032401 0.052733
2 0.077368 1.216110 0.069368 0.064495
2 0.104889 1.100094 0.050332 0.054802
2 1.353539 1.284692 0.042091 0.048990
2 0.373562 1.126876 0.034921 0.044105
2 0.263453 1.112828 0.043640 0.061293
2 0.522904 1.143948 0.035512 0.032285
2 1.322167 1.283504 0.043947 0.053110
2 1.421238 1.287217 0.048402 0.056983
2 0.759258 1.251833 0.033710 0.056382
2 0.430569 1.235240 0.044689 0.067674
2 0.164649 1.222842 0.038166 0.054527
